forecast_date,target,target_end_date,location,type,quantile,value
2022-02-07,1 wk ahead inc flu hosp,2022-02-12,53,quantile,0.01,0
2022-02-07,1 wk ahead inc flu hosp,2022-02-12,17,quantile,0.01,0
2022-02-07,1 wk ahead inc flu hosp,2022-02-12,06,quantile,0.01,0
2022-02-07,1 wk ahead inc flu hosp,2022-02-12,04,quantile,0.01,0
2022-02-07,1 wk ahead inc flu hosp,2022-02-12,25,quantile,0.01,0
2022-02-07,1 wk ahead inc flu hosp,2022-02-12,55,quantile,0.01,0
2022-02-07,1 wk ahead inc flu hosp,2022-02-12,48,quantile,0.01,0
2022-02-07,1 wk ahead inc flu hosp,2022-02-12,31,quantile,0.01,4.1
2022-02-07,1 wk ahead inc flu hosp,2022-02-12,49,quantile,0.01,0
2022-02-07,1 wk ahead inc flu hosp,2022-02-12,41,quantile,0.01,0
2022-02-07,1 wk ahead inc flu hosp,2022-02-12,12,quantile,0.01,0
2022-02-07,1 wk ahead inc flu hosp,2022-02-12,36,quantile,0.01,0
2022-02-07,1 wk ahead inc flu hosp,2022-02-12,44,quantile,0.01,0
2022-02-07,1 wk ahead inc flu hosp,2022-02-12,13,quantile,0.01,0
2022-02-07,1 wk ahead inc flu hosp,2022-02-12,33,quantile,0.01,0
2022-02-07,1 wk ahead inc flu hosp,2022-02-12,37,quantile,0.01,0
2022-02-07,1 wk ahead inc flu hosp,2022-02-12,34,quantile,0.01,0
2022-02-07,1 wk ahead inc flu hosp,2022-02-12,08,quantile,0.01,0
2022-02-07,1 wk ahead inc flu hosp,2022-02-12,24,quantile,0.01,0
2022-02-07,1 wk ahead inc flu hosp,2022-02-12,32,quantile,0.01,0
2022-02-07,1 wk ahead inc flu hosp,2022-02-12,47,quantile,0.01,0
2022-02-07,1 wk ahead inc flu hosp,2022-02-12,15,quantile,0.01,0
2022-02-07,1 wk ahead inc flu hosp,2022-02-12,18,quantile,0.01,0
2022-02-07,1 wk ahead inc flu hosp,2022-02-12,21,quantile,0.01,0
2022-02-07,1 wk ahead inc flu hosp,2022-02-12,27,quantile,0.01,0
2022-02-07,1 wk ahead inc flu hosp,2022-02-12,40,quantile,0.01,3.9
2022-02-07,1 wk ahead inc flu hosp,2022-02-12,42,quantile,0.01,0
2022-02-07,1 wk ahead inc flu hosp,2022-02-12,45,quantile,0.01,0
2022-02-07,1 wk ahead inc flu hosp,2022-02-12,11,quantile,0.01,0
2022-02-07,1 wk ahead inc flu hosp,2022-02-12,20,quantile,0.01,0
2022-02-07,1 wk ahead inc flu hosp,2022-02-12,29,quantile,0.01,0
2022-02-07,1 wk ahead inc flu hosp,2022-02-12,50,quantile,0.01,0
2022-02-07,1 wk ahead inc flu hosp,2022-02-12,51,quantile,0.01,0.4
2022-02-07,1 wk ahead inc flu hosp,2022-02-12,09,quantile,0.01,0
2022-02-07,1 wk ahead inc flu hosp,2022-02-12,19,quantile,0.01,4.2
2022-02-07,1 wk ahead inc flu hosp,2022-02-12,22,quantile,0.01,0
2022-02-07,1 wk ahead inc flu hosp,2022-02-12,39,quantile,0.01,0
2022-02-07,1 wk ahead inc flu hosp,2022-02-12,26,quantile,0.01,0
2022-02-07,1 wk ahead inc flu hosp,2022-02-12,46,quantile,0.01,0.3
2022-02-07,1 wk ahead inc flu hosp,2022-02-12,05,quantile,0.01,0
2022-02-07,1 wk ahead inc flu hosp,2022-02-12,10,quantile,0.01,0
2022-02-07,1 wk ahead inc flu hosp,2022-02-12,28,quantile,0.01,0
2022-02-07,1 wk ahead inc flu hosp,2022-02-12,35,quantile,0.01,0
2022-02-07,1 wk ahead inc flu hosp,2022-02-12,38,quantile,0.01,0.7
2022-02-07,1 wk ahead inc flu hosp,2022-02-12,56,quantile,0.01,0
2022-02-07,1 wk ahead inc flu hosp,2022-02-12,02,quantile,0.01,0
2022-02-07,1 wk ahead inc flu hosp,2022-02-12,23,quantile,0.01,0
2022-02-07,1 wk ahead inc flu hosp,2022-02-12,01,quantile,0.01,0
2022-02-07,1 wk ahead inc flu hosp,2022-02-12,16,quantile,0.01,0
2022-02-07,1 wk ahead inc flu hosp,2022-02-12,30,quantile,0.01,0
2022-02-07,1 wk ahead inc flu hosp,2022-02-12,72,quantile,0.01,0
2022-02-07,1 wk ahead inc flu hosp,2022-02-12,78,quantile,0.01,0
2022-02-07,1 wk ahead inc flu hosp,2022-02-12,54,quantile,0.01,0
2022-02-07,2 wk ahead inc flu hosp,2022-02-19,53,quantile,0.01,0
2022-02-07,2 wk ahead inc flu hosp,2022-02-19,17,quantile,0.01,0
2022-02-07,2 wk ahead inc flu hosp,2022-02-19,06,quantile,0.01,0
2022-02-07,2 wk ahead inc flu hosp,2022-02-19,04,quantile,0.01,0
2022-02-07,2 wk ahead inc flu hosp,2022-02-19,25,quantile,0.01,0
2022-02-07,2 wk ahead inc flu hosp,2022-02-19,55,quantile,0.01,0
2022-02-07,2 wk ahead inc flu hosp,2022-02-19,48,quantile,0.01,0
2022-02-07,2 wk ahead inc flu hosp,2022-02-19,31,quantile,0.01,0.6
2022-02-07,2 wk ahead inc flu hosp,2022-02-19,49,quantile,0.01,0
2022-02-07,2 wk ahead inc flu hosp,2022-02-19,41,quantile,0.01,0
2022-02-07,2 wk ahead inc flu hosp,2022-02-19,12,quantile,0.01,0.6
2022-02-07,2 wk ahead inc flu hosp,2022-02-19,36,quantile,0.01,0
2022-02-07,2 wk ahead inc flu hosp,2022-02-19,44,quantile,0.01,0
2022-02-07,2 wk ahead inc flu hosp,2022-02-19,13,quantile,0.01,0
2022-02-07,2 wk ahead inc flu hosp,2022-02-19,33,quantile,0.01,0
2022-02-07,2 wk ahead inc flu hosp,2022-02-19,37,quantile,0.01,0
2022-02-07,2 wk ahead inc flu hosp,2022-02-19,34,quantile,0.01,0
2022-02-07,2 wk ahead inc flu hosp,2022-02-19,08,quantile,0.01,0
2022-02-07,2 wk ahead inc flu hosp,2022-02-19,24,quantile,0.01,0
2022-02-07,2 wk ahead inc flu hosp,2022-02-19,32,quantile,0.01,0
2022-02-07,2 wk ahead inc flu hosp,2022-02-19,47,quantile,0.01,0
2022-02-07,2 wk ahead inc flu hosp,2022-02-19,15,quantile,0.01,0
2022-02-07,2 wk ahead inc flu hosp,2022-02-19,18,quantile,0.01,0
2022-02-07,2 wk ahead inc flu hosp,2022-02-19,21,quantile,0.01,0
2022-02-07,2 wk ahead inc flu hosp,2022-02-19,27,quantile,0.01,1.1
2022-02-07,2 wk ahead inc flu hosp,2022-02-19,40,quantile,0.01,4.2
2022-02-07,2 wk ahead inc flu hosp,2022-02-19,42,quantile,0.01,0
2022-02-07,2 wk ahead inc flu hosp,2022-02-19,45,quantile,0.01,0
2022-02-07,2 wk ahead inc flu hosp,2022-02-19,11,quantile,0.01,0
2022-02-07,2 wk ahead inc flu hosp,2022-02-19,20,quantile,0.01,0
2022-02-07,2 wk ahead inc flu hosp,2022-02-19,29,quantile,0.01,0
2022-02-07,2 wk ahead inc flu hosp,2022-02-19,50,quantile,0.01,0
2022-02-07,2 wk ahead inc flu hosp,2022-02-19,51,quantile,0.01,0
2022-02-07,2 wk ahead inc flu hosp,2022-02-19,09,quantile,0.01,0
2022-02-07,2 wk ahead inc flu hosp,2022-02-19,19,quantile,0.01,0
2022-02-07,2 wk ahead inc flu hosp,2022-02-19,22,quantile,0.01,0
2022-02-07,2 wk ahead inc flu hosp,2022-02-19,39,quantile,0.01,0
2022-02-07,2 wk ahead inc flu hosp,2022-02-19,26,quantile,0.01,0
2022-02-07,2 wk ahead inc flu hosp,2022-02-19,46,quantile,0.01,0
2022-02-07,2 wk ahead inc flu hosp,2022-02-19,05,quantile,0.01,0
2022-02-07,2 wk ahead inc flu hosp,2022-02-19,10,quantile,0.01,0
2022-02-07,2 wk ahead inc flu hosp,2022-02-19,28,quantile,0.01,0
2022-02-07,2 wk ahead inc flu hosp,2022-02-19,35,quantile,0.01,0
2022-02-07,2 wk ahead inc flu hosp,2022-02-19,38,quantile,0.01,0.6
2022-02-07,2 wk ahead inc flu hosp,2022-02-19,56,quantile,0.01,0
2022-02-07,2 wk ahead inc flu hosp,2022-02-19,02,quantile,0.01,0
2022-02-07,2 wk ahead inc flu hosp,2022-02-19,23,quantile,0.01,0
2022-02-07,2 wk ahead inc flu hosp,2022-02-19,01,quantile,0.01,0
2022-02-07,2 wk ahead inc flu hosp,2022-02-19,16,quantile,0.01,0
2022-02-07,2 wk ahead inc flu hosp,2022-02-19,30,quantile,0.01,0
2022-02-07,2 wk ahead inc flu hosp,2022-02-19,72,quantile,0.01,0
2022-02-07,2 wk ahead inc flu hosp,2022-02-19,78,quantile,0.01,0
2022-02-07,2 wk ahead inc flu hosp,2022-02-19,54,quantile,0.01,0
2022-02-07,3 wk ahead inc flu hosp,2022-02-26,53,quantile,0.01,0
2022-02-07,3 wk ahead inc flu hosp,2022-02-26,17,quantile,0.01,0
2022-02-07,3 wk ahead inc flu hosp,2022-02-26,06,quantile,0.01,0
2022-02-07,3 wk ahead inc flu hosp,2022-02-26,04,quantile,0.01,0
2022-02-07,3 wk ahead inc flu hosp,2022-02-26,25,quantile,0.01,0
2022-02-07,3 wk ahead inc flu hosp,2022-02-26,55,quantile,0.01,0
2022-02-07,3 wk ahead inc flu hosp,2022-02-26,48,quantile,0.01,0
2022-02-07,3 wk ahead inc flu hosp,2022-02-26,31,quantile,0.01,5.3
2022-02-07,3 wk ahead inc flu hosp,2022-02-26,49,quantile,0.01,0
2022-02-07,3 wk ahead inc flu hosp,2022-02-26,41,quantile,0.01,0
2022-02-07,3 wk ahead inc flu hosp,2022-02-26,12,quantile,0.01,0
2022-02-07,3 wk ahead inc flu hosp,2022-02-26,36,quantile,0.01,0
2022-02-07,3 wk ahead inc flu hosp,2022-02-26,44,quantile,0.01,0
2022-02-07,3 wk ahead inc flu hosp,2022-02-26,13,quantile,0.01,0
2022-02-07,3 wk ahead inc flu hosp,2022-02-26,33,quantile,0.01,0
2022-02-07,3 wk ahead inc flu hosp,2022-02-26,37,quantile,0.01,0
2022-02-07,3 wk ahead inc flu hosp,2022-02-26,34,quantile,0.01,0
2022-02-07,3 wk ahead inc flu hosp,2022-02-26,08,quantile,0.01,0
2022-02-07,3 wk ahead inc flu hosp,2022-02-26,24,quantile,0.01,0
2022-02-07,3 wk ahead inc flu hosp,2022-02-26,32,quantile,0.01,0
2022-02-07,3 wk ahead inc flu hosp,2022-02-26,47,quantile,0.01,0
2022-02-07,3 wk ahead inc flu hosp,2022-02-26,15,quantile,0.01,0
2022-02-07,3 wk ahead inc flu hosp,2022-02-26,18,quantile,0.01,0
2022-02-07,3 wk ahead inc flu hosp,2022-02-26,21,quantile,0.01,0
2022-02-07,3 wk ahead inc flu hosp,2022-02-26,27,quantile,0.01,0.6
2022-02-07,3 wk ahead inc flu hosp,2022-02-26,40,quantile,0.01,0
2022-02-07,3 wk ahead inc flu hosp,2022-02-26,42,quantile,0.01,0
2022-02-07,3 wk ahead inc flu hosp,2022-02-26,45,quantile,0.01,0
2022-02-07,3 wk ahead inc flu hosp,2022-02-26,11,quantile,0.01,0
2022-02-07,3 wk ahead inc flu hosp,2022-02-26,20,quantile,0.01,0
2022-02-07,3 wk ahead inc flu hosp,2022-02-26,29,quantile,0.01,0
2022-02-07,3 wk ahead inc flu hosp,2022-02-26,50,quantile,0.01,0
2022-02-07,3 wk ahead inc flu hosp,2022-02-26,51,quantile,0.01,0
2022-02-07,3 wk ahead inc flu hosp,2022-02-26,09,quantile,0.01,0
2022-02-07,3 wk ahead inc flu hosp,2022-02-26,19,quantile,0.01,0
2022-02-07,3 wk ahead inc flu hosp,2022-02-26,22,quantile,0.01,0
2022-02-07,3 wk ahead inc flu hosp,2022-02-26,39,quantile,0.01,0
2022-02-07,3 wk ahead inc flu hosp,2022-02-26,26,quantile,0.01,0
2022-02-07,3 wk ahead inc flu hosp,2022-02-26,46,quantile,0.01,0
2022-02-07,3 wk ahead inc flu hosp,2022-02-26,05,quantile,0.01,0
2022-02-07,3 wk ahead inc flu hosp,2022-02-26,10,quantile,0.01,0
2022-02-07,3 wk ahead inc flu hosp,2022-02-26,28,quantile,0.01,0
2022-02-07,3 wk ahead inc flu hosp,2022-02-26,35,quantile,0.01,0
2022-02-07,3 wk ahead inc flu hosp,2022-02-26,38,quantile,0.01,0
2022-02-07,3 wk ahead inc flu hosp,2022-02-26,56,quantile,0.01,0
2022-02-07,3 wk ahead inc flu hosp,2022-02-26,02,quantile,0.01,0
2022-02-07,3 wk ahead inc flu hosp,2022-02-26,23,quantile,0.01,0
2022-02-07,3 wk ahead inc flu hosp,2022-02-26,01,quantile,0.01,0
2022-02-07,3 wk ahead inc flu hosp,2022-02-26,16,quantile,0.01,0
2022-02-07,3 wk ahead inc flu hosp,2022-02-26,30,quantile,0.01,0
2022-02-07,3 wk ahead inc flu hosp,2022-02-26,72,quantile,0.01,0
2022-02-07,3 wk ahead inc flu hosp,2022-02-26,78,quantile,0.01,0
2022-02-07,3 wk ahead inc flu hosp,2022-02-26,54,quantile,0.01,0
2022-02-07,4 wk ahead inc flu hosp,2022-03-05,53,quantile,0.01,0
2022-02-07,4 wk ahead inc flu hosp,2022-03-05,17,quantile,0.01,0
2022-02-07,4 wk ahead inc flu hosp,2022-03-05,06,quantile,0.01,0
2022-02-07,4 wk ahead inc flu hosp,2022-03-05,04,quantile,0.01,0
2022-02-07,4 wk ahead inc flu hosp,2022-03-05,25,quantile,0.01,0
2022-02-07,4 wk ahead inc flu hosp,2022-03-05,55,quantile,0.01,0
2022-02-07,4 wk ahead inc flu hosp,2022-03-05,48,quantile,0.01,0
2022-02-07,4 wk ahead inc flu hosp,2022-03-05,31,quantile,0.01,0.4
2022-02-07,4 wk ahead inc flu hosp,2022-03-05,49,quantile,0.01,0
2022-02-07,4 wk ahead inc flu hosp,2022-03-05,41,quantile,0.01,0
2022-02-07,4 wk ahead inc flu hosp,2022-03-05,12,quantile,0.01,0
2022-02-07,4 wk ahead inc flu hosp,2022-03-05,36,quantile,0.01,0
2022-02-07,4 wk ahead inc flu hosp,2022-03-05,44,quantile,0.01,0
2022-02-07,4 wk ahead inc flu hosp,2022-03-05,13,quantile,0.01,0
2022-02-07,4 wk ahead inc flu hosp,2022-03-05,33,quantile,0.01,0
2022-02-07,4 wk ahead inc flu hosp,2022-03-05,37,quantile,0.01,0
2022-02-07,4 wk ahead inc flu hosp,2022-03-05,34,quantile,0.01,0
2022-02-07,4 wk ahead inc flu hosp,2022-03-05,08,quantile,0.01,0
2022-02-07,4 wk ahead inc flu hosp,2022-03-05,24,quantile,0.01,0
2022-02-07,4 wk ahead inc flu hosp,2022-03-05,32,quantile,0.01,0
2022-02-07,4 wk ahead inc flu hosp,2022-03-05,47,quantile,0.01,0
2022-02-07,4 wk ahead inc flu hosp,2022-03-05,15,quantile,0.01,0
2022-02-07,4 wk ahead inc flu hosp,2022-03-05,18,quantile,0.01,0
2022-02-07,4 wk ahead inc flu hosp,2022-03-05,21,quantile,0.01,0
2022-02-07,4 wk ahead inc flu hosp,2022-03-05,27,quantile,0.01,6.7
2022-02-07,4 wk ahead inc flu hosp,2022-03-05,40,quantile,0.01,0
2022-02-07,4 wk ahead inc flu hosp,2022-03-05,42,quantile,0.01,0
2022-02-07,4 wk ahead inc flu hosp,2022-03-05,45,quantile,0.01,0
2022-02-07,4 wk ahead inc flu hosp,2022-03-05,11,quantile,0.01,0
2022-02-07,4 wk ahead inc flu hosp,2022-03-05,20,quantile,0.01,0
2022-02-07,4 wk ahead inc flu hosp,2022-03-05,29,quantile,0.01,0
2022-02-07,4 wk ahead inc flu hosp,2022-03-05,50,quantile,0.01,0
2022-02-07,4 wk ahead inc flu hosp,2022-03-05,51,quantile,0.01,0
2022-02-07,4 wk ahead inc flu hosp,2022-03-05,09,quantile,0.01,0
2022-02-07,4 wk ahead inc flu hosp,2022-03-05,19,quantile,0.01,0
2022-02-07,4 wk ahead inc flu hosp,2022-03-05,22,quantile,0.01,0
2022-02-07,4 wk ahead inc flu hosp,2022-03-05,39,quantile,0.01,0
2022-02-07,4 wk ahead inc flu hosp,2022-03-05,26,quantile,0.01,0
2022-02-07,4 wk ahead inc flu hosp,2022-03-05,46,quantile,0.01,0.3
2022-02-07,4 wk ahead inc flu hosp,2022-03-05,05,quantile,0.01,0
2022-02-07,4 wk ahead inc flu hosp,2022-03-05,10,quantile,0.01,0
2022-02-07,4 wk ahead inc flu hosp,2022-03-05,28,quantile,0.01,0
2022-02-07,4 wk ahead inc flu hosp,2022-03-05,35,quantile,0.01,0
2022-02-07,4 wk ahead inc flu hosp,2022-03-05,38,quantile,0.01,0.4
2022-02-07,4 wk ahead inc flu hosp,2022-03-05,56,quantile,0.01,0
2022-02-07,4 wk ahead inc flu hosp,2022-03-05,02,quantile,0.01,0
2022-02-07,4 wk ahead inc flu hosp,2022-03-05,23,quantile,0.01,0
2022-02-07,4 wk ahead inc flu hosp,2022-03-05,01,quantile,0.01,0
2022-02-07,4 wk ahead inc flu hosp,2022-03-05,16,quantile,0.01,0
2022-02-07,4 wk ahead inc flu hosp,2022-03-05,30,quantile,0.01,0
2022-02-07,4 wk ahead inc flu hosp,2022-03-05,72,quantile,0.01,0
2022-02-07,4 wk ahead inc flu hosp,2022-03-05,78,quantile,0.01,0
2022-02-07,4 wk ahead inc flu hosp,2022-03-05,54,quantile,0.01,0
2022-02-07,1 wk ahead inc flu hosp,2022-02-12,53,quantile,0.025,0
2022-02-07,1 wk ahead inc flu hosp,2022-02-12,17,quantile,0.025,0
2022-02-07,1 wk ahead inc flu hosp,2022-02-12,06,quantile,0.025,0
2022-02-07,1 wk ahead inc flu hosp,2022-02-12,04,quantile,0.025,0
2022-02-07,1 wk ahead inc flu hosp,2022-02-12,25,quantile,0.025,0.8
2022-02-07,1 wk ahead inc flu hosp,2022-02-12,55,quantile,0.025,0
2022-02-07,1 wk ahead inc flu hosp,2022-02-12,48,quantile,0.025,0.2
2022-02-07,1 wk ahead inc flu hosp,2022-02-12,31,quantile,0.025,5.2
2022-02-07,1 wk ahead inc flu hosp,2022-02-12,49,quantile,0.025,0
2022-02-07,1 wk ahead inc flu hosp,2022-02-12,41,quantile,0.025,0
2022-02-07,1 wk ahead inc flu hosp,2022-02-12,12,quantile,0.025,0
2022-02-07,1 wk ahead inc flu hosp,2022-02-12,36,quantile,0.025,0
2022-02-07,1 wk ahead inc flu hosp,2022-02-12,44,quantile,0.025,0
2022-02-07,1 wk ahead inc flu hosp,2022-02-12,13,quantile,0.025,0
2022-02-07,1 wk ahead inc flu hosp,2022-02-12,33,quantile,0.025,0
2022-02-07,1 wk ahead inc flu hosp,2022-02-12,37,quantile,0.025,2.9
2022-02-07,1 wk ahead inc flu hosp,2022-02-12,34,quantile,0.025,0.7
2022-02-07,1 wk ahead inc flu hosp,2022-02-12,08,quantile,0.025,0
2022-02-07,1 wk ahead inc flu hosp,2022-02-12,24,quantile,0.025,0
2022-02-07,1 wk ahead inc flu hosp,2022-02-12,32,quantile,0.025,0
2022-02-07,1 wk ahead inc flu hosp,2022-02-12,47,quantile,0.025,3.1
2022-02-07,1 wk ahead inc flu hosp,2022-02-12,15,quantile,0.025,0
2022-02-07,1 wk ahead inc flu hosp,2022-02-12,18,quantile,0.025,0.1
2022-02-07,1 wk ahead inc flu hosp,2022-02-12,21,quantile,0.025,0
2022-02-07,1 wk ahead inc flu hosp,2022-02-12,27,quantile,0.025,3
2022-02-07,1 wk ahead inc flu hosp,2022-02-12,40,quantile,0.025,5.7
2022-02-07,1 wk ahead inc flu hosp,2022-02-12,42,quantile,0.025,0
2022-02-07,1 wk ahead inc flu hosp,2022-02-12,45,quantile,0.025,0
2022-02-07,1 wk ahead inc flu hosp,2022-02-12,11,quantile,0.025,0
2022-02-07,1 wk ahead inc flu hosp,2022-02-12,20,quantile,0.025,0
2022-02-07,1 wk ahead inc flu hosp,2022-02-12,29,quantile,0.025,0
2022-02-07,1 wk ahead inc flu hosp,2022-02-12,50,quantile,0.025,0
2022-02-07,1 wk ahead inc flu hosp,2022-02-12,51,quantile,0.025,5.4
2022-02-07,1 wk ahead inc flu hosp,2022-02-12,09,quantile,0.025,0
2022-02-07,1 wk ahead inc flu hosp,2022-02-12,19,quantile,0.025,6.3
2022-02-07,1 wk ahead inc flu hosp,2022-02-12,22,quantile,0.025,0
2022-02-07,1 wk ahead inc flu hosp,2022-02-12,39,quantile,0.025,0
2022-02-07,1 wk ahead inc flu hosp,2022-02-12,26,quantile,0.025,0
2022-02-07,1 wk ahead inc flu hosp,2022-02-12,46,quantile,0.025,0.9
2022-02-07,1 wk ahead inc flu hosp,2022-02-12,05,quantile,0.025,0
2022-02-07,1 wk ahead inc flu hosp,2022-02-12,10,quantile,0.025,0
2022-02-07,1 wk ahead inc flu hosp,2022-02-12,28,quantile,0.025,0
2022-02-07,1 wk ahead inc flu hosp,2022-02-12,35,quantile,0.025,0
2022-02-07,1 wk ahead inc flu hosp,2022-02-12,38,quantile,0.025,2.3
2022-02-07,1 wk ahead inc flu hosp,2022-02-12,56,quantile,0.025,0.3
2022-02-07,1 wk ahead inc flu hosp,2022-02-12,02,quantile,0.025,0
2022-02-07,1 wk ahead inc flu hosp,2022-02-12,23,quantile,0.025,0
2022-02-07,1 wk ahead inc flu hosp,2022-02-12,01,quantile,0.025,0.5
2022-02-07,1 wk ahead inc flu hosp,2022-02-12,16,quantile,0.025,0
2022-02-07,1 wk ahead inc flu hosp,2022-02-12,30,quantile,0.025,0
2022-02-07,1 wk ahead inc flu hosp,2022-02-12,72,quantile,0.025,0
2022-02-07,1 wk ahead inc flu hosp,2022-02-12,78,quantile,0.025,0
2022-02-07,1 wk ahead inc flu hosp,2022-02-12,54,quantile,0.025,0
2022-02-07,2 wk ahead inc flu hosp,2022-02-19,53,quantile,0.025,0
2022-02-07,2 wk ahead inc flu hosp,2022-02-19,17,quantile,0.025,0
2022-02-07,2 wk ahead inc flu hosp,2022-02-19,06,quantile,0.025,0
2022-02-07,2 wk ahead inc flu hosp,2022-02-19,04,quantile,0.025,0
2022-02-07,2 wk ahead inc flu hosp,2022-02-19,25,quantile,0.025,0
2022-02-07,2 wk ahead inc flu hosp,2022-02-19,55,quantile,0.025,0
2022-02-07,2 wk ahead inc flu hosp,2022-02-19,48,quantile,0.025,0
2022-02-07,2 wk ahead inc flu hosp,2022-02-19,31,quantile,0.025,2.9
2022-02-07,2 wk ahead inc flu hosp,2022-02-19,49,quantile,0.025,0
2022-02-07,2 wk ahead inc flu hosp,2022-02-19,41,quantile,0.025,0
2022-02-07,2 wk ahead inc flu hosp,2022-02-19,12,quantile,0.025,8.7
2022-02-07,2 wk ahead inc flu hosp,2022-02-19,36,quantile,0.025,0
2022-02-07,2 wk ahead inc flu hosp,2022-02-19,44,quantile,0.025,0
2022-02-07,2 wk ahead inc flu hosp,2022-02-19,13,quantile,0.025,0
2022-02-07,2 wk ahead inc flu hosp,2022-02-19,33,quantile,0.025,0
2022-02-07,2 wk ahead inc flu hosp,2022-02-19,37,quantile,0.025,0
2022-02-07,2 wk ahead inc flu hosp,2022-02-19,34,quantile,0.025,0
2022-02-07,2 wk ahead inc flu hosp,2022-02-19,08,quantile,0.025,0
2022-02-07,2 wk ahead inc flu hosp,2022-02-19,24,quantile,0.025,0
2022-02-07,2 wk ahead inc flu hosp,2022-02-19,32,quantile,0.025,0
2022-02-07,2 wk ahead inc flu hosp,2022-02-19,47,quantile,0.025,0
2022-02-07,2 wk ahead inc flu hosp,2022-02-19,15,quantile,0.025,0
2022-02-07,2 wk ahead inc flu hosp,2022-02-19,18,quantile,0.025,0
2022-02-07,2 wk ahead inc flu hosp,2022-02-19,21,quantile,0.025,0
2022-02-07,2 wk ahead inc flu hosp,2022-02-19,27,quantile,0.025,2
2022-02-07,2 wk ahead inc flu hosp,2022-02-19,40,quantile,0.025,7.1
2022-02-07,2 wk ahead inc flu hosp,2022-02-19,42,quantile,0.025,0
2022-02-07,2 wk ahead inc flu hosp,2022-02-19,45,quantile,0.025,0
2022-02-07,2 wk ahead inc flu hosp,2022-02-19,11,quantile,0.025,0
2022-02-07,2 wk ahead inc flu hosp,2022-02-19,20,quantile,0.025,0
2022-02-07,2 wk ahead inc flu hosp,2022-02-19,29,quantile,0.025,2.8
2022-02-07,2 wk ahead inc flu hosp,2022-02-19,50,quantile,0.025,0
2022-02-07,2 wk ahead inc flu hosp,2022-02-19,51,quantile,0.025,0.3
2022-02-07,2 wk ahead inc flu hosp,2022-02-19,09,quantile,0.025,0
2022-02-07,2 wk ahead inc flu hosp,2022-02-19,19,quantile,0.025,0.7
2022-02-07,2 wk ahead inc flu hosp,2022-02-19,22,quantile,0.025,0.9
2022-02-07,2 wk ahead inc flu hosp,2022-02-19,39,quantile,0.025,0
2022-02-07,2 wk ahead inc flu hosp,2022-02-19,26,quantile,0.025,0
2022-02-07,2 wk ahead inc flu hosp,2022-02-19,46,quantile,0.025,0.7
2022-02-07,2 wk ahead inc flu hosp,2022-02-19,05,quantile,0.025,1.6
2022-02-07,2 wk ahead inc flu hosp,2022-02-19,10,quantile,0.025,0
2022-02-07,2 wk ahead inc flu hosp,2022-02-19,28,quantile,0.025,0
2022-02-07,2 wk ahead inc flu hosp,2022-02-19,35,quantile,0.025,0
2022-02-07,2 wk ahead inc flu hosp,2022-02-19,38,quantile,0.025,1.1
2022-02-07,2 wk ahead inc flu hosp,2022-02-19,56,quantile,0.025,0
2022-02-07,2 wk ahead inc flu hosp,2022-02-19,02,quantile,0.025,0
2022-02-07,2 wk ahead inc flu hosp,2022-02-19,23,quantile,0.025,0
2022-02-07,2 wk ahead inc flu hosp,2022-02-19,01,quantile,0.025,0
2022-02-07,2 wk ahead inc flu hosp,2022-02-19,16,quantile,0.025,0
2022-02-07,2 wk ahead inc flu hosp,2022-02-19,30,quantile,0.025,0
2022-02-07,2 wk ahead inc flu hosp,2022-02-19,72,quantile,0.025,0
2022-02-07,2 wk ahead inc flu hosp,2022-02-19,78,quantile,0.025,0
2022-02-07,2 wk ahead inc flu hosp,2022-02-19,54,quantile,0.025,0
2022-02-07,3 wk ahead inc flu hosp,2022-02-26,53,quantile,0.025,0
2022-02-07,3 wk ahead inc flu hosp,2022-02-26,17,quantile,0.025,0
2022-02-07,3 wk ahead inc flu hosp,2022-02-26,06,quantile,0.025,0
2022-02-07,3 wk ahead inc flu hosp,2022-02-26,04,quantile,0.025,0
2022-02-07,3 wk ahead inc flu hosp,2022-02-26,25,quantile,0.025,0
2022-02-07,3 wk ahead inc flu hosp,2022-02-26,55,quantile,0.025,1.7
2022-02-07,3 wk ahead inc flu hosp,2022-02-26,48,quantile,0.025,0
2022-02-07,3 wk ahead inc flu hosp,2022-02-26,31,quantile,0.025,5.8
2022-02-07,3 wk ahead inc flu hosp,2022-02-26,49,quantile,0.025,0
2022-02-07,3 wk ahead inc flu hosp,2022-02-26,41,quantile,0.025,0
2022-02-07,3 wk ahead inc flu hosp,2022-02-26,12,quantile,0.025,0
2022-02-07,3 wk ahead inc flu hosp,2022-02-26,36,quantile,0.025,0
2022-02-07,3 wk ahead inc flu hosp,2022-02-26,44,quantile,0.025,0
2022-02-07,3 wk ahead inc flu hosp,2022-02-26,13,quantile,0.025,0
2022-02-07,3 wk ahead inc flu hosp,2022-02-26,33,quantile,0.025,0
2022-02-07,3 wk ahead inc flu hosp,2022-02-26,37,quantile,0.025,0
2022-02-07,3 wk ahead inc flu hosp,2022-02-26,34,quantile,0.025,0.3
2022-02-07,3 wk ahead inc flu hosp,2022-02-26,08,quantile,0.025,0
2022-02-07,3 wk ahead inc flu hosp,2022-02-26,24,quantile,0.025,0
2022-02-07,3 wk ahead inc flu hosp,2022-02-26,32,quantile,0.025,0
2022-02-07,3 wk ahead inc flu hosp,2022-02-26,47,quantile,0.025,0
2022-02-07,3 wk ahead inc flu hosp,2022-02-26,15,quantile,0.025,0
2022-02-07,3 wk ahead inc flu hosp,2022-02-26,18,quantile,0.025,0
2022-02-07,3 wk ahead inc flu hosp,2022-02-26,21,quantile,0.025,0
2022-02-07,3 wk ahead inc flu hosp,2022-02-26,27,quantile,0.025,3.9
2022-02-07,3 wk ahead inc flu hosp,2022-02-26,40,quantile,0.025,0
2022-02-07,3 wk ahead inc flu hosp,2022-02-26,42,quantile,0.025,0
2022-02-07,3 wk ahead inc flu hosp,2022-02-26,45,quantile,0.025,0
2022-02-07,3 wk ahead inc flu hosp,2022-02-26,11,quantile,0.025,0
2022-02-07,3 wk ahead inc flu hosp,2022-02-26,20,quantile,0.025,0
2022-02-07,3 wk ahead inc flu hosp,2022-02-26,29,quantile,0.025,0
2022-02-07,3 wk ahead inc flu hosp,2022-02-26,50,quantile,0.025,0
2022-02-07,3 wk ahead inc flu hosp,2022-02-26,51,quantile,0.025,0
2022-02-07,3 wk ahead inc flu hosp,2022-02-26,09,quantile,0.025,0
2022-02-07,3 wk ahead inc flu hosp,2022-02-26,19,quantile,0.025,0
2022-02-07,3 wk ahead inc flu hosp,2022-02-26,22,quantile,0.025,0
2022-02-07,3 wk ahead inc flu hosp,2022-02-26,39,quantile,0.025,0
2022-02-07,3 wk ahead inc flu hosp,2022-02-26,26,quantile,0.025,0
2022-02-07,3 wk ahead inc flu hosp,2022-02-26,46,quantile,0.025,0
2022-02-07,3 wk ahead inc flu hosp,2022-02-26,05,quantile,0.025,0
2022-02-07,3 wk ahead inc flu hosp,2022-02-26,10,quantile,0.025,0
2022-02-07,3 wk ahead inc flu hosp,2022-02-26,28,quantile,0.025,0
2022-02-07,3 wk ahead inc flu hosp,2022-02-26,35,quantile,0.025,0
2022-02-07,3 wk ahead inc flu hosp,2022-02-26,38,quantile,0.025,0
2022-02-07,3 wk ahead inc flu hosp,2022-02-26,56,quantile,0.025,0
2022-02-07,3 wk ahead inc flu hosp,2022-02-26,02,quantile,0.025,0
2022-02-07,3 wk ahead inc flu hosp,2022-02-26,23,quantile,0.025,0
2022-02-07,3 wk ahead inc flu hosp,2022-02-26,01,quantile,0.025,0
2022-02-07,3 wk ahead inc flu hosp,2022-02-26,16,quantile,0.025,0
2022-02-07,3 wk ahead inc flu hosp,2022-02-26,30,quantile,0.025,0
2022-02-07,3 wk ahead inc flu hosp,2022-02-26,72,quantile,0.025,0
2022-02-07,3 wk ahead inc flu hosp,2022-02-26,78,quantile,0.025,0
2022-02-07,3 wk ahead inc flu hosp,2022-02-26,54,quantile,0.025,0
2022-02-07,4 wk ahead inc flu hosp,2022-03-05,53,quantile,0.025,0
2022-02-07,4 wk ahead inc flu hosp,2022-03-05,17,quantile,0.025,0
2022-02-07,4 wk ahead inc flu hosp,2022-03-05,06,quantile,0.025,0
2022-02-07,4 wk ahead inc flu hosp,2022-03-05,04,quantile,0.025,0
2022-02-07,4 wk ahead inc flu hosp,2022-03-05,25,quantile,0.025,0
2022-02-07,4 wk ahead inc flu hosp,2022-03-05,55,quantile,0.025,0
2022-02-07,4 wk ahead inc flu hosp,2022-03-05,48,quantile,0.025,0
2022-02-07,4 wk ahead inc flu hosp,2022-03-05,31,quantile,0.025,3.1
2022-02-07,4 wk ahead inc flu hosp,2022-03-05,49,quantile,0.025,0
2022-02-07,4 wk ahead inc flu hosp,2022-03-05,41,quantile,0.025,0
2022-02-07,4 wk ahead inc flu hosp,2022-03-05,12,quantile,0.025,0
2022-02-07,4 wk ahead inc flu hosp,2022-03-05,36,quantile,0.025,0
2022-02-07,4 wk ahead inc flu hosp,2022-03-05,44,quantile,0.025,0
2022-02-07,4 wk ahead inc flu hosp,2022-03-05,13,quantile,0.025,0
2022-02-07,4 wk ahead inc flu hosp,2022-03-05,33,quantile,0.025,0
2022-02-07,4 wk ahead inc flu hosp,2022-03-05,37,quantile,0.025,0
2022-02-07,4 wk ahead inc flu hosp,2022-03-05,34,quantile,0.025,8
2022-02-07,4 wk ahead inc flu hosp,2022-03-05,08,quantile,0.025,0
2022-02-07,4 wk ahead inc flu hosp,2022-03-05,24,quantile,0.025,0
2022-02-07,4 wk ahead inc flu hosp,2022-03-05,32,quantile,0.025,0
2022-02-07,4 wk ahead inc flu hosp,2022-03-05,47,quantile,0.025,0
2022-02-07,4 wk ahead inc flu hosp,2022-03-05,15,quantile,0.025,0
2022-02-07,4 wk ahead inc flu hosp,2022-03-05,18,quantile,0.025,0
2022-02-07,4 wk ahead inc flu hosp,2022-03-05,21,quantile,0.025,0.7
2022-02-07,4 wk ahead inc flu hosp,2022-03-05,27,quantile,0.025,10.7
2022-02-07,4 wk ahead inc flu hosp,2022-03-05,40,quantile,0.025,0
2022-02-07,4 wk ahead inc flu hosp,2022-03-05,42,quantile,0.025,0
2022-02-07,4 wk ahead inc flu hosp,2022-03-05,45,quantile,0.025,0
2022-02-07,4 wk ahead inc flu hosp,2022-03-05,11,quantile,0.025,0
2022-02-07,4 wk ahead inc flu hosp,2022-03-05,20,quantile,0.025,0.5
2022-02-07,4 wk ahead inc flu hosp,2022-03-05,29,quantile,0.025,0
2022-02-07,4 wk ahead inc flu hosp,2022-03-05,50,quantile,0.025,0
2022-02-07,4 wk ahead inc flu hosp,2022-03-05,51,quantile,0.025,0
2022-02-07,4 wk ahead inc flu hosp,2022-03-05,09,quantile,0.025,0
2022-02-07,4 wk ahead inc flu hosp,2022-03-05,19,quantile,0.025,0.9
2022-02-07,4 wk ahead inc flu hosp,2022-03-05,22,quantile,0.025,0
2022-02-07,4 wk ahead inc flu hosp,2022-03-05,39,quantile,0.025,0
2022-02-07,4 wk ahead inc flu hosp,2022-03-05,26,quantile,0.025,0
2022-02-07,4 wk ahead inc flu hosp,2022-03-05,46,quantile,0.025,0.7
2022-02-07,4 wk ahead inc flu hosp,2022-03-05,05,quantile,0.025,0
2022-02-07,4 wk ahead inc flu hosp,2022-03-05,10,quantile,0.025,0
2022-02-07,4 wk ahead inc flu hosp,2022-03-05,28,quantile,0.025,0
2022-02-07,4 wk ahead inc flu hosp,2022-03-05,35,quantile,0.025,0
2022-02-07,4 wk ahead inc flu hosp,2022-03-05,38,quantile,0.025,1
2022-02-07,4 wk ahead inc flu hosp,2022-03-05,56,quantile,0.025,0
2022-02-07,4 wk ahead inc flu hosp,2022-03-05,02,quantile,0.025,0
2022-02-07,4 wk ahead inc flu hosp,2022-03-05,23,quantile,0.025,0
2022-02-07,4 wk ahead inc flu hosp,2022-03-05,01,quantile,0.025,0
2022-02-07,4 wk ahead inc flu hosp,2022-03-05,16,quantile,0.025,0
2022-02-07,4 wk ahead inc flu hosp,2022-03-05,30,quantile,0.025,0
2022-02-07,4 wk ahead inc flu hosp,2022-03-05,72,quantile,0.025,0
2022-02-07,4 wk ahead inc flu hosp,2022-03-05,78,quantile,0.025,0
2022-02-07,4 wk ahead inc flu hosp,2022-03-05,54,quantile,0.025,0
2022-02-07,1 wk ahead inc flu hosp,2022-02-12,53,quantile,0.05,0
2022-02-07,1 wk ahead inc flu hosp,2022-02-12,17,quantile,0.05,0
2022-02-07,1 wk ahead inc flu hosp,2022-02-12,06,quantile,0.05,0
2022-02-07,1 wk ahead inc flu hosp,2022-02-12,04,quantile,0.05,0
2022-02-07,1 wk ahead inc flu hosp,2022-02-12,25,quantile,0.05,1.2
2022-02-07,1 wk ahead inc flu hosp,2022-02-12,55,quantile,0.05,0
2022-02-07,1 wk ahead inc flu hosp,2022-02-12,48,quantile,0.05,22.2
2022-02-07,1 wk ahead inc flu hosp,2022-02-12,31,quantile,0.05,5.8
2022-02-07,1 wk ahead inc flu hosp,2022-02-12,49,quantile,0.05,0
2022-02-07,1 wk ahead inc flu hosp,2022-02-12,41,quantile,0.05,0
2022-02-07,1 wk ahead inc flu hosp,2022-02-12,12,quantile,0.05,0
2022-02-07,1 wk ahead inc flu hosp,2022-02-12,36,quantile,0.05,0
2022-02-07,1 wk ahead inc flu hosp,2022-02-12,44,quantile,0.05,0
2022-02-07,1 wk ahead inc flu hosp,2022-02-12,13,quantile,0.05,0
2022-02-07,1 wk ahead inc flu hosp,2022-02-12,33,quantile,0.05,0.3
2022-02-07,1 wk ahead inc flu hosp,2022-02-12,37,quantile,0.05,6
2022-02-07,1 wk ahead inc flu hosp,2022-02-12,34,quantile,0.05,3.7
2022-02-07,1 wk ahead inc flu hosp,2022-02-12,08,quantile,0.05,0.5
2022-02-07,1 wk ahead inc flu hosp,2022-02-12,24,quantile,0.05,1.5
2022-02-07,1 wk ahead inc flu hosp,2022-02-12,32,quantile,0.05,0
2022-02-07,1 wk ahead inc flu hosp,2022-02-12,47,quantile,0.05,10.2
2022-02-07,1 wk ahead inc flu hosp,2022-02-12,15,quantile,0.05,0
2022-02-07,1 wk ahead inc flu hosp,2022-02-12,18,quantile,0.05,6.6
2022-02-07,1 wk ahead inc flu hosp,2022-02-12,21,quantile,0.05,0.9
2022-02-07,1 wk ahead inc flu hosp,2022-02-12,27,quantile,0.05,6.8
2022-02-07,1 wk ahead inc flu hosp,2022-02-12,40,quantile,0.05,7.9
2022-02-07,1 wk ahead inc flu hosp,2022-02-12,42,quantile,0.05,7.1
2022-02-07,1 wk ahead inc flu hosp,2022-02-12,45,quantile,0.05,3.2
2022-02-07,1 wk ahead inc flu hosp,2022-02-12,11,quantile,0.05,0
2022-02-07,1 wk ahead inc flu hosp,2022-02-12,20,quantile,0.05,2.1
2022-02-07,1 wk ahead inc flu hosp,2022-02-12,29,quantile,0.05,2.1
2022-02-07,1 wk ahead inc flu hosp,2022-02-12,50,quantile,0.05,0
2022-02-07,1 wk ahead inc flu hosp,2022-02-12,51,quantile,0.05,13.1
2022-02-07,1 wk ahead inc flu hosp,2022-02-12,09,quantile,0.05,0
2022-02-07,1 wk ahead inc flu hosp,2022-02-12,19,quantile,0.05,6.8
2022-02-07,1 wk ahead inc flu hosp,2022-02-12,22,quantile,0.05,0
2022-02-07,1 wk ahead inc flu hosp,2022-02-12,39,quantile,0.05,0
2022-02-07,1 wk ahead inc flu hosp,2022-02-12,26,quantile,0.05,0
2022-02-07,1 wk ahead inc flu hosp,2022-02-12,46,quantile,0.05,1.8
2022-02-07,1 wk ahead inc flu hosp,2022-02-12,05,quantile,0.05,4.6
2022-02-07,1 wk ahead inc flu hosp,2022-02-12,10,quantile,0.05,0
2022-02-07,1 wk ahead inc flu hosp,2022-02-12,28,quantile,0.05,0
2022-02-07,1 wk ahead inc flu hosp,2022-02-12,35,quantile,0.05,0
2022-02-07,1 wk ahead inc flu hosp,2022-02-12,38,quantile,0.05,3.4
2022-02-07,1 wk ahead inc flu hosp,2022-02-12,56,quantile,0.05,1.2
2022-02-07,1 wk ahead inc flu hosp,2022-02-12,02,quantile,0.05,0
2022-02-07,1 wk ahead inc flu hosp,2022-02-12,23,quantile,0.05,0.2
2022-02-07,1 wk ahead inc flu hosp,2022-02-12,01,quantile,0.05,3.4
2022-02-07,1 wk ahead inc flu hosp,2022-02-12,16,quantile,0.05,0
2022-02-07,1 wk ahead inc flu hosp,2022-02-12,30,quantile,0.05,0
2022-02-07,1 wk ahead inc flu hosp,2022-02-12,72,quantile,0.05,0
2022-02-07,1 wk ahead inc flu hosp,2022-02-12,78,quantile,0.05,0
2022-02-07,1 wk ahead inc flu hosp,2022-02-12,54,quantile,0.05,0.3
2022-02-07,2 wk ahead inc flu hosp,2022-02-19,53,quantile,0.05,0
2022-02-07,2 wk ahead inc flu hosp,2022-02-19,17,quantile,0.05,0
2022-02-07,2 wk ahead inc flu hosp,2022-02-19,06,quantile,0.05,0
2022-02-07,2 wk ahead inc flu hosp,2022-02-19,04,quantile,0.05,0
2022-02-07,2 wk ahead inc flu hosp,2022-02-19,25,quantile,0.05,0
2022-02-07,2 wk ahead inc flu hosp,2022-02-19,55,quantile,0.05,0
2022-02-07,2 wk ahead inc flu hosp,2022-02-19,48,quantile,0.05,0
2022-02-07,2 wk ahead inc flu hosp,2022-02-19,31,quantile,0.05,4.1
2022-02-07,2 wk ahead inc flu hosp,2022-02-19,49,quantile,0.05,0
2022-02-07,2 wk ahead inc flu hosp,2022-02-19,41,quantile,0.05,0
2022-02-07,2 wk ahead inc flu hosp,2022-02-19,12,quantile,0.05,15.8
2022-02-07,2 wk ahead inc flu hosp,2022-02-19,36,quantile,0.05,0
2022-02-07,2 wk ahead inc flu hosp,2022-02-19,44,quantile,0.05,0
2022-02-07,2 wk ahead inc flu hosp,2022-02-19,13,quantile,0.05,1.4
2022-02-07,2 wk ahead inc flu hosp,2022-02-19,33,quantile,0.05,0
2022-02-07,2 wk ahead inc flu hosp,2022-02-19,37,quantile,0.05,0.2
2022-02-07,2 wk ahead inc flu hosp,2022-02-19,34,quantile,0.05,0
2022-02-07,2 wk ahead inc flu hosp,2022-02-19,08,quantile,0.05,0
2022-02-07,2 wk ahead inc flu hosp,2022-02-19,24,quantile,0.05,0
2022-02-07,2 wk ahead inc flu hosp,2022-02-19,32,quantile,0.05,0
2022-02-07,2 wk ahead inc flu hosp,2022-02-19,47,quantile,0.05,0
2022-02-07,2 wk ahead inc flu hosp,2022-02-19,15,quantile,0.05,0
2022-02-07,2 wk ahead inc flu hosp,2022-02-19,18,quantile,0.05,0
2022-02-07,2 wk ahead inc flu hosp,2022-02-19,21,quantile,0.05,0
2022-02-07,2 wk ahead inc flu hosp,2022-02-19,27,quantile,0.05,3.5
2022-02-07,2 wk ahead inc flu hosp,2022-02-19,40,quantile,0.05,12.4
2022-02-07,2 wk ahead inc flu hosp,2022-02-19,42,quantile,0.05,0
2022-02-07,2 wk ahead inc flu hosp,2022-02-19,45,quantile,0.05,0.9
2022-02-07,2 wk ahead inc flu hosp,2022-02-19,11,quantile,0.05,0
2022-02-07,2 wk ahead inc flu hosp,2022-02-19,20,quantile,0.05,2.6
2022-02-07,2 wk ahead inc flu hosp,2022-02-19,29,quantile,0.05,12.2
2022-02-07,2 wk ahead inc flu hosp,2022-02-19,50,quantile,0.05,0
2022-02-07,2 wk ahead inc flu hosp,2022-02-19,51,quantile,0.05,6.2
2022-02-07,2 wk ahead inc flu hosp,2022-02-19,09,quantile,0.05,0
2022-02-07,2 wk ahead inc flu hosp,2022-02-19,19,quantile,0.05,4
2022-02-07,2 wk ahead inc flu hosp,2022-02-19,22,quantile,0.05,6.2
2022-02-07,2 wk ahead inc flu hosp,2022-02-19,39,quantile,0.05,0
2022-02-07,2 wk ahead inc flu hosp,2022-02-19,26,quantile,0.05,0
2022-02-07,2 wk ahead inc flu hosp,2022-02-19,46,quantile,0.05,1.6
2022-02-07,2 wk ahead inc flu hosp,2022-02-19,05,quantile,0.05,3
2022-02-07,2 wk ahead inc flu hosp,2022-02-19,10,quantile,0.05,0
2022-02-07,2 wk ahead inc flu hosp,2022-02-19,28,quantile,0.05,0
2022-02-07,2 wk ahead inc flu hosp,2022-02-19,35,quantile,0.05,0
2022-02-07,2 wk ahead inc flu hosp,2022-02-19,38,quantile,0.05,1.7
2022-02-07,2 wk ahead inc flu hosp,2022-02-19,56,quantile,0.05,0
2022-02-07,2 wk ahead inc flu hosp,2022-02-19,02,quantile,0.05,0
2022-02-07,2 wk ahead inc flu hosp,2022-02-19,23,quantile,0.05,0
2022-02-07,2 wk ahead inc flu hosp,2022-02-19,01,quantile,0.05,0
2022-02-07,2 wk ahead inc flu hosp,2022-02-19,16,quantile,0.05,0
2022-02-07,2 wk ahead inc flu hosp,2022-02-19,30,quantile,0.05,0.7
2022-02-07,2 wk ahead inc flu hosp,2022-02-19,72,quantile,0.05,0
2022-02-07,2 wk ahead inc flu hosp,2022-02-19,78,quantile,0.05,0
2022-02-07,2 wk ahead inc flu hosp,2022-02-19,54,quantile,0.05,0.2
2022-02-07,3 wk ahead inc flu hosp,2022-02-26,53,quantile,0.05,0
2022-02-07,3 wk ahead inc flu hosp,2022-02-26,17,quantile,0.05,0
2022-02-07,3 wk ahead inc flu hosp,2022-02-26,06,quantile,0.05,0
2022-02-07,3 wk ahead inc flu hosp,2022-02-26,04,quantile,0.05,0
2022-02-07,3 wk ahead inc flu hosp,2022-02-26,25,quantile,0.05,0
2022-02-07,3 wk ahead inc flu hosp,2022-02-26,55,quantile,0.05,4.2
2022-02-07,3 wk ahead inc flu hosp,2022-02-26,48,quantile,0.05,0
2022-02-07,3 wk ahead inc flu hosp,2022-02-26,31,quantile,0.05,5.8
2022-02-07,3 wk ahead inc flu hosp,2022-02-26,49,quantile,0.05,0
2022-02-07,3 wk ahead inc flu hosp,2022-02-26,41,quantile,0.05,0
2022-02-07,3 wk ahead inc flu hosp,2022-02-26,12,quantile,0.05,0
2022-02-07,3 wk ahead inc flu hosp,2022-02-26,36,quantile,0.05,0
2022-02-07,3 wk ahead inc flu hosp,2022-02-26,44,quantile,0.05,0
2022-02-07,3 wk ahead inc flu hosp,2022-02-26,13,quantile,0.05,0
2022-02-07,3 wk ahead inc flu hosp,2022-02-26,33,quantile,0.05,0
2022-02-07,3 wk ahead inc flu hosp,2022-02-26,37,quantile,0.05,0
2022-02-07,3 wk ahead inc flu hosp,2022-02-26,34,quantile,0.05,2.4
2022-02-07,3 wk ahead inc flu hosp,2022-02-26,08,quantile,0.05,0
2022-02-07,3 wk ahead inc flu hosp,2022-02-26,24,quantile,0.05,0
2022-02-07,3 wk ahead inc flu hosp,2022-02-26,32,quantile,0.05,0
2022-02-07,3 wk ahead inc flu hosp,2022-02-26,47,quantile,0.05,0
2022-02-07,3 wk ahead inc flu hosp,2022-02-26,15,quantile,0.05,0
2022-02-07,3 wk ahead inc flu hosp,2022-02-26,18,quantile,0.05,0
2022-02-07,3 wk ahead inc flu hosp,2022-02-26,21,quantile,0.05,0
2022-02-07,3 wk ahead inc flu hosp,2022-02-26,27,quantile,0.05,10.8
2022-02-07,3 wk ahead inc flu hosp,2022-02-26,40,quantile,0.05,0
2022-02-07,3 wk ahead inc flu hosp,2022-02-26,42,quantile,0.05,0
2022-02-07,3 wk ahead inc flu hosp,2022-02-26,45,quantile,0.05,0
2022-02-07,3 wk ahead inc flu hosp,2022-02-26,11,quantile,0.05,0
2022-02-07,3 wk ahead inc flu hosp,2022-02-26,20,quantile,0.05,0
2022-02-07,3 wk ahead inc flu hosp,2022-02-26,29,quantile,0.05,1.2
2022-02-07,3 wk ahead inc flu hosp,2022-02-26,50,quantile,0.05,0
2022-02-07,3 wk ahead inc flu hosp,2022-02-26,51,quantile,0.05,1.6
2022-02-07,3 wk ahead inc flu hosp,2022-02-26,09,quantile,0.05,0
2022-02-07,3 wk ahead inc flu hosp,2022-02-26,19,quantile,0.05,0
2022-02-07,3 wk ahead inc flu hosp,2022-02-26,22,quantile,0.05,2.8
2022-02-07,3 wk ahead inc flu hosp,2022-02-26,39,quantile,0.05,0
2022-02-07,3 wk ahead inc flu hosp,2022-02-26,26,quantile,0.05,0
2022-02-07,3 wk ahead inc flu hosp,2022-02-26,46,quantile,0.05,0.7
2022-02-07,3 wk ahead inc flu hosp,2022-02-26,05,quantile,0.05,0
2022-02-07,3 wk ahead inc flu hosp,2022-02-26,10,quantile,0.05,0
2022-02-07,3 wk ahead inc flu hosp,2022-02-26,28,quantile,0.05,0
2022-02-07,3 wk ahead inc flu hosp,2022-02-26,35,quantile,0.05,0
2022-02-07,3 wk ahead inc flu hosp,2022-02-26,38,quantile,0.05,0
2022-02-07,3 wk ahead inc flu hosp,2022-02-26,56,quantile,0.05,0
2022-02-07,3 wk ahead inc flu hosp,2022-02-26,02,quantile,0.05,0
2022-02-07,3 wk ahead inc flu hosp,2022-02-26,23,quantile,0.05,0
2022-02-07,3 wk ahead inc flu hosp,2022-02-26,01,quantile,0.05,1.3
2022-02-07,3 wk ahead inc flu hosp,2022-02-26,16,quantile,0.05,0
2022-02-07,3 wk ahead inc flu hosp,2022-02-26,30,quantile,0.05,0
2022-02-07,3 wk ahead inc flu hosp,2022-02-26,72,quantile,0.05,0
2022-02-07,3 wk ahead inc flu hosp,2022-02-26,78,quantile,0.05,0
2022-02-07,3 wk ahead inc flu hosp,2022-02-26,54,quantile,0.05,0
2022-02-07,4 wk ahead inc flu hosp,2022-03-05,53,quantile,0.05,0
2022-02-07,4 wk ahead inc flu hosp,2022-03-05,17,quantile,0.05,0
2022-02-07,4 wk ahead inc flu hosp,2022-03-05,06,quantile,0.05,0
2022-02-07,4 wk ahead inc flu hosp,2022-03-05,04,quantile,0.05,0
2022-02-07,4 wk ahead inc flu hosp,2022-03-05,25,quantile,0.05,0
2022-02-07,4 wk ahead inc flu hosp,2022-03-05,55,quantile,0.05,0
2022-02-07,4 wk ahead inc flu hosp,2022-03-05,48,quantile,0.05,0
2022-02-07,4 wk ahead inc flu hosp,2022-03-05,31,quantile,0.05,5.3
2022-02-07,4 wk ahead inc flu hosp,2022-03-05,49,quantile,0.05,0
2022-02-07,4 wk ahead inc flu hosp,2022-03-05,41,quantile,0.05,0
2022-02-07,4 wk ahead inc flu hosp,2022-03-05,12,quantile,0.05,0
2022-02-07,4 wk ahead inc flu hosp,2022-03-05,36,quantile,0.05,0
2022-02-07,4 wk ahead inc flu hosp,2022-03-05,44,quantile,0.05,0
2022-02-07,4 wk ahead inc flu hosp,2022-03-05,13,quantile,0.05,4.6
2022-02-07,4 wk ahead inc flu hosp,2022-03-05,33,quantile,0.05,0
2022-02-07,4 wk ahead inc flu hosp,2022-03-05,37,quantile,0.05,0
2022-02-07,4 wk ahead inc flu hosp,2022-03-05,34,quantile,0.05,19.3
2022-02-07,4 wk ahead inc flu hosp,2022-03-05,08,quantile,0.05,0
2022-02-07,4 wk ahead inc flu hosp,2022-03-05,24,quantile,0.05,0
2022-02-07,4 wk ahead inc flu hosp,2022-03-05,32,quantile,0.05,0
2022-02-07,4 wk ahead inc flu hosp,2022-03-05,47,quantile,0.05,0.2
2022-02-07,4 wk ahead inc flu hosp,2022-03-05,15,quantile,0.05,0
2022-02-07,4 wk ahead inc flu hosp,2022-03-05,18,quantile,0.05,0
2022-02-07,4 wk ahead inc flu hosp,2022-03-05,21,quantile,0.05,1.7
2022-02-07,4 wk ahead inc flu hosp,2022-03-05,27,quantile,0.05,16.2
2022-02-07,4 wk ahead inc flu hosp,2022-03-05,40,quantile,0.05,0
2022-02-07,4 wk ahead inc flu hosp,2022-03-05,42,quantile,0.05,0
2022-02-07,4 wk ahead inc flu hosp,2022-03-05,45,quantile,0.05,0
2022-02-07,4 wk ahead inc flu hosp,2022-03-05,11,quantile,0.05,0
2022-02-07,4 wk ahead inc flu hosp,2022-03-05,20,quantile,0.05,4.3
2022-02-07,4 wk ahead inc flu hosp,2022-03-05,29,quantile,0.05,0.7
2022-02-07,4 wk ahead inc flu hosp,2022-03-05,50,quantile,0.05,0
2022-02-07,4 wk ahead inc flu hosp,2022-03-05,51,quantile,0.05,0
2022-02-07,4 wk ahead inc flu hosp,2022-03-05,09,quantile,0.05,0
2022-02-07,4 wk ahead inc flu hosp,2022-03-05,19,quantile,0.05,4.9
2022-02-07,4 wk ahead inc flu hosp,2022-03-05,22,quantile,0.05,0
2022-02-07,4 wk ahead inc flu hosp,2022-03-05,39,quantile,0.05,1.5
2022-02-07,4 wk ahead inc flu hosp,2022-03-05,26,quantile,0.05,0
2022-02-07,4 wk ahead inc flu hosp,2022-03-05,46,quantile,0.05,1.3
2022-02-07,4 wk ahead inc flu hosp,2022-03-05,05,quantile,0.05,0
2022-02-07,4 wk ahead inc flu hosp,2022-03-05,10,quantile,0.05,0
2022-02-07,4 wk ahead inc flu hosp,2022-03-05,28,quantile,0.05,0
2022-02-07,4 wk ahead inc flu hosp,2022-03-05,35,quantile,0.05,0
2022-02-07,4 wk ahead inc flu hosp,2022-03-05,38,quantile,0.05,1.5
2022-02-07,4 wk ahead inc flu hosp,2022-03-05,56,quantile,0.05,0
2022-02-07,4 wk ahead inc flu hosp,2022-03-05,02,quantile,0.05,0
2022-02-07,4 wk ahead inc flu hosp,2022-03-05,23,quantile,0.05,0
2022-02-07,4 wk ahead inc flu hosp,2022-03-05,01,quantile,0.05,2.6
2022-02-07,4 wk ahead inc flu hosp,2022-03-05,16,quantile,0.05,0
2022-02-07,4 wk ahead inc flu hosp,2022-03-05,30,quantile,0.05,0
2022-02-07,4 wk ahead inc flu hosp,2022-03-05,72,quantile,0.05,0
2022-02-07,4 wk ahead inc flu hosp,2022-03-05,78,quantile,0.05,0
2022-02-07,4 wk ahead inc flu hosp,2022-03-05,54,quantile,0.05,0
2022-02-07,1 wk ahead inc flu hosp,2022-02-12,53,quantile,0.1,0
2022-02-07,1 wk ahead inc flu hosp,2022-02-12,17,quantile,0.1,0
2022-02-07,1 wk ahead inc flu hosp,2022-02-12,06,quantile,0.1,0
2022-02-07,1 wk ahead inc flu hosp,2022-02-12,04,quantile,0.1,2.6
2022-02-07,1 wk ahead inc flu hosp,2022-02-12,25,quantile,0.1,8.6
2022-02-07,1 wk ahead inc flu hosp,2022-02-12,55,quantile,0.1,1
2022-02-07,1 wk ahead inc flu hosp,2022-02-12,48,quantile,0.1,70.5
2022-02-07,1 wk ahead inc flu hosp,2022-02-12,31,quantile,0.1,5.8
2022-02-07,1 wk ahead inc flu hosp,2022-02-12,49,quantile,0.1,0
2022-02-07,1 wk ahead inc flu hosp,2022-02-12,41,quantile,0.1,0
2022-02-07,1 wk ahead inc flu hosp,2022-02-12,12,quantile,0.1,8.6
2022-02-07,1 wk ahead inc flu hosp,2022-02-12,36,quantile,0.1,0
2022-02-07,1 wk ahead inc flu hosp,2022-02-12,44,quantile,0.1,0
2022-02-07,1 wk ahead inc flu hosp,2022-02-12,13,quantile,0.1,0
2022-02-07,1 wk ahead inc flu hosp,2022-02-12,33,quantile,0.1,1.5
2022-02-07,1 wk ahead inc flu hosp,2022-02-12,37,quantile,0.1,9
2022-02-07,1 wk ahead inc flu hosp,2022-02-12,34,quantile,0.1,8.8
2022-02-07,1 wk ahead inc flu hosp,2022-02-12,08,quantile,0.1,2.1
2022-02-07,1 wk ahead inc flu hosp,2022-02-12,24,quantile,0.1,5
2022-02-07,1 wk ahead inc flu hosp,2022-02-12,32,quantile,0.1,0
2022-02-07,1 wk ahead inc flu hosp,2022-02-12,47,quantile,0.1,15.2
2022-02-07,1 wk ahead inc flu hosp,2022-02-12,15,quantile,0.1,0
2022-02-07,1 wk ahead inc flu hosp,2022-02-12,18,quantile,0.1,11
2022-02-07,1 wk ahead inc flu hosp,2022-02-12,21,quantile,0.1,4.1
2022-02-07,1 wk ahead inc flu hosp,2022-02-12,27,quantile,0.1,9.7
2022-02-07,1 wk ahead inc flu hosp,2022-02-12,40,quantile,0.1,8.8
2022-02-07,1 wk ahead inc flu hosp,2022-02-12,42,quantile,0.1,17.3
2022-02-07,1 wk ahead inc flu hosp,2022-02-12,45,quantile,0.1,8.8
2022-02-07,1 wk ahead inc flu hosp,2022-02-12,11,quantile,0.1,0
2022-02-07,1 wk ahead inc flu hosp,2022-02-12,20,quantile,0.1,6.8
2022-02-07,1 wk ahead inc flu hosp,2022-02-12,29,quantile,0.1,12.2
2022-02-07,1 wk ahead inc flu hosp,2022-02-12,50,quantile,0.1,0
2022-02-07,1 wk ahead inc flu hosp,2022-02-12,51,quantile,0.1,20.4
2022-02-07,1 wk ahead inc flu hosp,2022-02-12,09,quantile,0.1,0
2022-02-07,1 wk ahead inc flu hosp,2022-02-12,19,quantile,0.1,8.8
2022-02-07,1 wk ahead inc flu hosp,2022-02-12,22,quantile,0.1,0
2022-02-07,1 wk ahead inc flu hosp,2022-02-12,39,quantile,0.1,0
2022-02-07,1 wk ahead inc flu hosp,2022-02-12,26,quantile,0.1,4.2
2022-02-07,1 wk ahead inc flu hosp,2022-02-12,46,quantile,0.1,2.9
2022-02-07,1 wk ahead inc flu hosp,2022-02-12,05,quantile,0.1,6.1
2022-02-07,1 wk ahead inc flu hosp,2022-02-12,10,quantile,0.1,0
2022-02-07,1 wk ahead inc flu hosp,2022-02-12,28,quantile,0.1,0
2022-02-07,1 wk ahead inc flu hosp,2022-02-12,35,quantile,0.1,1.1
2022-02-07,1 wk ahead inc flu hosp,2022-02-12,38,quantile,0.1,5.1
2022-02-07,1 wk ahead inc flu hosp,2022-02-12,56,quantile,0.1,2.3
2022-02-07,1 wk ahead inc flu hosp,2022-02-12,02,quantile,0.1,0
2022-02-07,1 wk ahead inc flu hosp,2022-02-12,23,quantile,0.1,0.9
2022-02-07,1 wk ahead inc flu hosp,2022-02-12,01,quantile,0.1,5.9
2022-02-07,1 wk ahead inc flu hosp,2022-02-12,16,quantile,0.1,0
2022-02-07,1 wk ahead inc flu hosp,2022-02-12,30,quantile,0.1,1.7
2022-02-07,1 wk ahead inc flu hosp,2022-02-12,72,quantile,0.1,5.2
2022-02-07,1 wk ahead inc flu hosp,2022-02-12,78,quantile,0.1,0
2022-02-07,1 wk ahead inc flu hosp,2022-02-12,54,quantile,0.1,1.1
2022-02-07,2 wk ahead inc flu hosp,2022-02-19,53,quantile,0.1,0
2022-02-07,2 wk ahead inc flu hosp,2022-02-19,17,quantile,0.1,0
2022-02-07,2 wk ahead inc flu hosp,2022-02-19,06,quantile,0.1,0
2022-02-07,2 wk ahead inc flu hosp,2022-02-19,04,quantile,0.1,11.4
2022-02-07,2 wk ahead inc flu hosp,2022-02-19,25,quantile,0.1,0
2022-02-07,2 wk ahead inc flu hosp,2022-02-19,55,quantile,0.1,1.1
2022-02-07,2 wk ahead inc flu hosp,2022-02-19,48,quantile,0.1,40.1
2022-02-07,2 wk ahead inc flu hosp,2022-02-19,31,quantile,0.1,7.1
2022-02-07,2 wk ahead inc flu hosp,2022-02-19,49,quantile,0.1,0
2022-02-07,2 wk ahead inc flu hosp,2022-02-19,41,quantile,0.1,0
2022-02-07,2 wk ahead inc flu hosp,2022-02-19,12,quantile,0.1,30.1
2022-02-07,2 wk ahead inc flu hosp,2022-02-19,36,quantile,0.1,0
2022-02-07,2 wk ahead inc flu hosp,2022-02-19,44,quantile,0.1,0
2022-02-07,2 wk ahead inc flu hosp,2022-02-19,13,quantile,0.1,11.6
2022-02-07,2 wk ahead inc flu hosp,2022-02-19,33,quantile,0.1,0.4
2022-02-07,2 wk ahead inc flu hosp,2022-02-19,37,quantile,0.1,4.5
2022-02-07,2 wk ahead inc flu hosp,2022-02-19,34,quantile,0.1,0
2022-02-07,2 wk ahead inc flu hosp,2022-02-19,08,quantile,0.1,0
2022-02-07,2 wk ahead inc flu hosp,2022-02-19,24,quantile,0.1,0.6
2022-02-07,2 wk ahead inc flu hosp,2022-02-19,32,quantile,0.1,0
2022-02-07,2 wk ahead inc flu hosp,2022-02-19,47,quantile,0.1,4
2022-02-07,2 wk ahead inc flu hosp,2022-02-19,15,quantile,0.1,0
2022-02-07,2 wk ahead inc flu hosp,2022-02-19,18,quantile,0.1,2.2
2022-02-07,2 wk ahead inc flu hosp,2022-02-19,21,quantile,0.1,0
2022-02-07,2 wk ahead inc flu hosp,2022-02-19,27,quantile,0.1,7.2
2022-02-07,2 wk ahead inc flu hosp,2022-02-19,40,quantile,0.1,19.4
2022-02-07,2 wk ahead inc flu hosp,2022-02-19,42,quantile,0.1,17.1
2022-02-07,2 wk ahead inc flu hosp,2022-02-19,45,quantile,0.1,4.7
2022-02-07,2 wk ahead inc flu hosp,2022-02-19,11,quantile,0.1,0
2022-02-07,2 wk ahead inc flu hosp,2022-02-19,20,quantile,0.1,4.9
2022-02-07,2 wk ahead inc flu hosp,2022-02-19,29,quantile,0.1,17.5
2022-02-07,2 wk ahead inc flu hosp,2022-02-19,50,quantile,0.1,0
2022-02-07,2 wk ahead inc flu hosp,2022-02-19,51,quantile,0.1,12.7
2022-02-07,2 wk ahead inc flu hosp,2022-02-19,09,quantile,0.1,0
2022-02-07,2 wk ahead inc flu hosp,2022-02-19,19,quantile,0.1,8.2
2022-02-07,2 wk ahead inc flu hosp,2022-02-19,22,quantile,0.1,11.1
2022-02-07,2 wk ahead inc flu hosp,2022-02-19,39,quantile,0.1,3.5
2022-02-07,2 wk ahead inc flu hosp,2022-02-19,26,quantile,0.1,6
2022-02-07,2 wk ahead inc flu hosp,2022-02-19,46,quantile,0.1,2.6
2022-02-07,2 wk ahead inc flu hosp,2022-02-19,05,quantile,0.1,7.7
2022-02-07,2 wk ahead inc flu hosp,2022-02-19,10,quantile,0.1,0
2022-02-07,2 wk ahead inc flu hosp,2022-02-19,28,quantile,0.1,0.9
2022-02-07,2 wk ahead inc flu hosp,2022-02-19,35,quantile,0.1,0.4
2022-02-07,2 wk ahead inc flu hosp,2022-02-19,38,quantile,0.1,2.5
2022-02-07,2 wk ahead inc flu hosp,2022-02-19,56,quantile,0.1,0
2022-02-07,2 wk ahead inc flu hosp,2022-02-19,02,quantile,0.1,0.7
2022-02-07,2 wk ahead inc flu hosp,2022-02-19,23,quantile,0.1,0
2022-02-07,2 wk ahead inc flu hosp,2022-02-19,01,quantile,0.1,2.9
2022-02-07,2 wk ahead inc flu hosp,2022-02-19,16,quantile,0.1,0
2022-02-07,2 wk ahead inc flu hosp,2022-02-19,30,quantile,0.1,2.1
2022-02-07,2 wk ahead inc flu hosp,2022-02-19,72,quantile,0.1,0
2022-02-07,2 wk ahead inc flu hosp,2022-02-19,78,quantile,0.1,0
2022-02-07,2 wk ahead inc flu hosp,2022-02-19,54,quantile,0.1,0.4
2022-02-07,3 wk ahead inc flu hosp,2022-02-26,53,quantile,0.1,0
2022-02-07,3 wk ahead inc flu hosp,2022-02-26,17,quantile,0.1,0
2022-02-07,3 wk ahead inc flu hosp,2022-02-26,06,quantile,0.1,0
2022-02-07,3 wk ahead inc flu hosp,2022-02-26,04,quantile,0.1,0
2022-02-07,3 wk ahead inc flu hosp,2022-02-26,25,quantile,0.1,0.6
2022-02-07,3 wk ahead inc flu hosp,2022-02-26,55,quantile,0.1,5.1
2022-02-07,3 wk ahead inc flu hosp,2022-02-26,48,quantile,0.1,0
2022-02-07,3 wk ahead inc flu hosp,2022-02-26,31,quantile,0.1,5.8
2022-02-07,3 wk ahead inc flu hosp,2022-02-26,49,quantile,0.1,0
2022-02-07,3 wk ahead inc flu hosp,2022-02-26,41,quantile,0.1,0
2022-02-07,3 wk ahead inc flu hosp,2022-02-26,12,quantile,0.1,4
2022-02-07,3 wk ahead inc flu hosp,2022-02-26,36,quantile,0.1,0
2022-02-07,3 wk ahead inc flu hosp,2022-02-26,44,quantile,0.1,0
2022-02-07,3 wk ahead inc flu hosp,2022-02-26,13,quantile,0.1,0
2022-02-07,3 wk ahead inc flu hosp,2022-02-26,33,quantile,0.1,0
2022-02-07,3 wk ahead inc flu hosp,2022-02-26,37,quantile,0.1,6.3
2022-02-07,3 wk ahead inc flu hosp,2022-02-26,34,quantile,0.1,4.9
2022-02-07,3 wk ahead inc flu hosp,2022-02-26,08,quantile,0.1,0
2022-02-07,3 wk ahead inc flu hosp,2022-02-26,24,quantile,0.1,0
2022-02-07,3 wk ahead inc flu hosp,2022-02-26,32,quantile,0.1,0.7
2022-02-07,3 wk ahead inc flu hosp,2022-02-26,47,quantile,0.1,0
2022-02-07,3 wk ahead inc flu hosp,2022-02-26,15,quantile,0.1,0
2022-02-07,3 wk ahead inc flu hosp,2022-02-26,18,quantile,0.1,0
2022-02-07,3 wk ahead inc flu hosp,2022-02-26,21,quantile,0.1,3
2022-02-07,3 wk ahead inc flu hosp,2022-02-26,27,quantile,0.1,19.4
2022-02-07,3 wk ahead inc flu hosp,2022-02-26,40,quantile,0.1,1.1
2022-02-07,3 wk ahead inc flu hosp,2022-02-26,42,quantile,0.1,2.5
2022-02-07,3 wk ahead inc flu hosp,2022-02-26,45,quantile,0.1,6.8
2022-02-07,3 wk ahead inc flu hosp,2022-02-26,11,quantile,0.1,0
2022-02-07,3 wk ahead inc flu hosp,2022-02-26,20,quantile,0.1,0.4
2022-02-07,3 wk ahead inc flu hosp,2022-02-26,29,quantile,0.1,4.4
2022-02-07,3 wk ahead inc flu hosp,2022-02-26,50,quantile,0.1,0
2022-02-07,3 wk ahead inc flu hosp,2022-02-26,51,quantile,0.1,10.7
2022-02-07,3 wk ahead inc flu hosp,2022-02-26,09,quantile,0.1,0
2022-02-07,3 wk ahead inc flu hosp,2022-02-26,19,quantile,0.1,0.6
2022-02-07,3 wk ahead inc flu hosp,2022-02-26,22,quantile,0.1,12.3
2022-02-07,3 wk ahead inc flu hosp,2022-02-26,39,quantile,0.1,3.9
2022-02-07,3 wk ahead inc flu hosp,2022-02-26,26,quantile,0.1,0.8
2022-02-07,3 wk ahead inc flu hosp,2022-02-26,46,quantile,0.1,2.5
2022-02-07,3 wk ahead inc flu hosp,2022-02-26,05,quantile,0.1,0
2022-02-07,3 wk ahead inc flu hosp,2022-02-26,10,quantile,0.1,0
2022-02-07,3 wk ahead inc flu hosp,2022-02-26,28,quantile,0.1,0
2022-02-07,3 wk ahead inc flu hosp,2022-02-26,35,quantile,0.1,2.9
2022-02-07,3 wk ahead inc flu hosp,2022-02-26,38,quantile,0.1,0.7
2022-02-07,3 wk ahead inc flu hosp,2022-02-26,56,quantile,0.1,0.4
2022-02-07,3 wk ahead inc flu hosp,2022-02-26,02,quantile,0.1,0.3
2022-02-07,3 wk ahead inc flu hosp,2022-02-26,23,quantile,0.1,0
2022-02-07,3 wk ahead inc flu hosp,2022-02-26,01,quantile,0.1,3.5
2022-02-07,3 wk ahead inc flu hosp,2022-02-26,16,quantile,0.1,0
2022-02-07,3 wk ahead inc flu hosp,2022-02-26,30,quantile,0.1,0.4
2022-02-07,3 wk ahead inc flu hosp,2022-02-26,72,quantile,0.1,0
2022-02-07,3 wk ahead inc flu hosp,2022-02-26,78,quantile,0.1,0
2022-02-07,3 wk ahead inc flu hosp,2022-02-26,54,quantile,0.1,0
2022-02-07,4 wk ahead inc flu hosp,2022-03-05,53,quantile,0.1,3
2022-02-07,4 wk ahead inc flu hosp,2022-03-05,17,quantile,0.1,0
2022-02-07,4 wk ahead inc flu hosp,2022-03-05,06,quantile,0.1,0
2022-02-07,4 wk ahead inc flu hosp,2022-03-05,04,quantile,0.1,7.2
2022-02-07,4 wk ahead inc flu hosp,2022-03-05,25,quantile,0.1,0
2022-02-07,4 wk ahead inc flu hosp,2022-03-05,55,quantile,0.1,0
2022-02-07,4 wk ahead inc flu hosp,2022-03-05,48,quantile,0.1,12.8
2022-02-07,4 wk ahead inc flu hosp,2022-03-05,31,quantile,0.1,7.1
2022-02-07,4 wk ahead inc flu hosp,2022-03-05,49,quantile,0.1,0
2022-02-07,4 wk ahead inc flu hosp,2022-03-05,41,quantile,0.1,0
2022-02-07,4 wk ahead inc flu hosp,2022-03-05,12,quantile,0.1,18.8
2022-02-07,4 wk ahead inc flu hosp,2022-03-05,36,quantile,0.1,0
2022-02-07,4 wk ahead inc flu hosp,2022-03-05,44,quantile,0.1,0
2022-02-07,4 wk ahead inc flu hosp,2022-03-05,13,quantile,0.1,12.1
2022-02-07,4 wk ahead inc flu hosp,2022-03-05,33,quantile,0.1,0
2022-02-07,4 wk ahead inc flu hosp,2022-03-05,37,quantile,0.1,2.6
2022-02-07,4 wk ahead inc flu hosp,2022-03-05,34,quantile,0.1,25.3
2022-02-07,4 wk ahead inc flu hosp,2022-03-05,08,quantile,0.1,0
2022-02-07,4 wk ahead inc flu hosp,2022-03-05,24,quantile,0.1,1.5
2022-02-07,4 wk ahead inc flu hosp,2022-03-05,32,quantile,0.1,0.6
2022-02-07,4 wk ahead inc flu hosp,2022-03-05,47,quantile,0.1,2.9
2022-02-07,4 wk ahead inc flu hosp,2022-03-05,15,quantile,0.1,0
2022-02-07,4 wk ahead inc flu hosp,2022-03-05,18,quantile,0.1,5.8
2022-02-07,4 wk ahead inc flu hosp,2022-03-05,21,quantile,0.1,5.3
2022-02-07,4 wk ahead inc flu hosp,2022-03-05,27,quantile,0.1,17.4
2022-02-07,4 wk ahead inc flu hosp,2022-03-05,40,quantile,0.1,4.6
2022-02-07,4 wk ahead inc flu hosp,2022-03-05,42,quantile,0.1,5.3
2022-02-07,4 wk ahead inc flu hosp,2022-03-05,45,quantile,0.1,0
2022-02-07,4 wk ahead inc flu hosp,2022-03-05,11,quantile,0.1,0
2022-02-07,4 wk ahead inc flu hosp,2022-03-05,20,quantile,0.1,7.6
2022-02-07,4 wk ahead inc flu hosp,2022-03-05,29,quantile,0.1,1.9
2022-02-07,4 wk ahead inc flu hosp,2022-03-05,50,quantile,0.1,0
2022-02-07,4 wk ahead inc flu hosp,2022-03-05,51,quantile,0.1,0
2022-02-07,4 wk ahead inc flu hosp,2022-03-05,09,quantile,0.1,0
2022-02-07,4 wk ahead inc flu hosp,2022-03-05,19,quantile,0.1,6.3
2022-02-07,4 wk ahead inc flu hosp,2022-03-05,22,quantile,0.1,0
2022-02-07,4 wk ahead inc flu hosp,2022-03-05,39,quantile,0.1,8.2
2022-02-07,4 wk ahead inc flu hosp,2022-03-05,26,quantile,0.1,9.3
2022-02-07,4 wk ahead inc flu hosp,2022-03-05,46,quantile,0.1,2.4
2022-02-07,4 wk ahead inc flu hosp,2022-03-05,05,quantile,0.1,0
2022-02-07,4 wk ahead inc flu hosp,2022-03-05,10,quantile,0.1,0
2022-02-07,4 wk ahead inc flu hosp,2022-03-05,28,quantile,0.1,0
2022-02-07,4 wk ahead inc flu hosp,2022-03-05,35,quantile,0.1,0
2022-02-07,4 wk ahead inc flu hosp,2022-03-05,38,quantile,0.1,1.7
2022-02-07,4 wk ahead inc flu hosp,2022-03-05,56,quantile,0.1,0
2022-02-07,4 wk ahead inc flu hosp,2022-03-05,02,quantile,0.1,0
2022-02-07,4 wk ahead inc flu hosp,2022-03-05,23,quantile,0.1,0
2022-02-07,4 wk ahead inc flu hosp,2022-03-05,01,quantile,0.1,8.4
2022-02-07,4 wk ahead inc flu hosp,2022-03-05,16,quantile,0.1,0
2022-02-07,4 wk ahead inc flu hosp,2022-03-05,30,quantile,0.1,0
2022-02-07,4 wk ahead inc flu hosp,2022-03-05,72,quantile,0.1,0.2
2022-02-07,4 wk ahead inc flu hosp,2022-03-05,78,quantile,0.1,0
2022-02-07,4 wk ahead inc flu hosp,2022-03-05,54,quantile,0.1,0
2022-02-07,1 wk ahead inc flu hosp,2022-02-12,53,quantile,0.15,0
2022-02-07,1 wk ahead inc flu hosp,2022-02-12,17,quantile,0.15,1.4
2022-02-07,1 wk ahead inc flu hosp,2022-02-12,06,quantile,0.15,0
2022-02-07,1 wk ahead inc flu hosp,2022-02-12,04,quantile,0.15,9.2
2022-02-07,1 wk ahead inc flu hosp,2022-02-12,25,quantile,0.15,14.4
2022-02-07,1 wk ahead inc flu hosp,2022-02-12,55,quantile,0.15,2.2
2022-02-07,1 wk ahead inc flu hosp,2022-02-12,48,quantile,0.15,87.8
2022-02-07,1 wk ahead inc flu hosp,2022-02-12,31,quantile,0.15,5.8
2022-02-07,1 wk ahead inc flu hosp,2022-02-12,49,quantile,0.15,0
2022-02-07,1 wk ahead inc flu hosp,2022-02-12,41,quantile,0.15,0
2022-02-07,1 wk ahead inc flu hosp,2022-02-12,12,quantile,0.15,18.7
2022-02-07,1 wk ahead inc flu hosp,2022-02-12,36,quantile,0.15,0
2022-02-07,1 wk ahead inc flu hosp,2022-02-12,44,quantile,0.15,0
2022-02-07,1 wk ahead inc flu hosp,2022-02-12,13,quantile,0.15,0.7
2022-02-07,1 wk ahead inc flu hosp,2022-02-12,33,quantile,0.15,2
2022-02-07,1 wk ahead inc flu hosp,2022-02-12,37,quantile,0.15,9
2022-02-07,1 wk ahead inc flu hosp,2022-02-12,34,quantile,0.15,12.1
2022-02-07,1 wk ahead inc flu hosp,2022-02-12,08,quantile,0.15,4.5
2022-02-07,1 wk ahead inc flu hosp,2022-02-12,24,quantile,0.15,7.4
2022-02-07,1 wk ahead inc flu hosp,2022-02-12,32,quantile,0.15,0.4
2022-02-07,1 wk ahead inc flu hosp,2022-02-12,47,quantile,0.15,17.9
2022-02-07,1 wk ahead inc flu hosp,2022-02-12,15,quantile,0.15,0
2022-02-07,1 wk ahead inc flu hosp,2022-02-12,18,quantile,0.15,13.5
2022-02-07,1 wk ahead inc flu hosp,2022-02-12,21,quantile,0.15,7
2022-02-07,1 wk ahead inc flu hosp,2022-02-12,27,quantile,0.15,11.6
2022-02-07,1 wk ahead inc flu hosp,2022-02-12,40,quantile,0.15,13.2
2022-02-07,1 wk ahead inc flu hosp,2022-02-12,42,quantile,0.15,23
2022-02-07,1 wk ahead inc flu hosp,2022-02-12,45,quantile,0.15,11.9
2022-02-07,1 wk ahead inc flu hosp,2022-02-12,11,quantile,0.15,0
2022-02-07,1 wk ahead inc flu hosp,2022-02-12,20,quantile,0.15,7.9
2022-02-07,1 wk ahead inc flu hosp,2022-02-12,29,quantile,0.15,12.4
2022-02-07,1 wk ahead inc flu hosp,2022-02-12,50,quantile,0.15,0
2022-02-07,1 wk ahead inc flu hosp,2022-02-12,51,quantile,0.15,24.1
2022-02-07,1 wk ahead inc flu hosp,2022-02-12,09,quantile,0.15,0
2022-02-07,1 wk ahead inc flu hosp,2022-02-12,19,quantile,0.15,11.8
2022-02-07,1 wk ahead inc flu hosp,2022-02-12,22,quantile,0.15,4.6
2022-02-07,1 wk ahead inc flu hosp,2022-02-12,39,quantile,0.15,6.1
2022-02-07,1 wk ahead inc flu hosp,2022-02-12,26,quantile,0.15,9.1
2022-02-07,1 wk ahead inc flu hosp,2022-02-12,46,quantile,0.15,5.2
2022-02-07,1 wk ahead inc flu hosp,2022-02-12,05,quantile,0.15,9.2
2022-02-07,1 wk ahead inc flu hosp,2022-02-12,10,quantile,0.15,0.2
2022-02-07,1 wk ahead inc flu hosp,2022-02-12,28,quantile,0.15,2.4
2022-02-07,1 wk ahead inc flu hosp,2022-02-12,35,quantile,0.15,1.9
2022-02-07,1 wk ahead inc flu hosp,2022-02-12,38,quantile,0.15,6.3
2022-02-07,1 wk ahead inc flu hosp,2022-02-12,56,quantile,0.15,2.5
2022-02-07,1 wk ahead inc flu hosp,2022-02-12,02,quantile,0.15,0
2022-02-07,1 wk ahead inc flu hosp,2022-02-12,23,quantile,0.15,1.8
2022-02-07,1 wk ahead inc flu hosp,2022-02-12,01,quantile,0.15,6.8
2022-02-07,1 wk ahead inc flu hosp,2022-02-12,16,quantile,0.15,0
2022-02-07,1 wk ahead inc flu hosp,2022-02-12,30,quantile,0.15,2.2
2022-02-07,1 wk ahead inc flu hosp,2022-02-12,72,quantile,0.15,8.2
2022-02-07,1 wk ahead inc flu hosp,2022-02-12,78,quantile,0.15,0
2022-02-07,1 wk ahead inc flu hosp,2022-02-12,54,quantile,0.15,2.9
2022-02-07,2 wk ahead inc flu hosp,2022-02-19,53,quantile,0.15,0
2022-02-07,2 wk ahead inc flu hosp,2022-02-19,17,quantile,0.15,0
2022-02-07,2 wk ahead inc flu hosp,2022-02-19,06,quantile,0.15,0
2022-02-07,2 wk ahead inc flu hosp,2022-02-19,04,quantile,0.15,15.1
2022-02-07,2 wk ahead inc flu hosp,2022-02-19,25,quantile,0.15,0
2022-02-07,2 wk ahead inc flu hosp,2022-02-19,55,quantile,0.15,3
2022-02-07,2 wk ahead inc flu hosp,2022-02-19,48,quantile,0.15,64.3
2022-02-07,2 wk ahead inc flu hosp,2022-02-19,31,quantile,0.15,11.2
2022-02-07,2 wk ahead inc flu hosp,2022-02-19,49,quantile,0.15,0
2022-02-07,2 wk ahead inc flu hosp,2022-02-19,41,quantile,0.15,0
2022-02-07,2 wk ahead inc flu hosp,2022-02-19,12,quantile,0.15,37.6
2022-02-07,2 wk ahead inc flu hosp,2022-02-19,36,quantile,0.15,0
2022-02-07,2 wk ahead inc flu hosp,2022-02-19,44,quantile,0.15,0.1
2022-02-07,2 wk ahead inc flu hosp,2022-02-19,13,quantile,0.15,17.8
2022-02-07,2 wk ahead inc flu hosp,2022-02-19,33,quantile,0.15,1.5
2022-02-07,2 wk ahead inc flu hosp,2022-02-19,37,quantile,0.15,8.8
2022-02-07,2 wk ahead inc flu hosp,2022-02-19,34,quantile,0.15,1.5
2022-02-07,2 wk ahead inc flu hosp,2022-02-19,08,quantile,0.15,1.6
2022-02-07,2 wk ahead inc flu hosp,2022-02-19,24,quantile,0.15,3.2
2022-02-07,2 wk ahead inc flu hosp,2022-02-19,32,quantile,0.15,0
2022-02-07,2 wk ahead inc flu hosp,2022-02-19,47,quantile,0.15,7.4
2022-02-07,2 wk ahead inc flu hosp,2022-02-19,15,quantile,0.15,0
2022-02-07,2 wk ahead inc flu hosp,2022-02-19,18,quantile,0.15,8.3
2022-02-07,2 wk ahead inc flu hosp,2022-02-19,21,quantile,0.15,0
2022-02-07,2 wk ahead inc flu hosp,2022-02-19,27,quantile,0.15,9.1
2022-02-07,2 wk ahead inc flu hosp,2022-02-19,40,quantile,0.15,24.2
2022-02-07,2 wk ahead inc flu hosp,2022-02-19,42,quantile,0.15,26.5
2022-02-07,2 wk ahead inc flu hosp,2022-02-19,45,quantile,0.15,9.2
2022-02-07,2 wk ahead inc flu hosp,2022-02-19,11,quantile,0.15,0
2022-02-07,2 wk ahead inc flu hosp,2022-02-19,20,quantile,0.15,6.2
2022-02-07,2 wk ahead inc flu hosp,2022-02-19,29,quantile,0.15,26.2
2022-02-07,2 wk ahead inc flu hosp,2022-02-19,50,quantile,0.15,0
2022-02-07,2 wk ahead inc flu hosp,2022-02-19,51,quantile,0.15,18.8
2022-02-07,2 wk ahead inc flu hosp,2022-02-19,09,quantile,0.15,0
2022-02-07,2 wk ahead inc flu hosp,2022-02-19,19,quantile,0.15,11.4
2022-02-07,2 wk ahead inc flu hosp,2022-02-19,22,quantile,0.15,14.4
2022-02-07,2 wk ahead inc flu hosp,2022-02-19,39,quantile,0.15,6.3
2022-02-07,2 wk ahead inc flu hosp,2022-02-19,26,quantile,0.15,14.4
2022-02-07,2 wk ahead inc flu hosp,2022-02-19,46,quantile,0.15,3.3
2022-02-07,2 wk ahead inc flu hosp,2022-02-19,05,quantile,0.15,9.9
2022-02-07,2 wk ahead inc flu hosp,2022-02-19,10,quantile,0.15,0.2
2022-02-07,2 wk ahead inc flu hosp,2022-02-19,28,quantile,0.15,4
2022-02-07,2 wk ahead inc flu hosp,2022-02-19,35,quantile,0.15,2.6
2022-02-07,2 wk ahead inc flu hosp,2022-02-19,38,quantile,0.15,3.2
2022-02-07,2 wk ahead inc flu hosp,2022-02-19,56,quantile,0.15,0.1
2022-02-07,2 wk ahead inc flu hosp,2022-02-19,02,quantile,0.15,3
2022-02-07,2 wk ahead inc flu hosp,2022-02-19,23,quantile,0.15,0.5
2022-02-07,2 wk ahead inc flu hosp,2022-02-19,01,quantile,0.15,3.5
2022-02-07,2 wk ahead inc flu hosp,2022-02-19,16,quantile,0.15,0
2022-02-07,2 wk ahead inc flu hosp,2022-02-19,30,quantile,0.15,2.5
2022-02-07,2 wk ahead inc flu hosp,2022-02-19,72,quantile,0.15,0
2022-02-07,2 wk ahead inc flu hosp,2022-02-19,78,quantile,0.15,0
2022-02-07,2 wk ahead inc flu hosp,2022-02-19,54,quantile,0.15,1.3
2022-02-07,3 wk ahead inc flu hosp,2022-02-26,53,quantile,0.15,3.2
2022-02-07,3 wk ahead inc flu hosp,2022-02-26,17,quantile,0.15,0
2022-02-07,3 wk ahead inc flu hosp,2022-02-26,06,quantile,0.15,0
2022-02-07,3 wk ahead inc flu hosp,2022-02-26,04,quantile,0.15,2.7
2022-02-07,3 wk ahead inc flu hosp,2022-02-26,25,quantile,0.15,7
2022-02-07,3 wk ahead inc flu hosp,2022-02-26,55,quantile,0.15,12.6
2022-02-07,3 wk ahead inc flu hosp,2022-02-26,48,quantile,0.15,29.8
2022-02-07,3 wk ahead inc flu hosp,2022-02-26,31,quantile,0.15,5.8
2022-02-07,3 wk ahead inc flu hosp,2022-02-26,49,quantile,0.15,0
2022-02-07,3 wk ahead inc flu hosp,2022-02-26,41,quantile,0.15,0
2022-02-07,3 wk ahead inc flu hosp,2022-02-26,12,quantile,0.15,20.4
2022-02-07,3 wk ahead inc flu hosp,2022-02-26,36,quantile,0.15,0
2022-02-07,3 wk ahead inc flu hosp,2022-02-26,44,quantile,0.15,0
2022-02-07,3 wk ahead inc flu hosp,2022-02-26,13,quantile,0.15,5
2022-02-07,3 wk ahead inc flu hosp,2022-02-26,33,quantile,0.15,0
2022-02-07,3 wk ahead inc flu hosp,2022-02-26,37,quantile,0.15,12.9
2022-02-07,3 wk ahead inc flu hosp,2022-02-26,34,quantile,0.15,6.7
2022-02-07,3 wk ahead inc flu hosp,2022-02-26,08,quantile,0.15,0.6
2022-02-07,3 wk ahead inc flu hosp,2022-02-26,24,quantile,0.15,1.6
2022-02-07,3 wk ahead inc flu hosp,2022-02-26,32,quantile,0.15,2.6
2022-02-07,3 wk ahead inc flu hosp,2022-02-26,47,quantile,0.15,0
2022-02-07,3 wk ahead inc flu hosp,2022-02-26,15,quantile,0.15,0
2022-02-07,3 wk ahead inc flu hosp,2022-02-26,18,quantile,0.15,1.2
2022-02-07,3 wk ahead inc flu hosp,2022-02-26,21,quantile,0.15,5.1
2022-02-07,3 wk ahead inc flu hosp,2022-02-26,27,quantile,0.15,22.9
2022-02-07,3 wk ahead inc flu hosp,2022-02-26,40,quantile,0.15,5.2
2022-02-07,3 wk ahead inc flu hosp,2022-02-26,42,quantile,0.15,8.2
2022-02-07,3 wk ahead inc flu hosp,2022-02-26,45,quantile,0.15,10.6
2022-02-07,3 wk ahead inc flu hosp,2022-02-26,11,quantile,0.15,0
2022-02-07,3 wk ahead inc flu hosp,2022-02-26,20,quantile,0.15,1.7
2022-02-07,3 wk ahead inc flu hosp,2022-02-26,29,quantile,0.15,11.6
2022-02-07,3 wk ahead inc flu hosp,2022-02-26,50,quantile,0.15,0
2022-02-07,3 wk ahead inc flu hosp,2022-02-26,51,quantile,0.15,13.9
2022-02-07,3 wk ahead inc flu hosp,2022-02-26,09,quantile,0.15,0
2022-02-07,3 wk ahead inc flu hosp,2022-02-26,19,quantile,0.15,2.2
2022-02-07,3 wk ahead inc flu hosp,2022-02-26,22,quantile,0.15,16.6
2022-02-07,3 wk ahead inc flu hosp,2022-02-26,39,quantile,0.15,13.2
2022-02-07,3 wk ahead inc flu hosp,2022-02-26,26,quantile,0.15,9.8
2022-02-07,3 wk ahead inc flu hosp,2022-02-26,46,quantile,0.15,4.8
2022-02-07,3 wk ahead inc flu hosp,2022-02-26,05,quantile,0.15,0.2
2022-02-07,3 wk ahead inc flu hosp,2022-02-26,10,quantile,0.15,0
2022-02-07,3 wk ahead inc flu hosp,2022-02-26,28,quantile,0.15,0
2022-02-07,3 wk ahead inc flu hosp,2022-02-26,35,quantile,0.15,7.1
2022-02-07,3 wk ahead inc flu hosp,2022-02-26,38,quantile,0.15,1
2022-02-07,3 wk ahead inc flu hosp,2022-02-26,56,quantile,0.15,1
2022-02-07,3 wk ahead inc flu hosp,2022-02-26,02,quantile,0.15,0.9
2022-02-07,3 wk ahead inc flu hosp,2022-02-26,23,quantile,0.15,0
2022-02-07,3 wk ahead inc flu hosp,2022-02-26,01,quantile,0.15,4.6
2022-02-07,3 wk ahead inc flu hosp,2022-02-26,16,quantile,0.15,0
2022-02-07,3 wk ahead inc flu hosp,2022-02-26,30,quantile,0.15,2.6
2022-02-07,3 wk ahead inc flu hosp,2022-02-26,72,quantile,0.15,0
2022-02-07,3 wk ahead inc flu hosp,2022-02-26,78,quantile,0.15,0
2022-02-07,3 wk ahead inc flu hosp,2022-02-26,54,quantile,0.15,0
2022-02-07,4 wk ahead inc flu hosp,2022-03-05,53,quantile,0.15,3.9
2022-02-07,4 wk ahead inc flu hosp,2022-03-05,17,quantile,0.15,1
2022-02-07,4 wk ahead inc flu hosp,2022-03-05,06,quantile,0.15,4
2022-02-07,4 wk ahead inc flu hosp,2022-03-05,04,quantile,0.15,14.4
2022-02-07,4 wk ahead inc flu hosp,2022-03-05,25,quantile,0.15,0
2022-02-07,4 wk ahead inc flu hosp,2022-03-05,55,quantile,0.15,0
2022-02-07,4 wk ahead inc flu hosp,2022-03-05,48,quantile,0.15,35.2
2022-02-07,4 wk ahead inc flu hosp,2022-03-05,31,quantile,0.15,7.7
2022-02-07,4 wk ahead inc flu hosp,2022-03-05,49,quantile,0.15,0
2022-02-07,4 wk ahead inc flu hosp,2022-03-05,41,quantile,0.15,0.2
2022-02-07,4 wk ahead inc flu hosp,2022-03-05,12,quantile,0.15,36.1
2022-02-07,4 wk ahead inc flu hosp,2022-03-05,36,quantile,0.15,0
2022-02-07,4 wk ahead inc flu hosp,2022-03-05,44,quantile,0.15,0
2022-02-07,4 wk ahead inc flu hosp,2022-03-05,13,quantile,0.15,18.2
2022-02-07,4 wk ahead inc flu hosp,2022-03-05,33,quantile,0.15,0
2022-02-07,4 wk ahead inc flu hosp,2022-03-05,37,quantile,0.15,5.6
2022-02-07,4 wk ahead inc flu hosp,2022-03-05,34,quantile,0.15,26.6
2022-02-07,4 wk ahead inc flu hosp,2022-03-05,08,quantile,0.15,0
2022-02-07,4 wk ahead inc flu hosp,2022-03-05,24,quantile,0.15,5.4
2022-02-07,4 wk ahead inc flu hosp,2022-03-05,32,quantile,0.15,2.1
2022-02-07,4 wk ahead inc flu hosp,2022-03-05,47,quantile,0.15,9.8
2022-02-07,4 wk ahead inc flu hosp,2022-03-05,15,quantile,0.15,0
2022-02-07,4 wk ahead inc flu hosp,2022-03-05,18,quantile,0.15,7
2022-02-07,4 wk ahead inc flu hosp,2022-03-05,21,quantile,0.15,10.3
2022-02-07,4 wk ahead inc flu hosp,2022-03-05,27,quantile,0.15,18.6
2022-02-07,4 wk ahead inc flu hosp,2022-03-05,40,quantile,0.15,9.6
2022-02-07,4 wk ahead inc flu hosp,2022-03-05,42,quantile,0.15,11.4
2022-02-07,4 wk ahead inc flu hosp,2022-03-05,45,quantile,0.15,1.5
2022-02-07,4 wk ahead inc flu hosp,2022-03-05,11,quantile,0.15,0
2022-02-07,4 wk ahead inc flu hosp,2022-03-05,20,quantile,0.15,8.7
2022-02-07,4 wk ahead inc flu hosp,2022-03-05,29,quantile,0.15,5.6
2022-02-07,4 wk ahead inc flu hosp,2022-03-05,50,quantile,0.15,0
2022-02-07,4 wk ahead inc flu hosp,2022-03-05,51,quantile,0.15,0
2022-02-07,4 wk ahead inc flu hosp,2022-03-05,09,quantile,0.15,0.3
2022-02-07,4 wk ahead inc flu hosp,2022-03-05,19,quantile,0.15,6.3
2022-02-07,4 wk ahead inc flu hosp,2022-03-05,22,quantile,0.15,0
2022-02-07,4 wk ahead inc flu hosp,2022-03-05,39,quantile,0.15,13.7
2022-02-07,4 wk ahead inc flu hosp,2022-03-05,26,quantile,0.15,11.5
2022-02-07,4 wk ahead inc flu hosp,2022-03-05,46,quantile,0.15,3.6
2022-02-07,4 wk ahead inc flu hosp,2022-03-05,05,quantile,0.15,0
2022-02-07,4 wk ahead inc flu hosp,2022-03-05,10,quantile,0.15,0.8
2022-02-07,4 wk ahead inc flu hosp,2022-03-05,28,quantile,0.15,0
2022-02-07,4 wk ahead inc flu hosp,2022-03-05,35,quantile,0.15,0.6
2022-02-07,4 wk ahead inc flu hosp,2022-03-05,38,quantile,0.15,2.6
2022-02-07,4 wk ahead inc flu hosp,2022-03-05,56,quantile,0.15,0
2022-02-07,4 wk ahead inc flu hosp,2022-03-05,02,quantile,0.15,0
2022-02-07,4 wk ahead inc flu hosp,2022-03-05,23,quantile,0.15,0
2022-02-07,4 wk ahead inc flu hosp,2022-03-05,01,quantile,0.15,12.6
2022-02-07,4 wk ahead inc flu hosp,2022-03-05,16,quantile,0.15,0
2022-02-07,4 wk ahead inc flu hosp,2022-03-05,30,quantile,0.15,1.6
2022-02-07,4 wk ahead inc flu hosp,2022-03-05,72,quantile,0.15,2.8
2022-02-07,4 wk ahead inc flu hosp,2022-03-05,78,quantile,0.15,0
2022-02-07,4 wk ahead inc flu hosp,2022-03-05,54,quantile,0.15,0
2022-02-07,1 wk ahead inc flu hosp,2022-02-12,53,quantile,0.2,0.4
2022-02-07,1 wk ahead inc flu hosp,2022-02-12,17,quantile,0.2,3.1
2022-02-07,1 wk ahead inc flu hosp,2022-02-12,06,quantile,0.2,0
2022-02-07,1 wk ahead inc flu hosp,2022-02-12,04,quantile,0.2,12.4
2022-02-07,1 wk ahead inc flu hosp,2022-02-12,25,quantile,0.2,19.9
2022-02-07,1 wk ahead inc flu hosp,2022-02-12,55,quantile,0.2,5.5
2022-02-07,1 wk ahead inc flu hosp,2022-02-12,48,quantile,0.2,121.8
2022-02-07,1 wk ahead inc flu hosp,2022-02-12,31,quantile,0.2,5.8
2022-02-07,1 wk ahead inc flu hosp,2022-02-12,49,quantile,0.2,0.1
2022-02-07,1 wk ahead inc flu hosp,2022-02-12,41,quantile,0.2,0
2022-02-07,1 wk ahead inc flu hosp,2022-02-12,12,quantile,0.2,27
2022-02-07,1 wk ahead inc flu hosp,2022-02-12,36,quantile,0.2,0
2022-02-07,1 wk ahead inc flu hosp,2022-02-12,44,quantile,0.2,0
2022-02-07,1 wk ahead inc flu hosp,2022-02-12,13,quantile,0.2,14
2022-02-07,1 wk ahead inc flu hosp,2022-02-12,33,quantile,0.2,2.8
2022-02-07,1 wk ahead inc flu hosp,2022-02-12,37,quantile,0.2,10
2022-02-07,1 wk ahead inc flu hosp,2022-02-12,34,quantile,0.2,15.1
2022-02-07,1 wk ahead inc flu hosp,2022-02-12,08,quantile,0.2,7.8
2022-02-07,1 wk ahead inc flu hosp,2022-02-12,24,quantile,0.2,8.1
2022-02-07,1 wk ahead inc flu hosp,2022-02-12,32,quantile,0.2,2.4
2022-02-07,1 wk ahead inc flu hosp,2022-02-12,47,quantile,0.2,22.5
2022-02-07,1 wk ahead inc flu hosp,2022-02-12,15,quantile,0.2,0
2022-02-07,1 wk ahead inc flu hosp,2022-02-12,18,quantile,0.2,15.5
2022-02-07,1 wk ahead inc flu hosp,2022-02-12,21,quantile,0.2,8.7
2022-02-07,1 wk ahead inc flu hosp,2022-02-12,27,quantile,0.2,12.3
2022-02-07,1 wk ahead inc flu hosp,2022-02-12,40,quantile,0.2,22.5
2022-02-07,1 wk ahead inc flu hosp,2022-02-12,42,quantile,0.2,24.6
2022-02-07,1 wk ahead inc flu hosp,2022-02-12,45,quantile,0.2,13.7
2022-02-07,1 wk ahead inc flu hosp,2022-02-12,11,quantile,0.2,0
2022-02-07,1 wk ahead inc flu hosp,2022-02-12,20,quantile,0.2,9.8
2022-02-07,1 wk ahead inc flu hosp,2022-02-12,29,quantile,0.2,14.7
2022-02-07,1 wk ahead inc flu hosp,2022-02-12,50,quantile,0.2,0
2022-02-07,1 wk ahead inc flu hosp,2022-02-12,51,quantile,0.2,30.5
2022-02-07,1 wk ahead inc flu hosp,2022-02-12,09,quantile,0.2,0
2022-02-07,1 wk ahead inc flu hosp,2022-02-12,19,quantile,0.2,13.3
2022-02-07,1 wk ahead inc flu hosp,2022-02-12,22,quantile,0.2,11.1
2022-02-07,1 wk ahead inc flu hosp,2022-02-12,39,quantile,0.2,8.4
2022-02-07,1 wk ahead inc flu hosp,2022-02-12,26,quantile,0.2,15.7
2022-02-07,1 wk ahead inc flu hosp,2022-02-12,46,quantile,0.2,8.3
2022-02-07,1 wk ahead inc flu hosp,2022-02-12,05,quantile,0.2,13.6
2022-02-07,1 wk ahead inc flu hosp,2022-02-12,10,quantile,0.2,1.8
2022-02-07,1 wk ahead inc flu hosp,2022-02-12,28,quantile,0.2,4.3
2022-02-07,1 wk ahead inc flu hosp,2022-02-12,35,quantile,0.2,4.2
2022-02-07,1 wk ahead inc flu hosp,2022-02-12,38,quantile,0.2,6.7
2022-02-07,1 wk ahead inc flu hosp,2022-02-12,56,quantile,0.2,3.5
2022-02-07,1 wk ahead inc flu hosp,2022-02-12,02,quantile,0.2,0
2022-02-07,1 wk ahead inc flu hosp,2022-02-12,23,quantile,0.2,2.1
2022-02-07,1 wk ahead inc flu hosp,2022-02-12,01,quantile,0.2,7.8
2022-02-07,1 wk ahead inc flu hosp,2022-02-12,16,quantile,0.2,0
2022-02-07,1 wk ahead inc flu hosp,2022-02-12,30,quantile,0.2,3.3
2022-02-07,1 wk ahead inc flu hosp,2022-02-12,72,quantile,0.2,9.7
2022-02-07,1 wk ahead inc flu hosp,2022-02-12,78,quantile,0.2,0
2022-02-07,1 wk ahead inc flu hosp,2022-02-12,54,quantile,0.2,3.6
2022-02-07,2 wk ahead inc flu hosp,2022-02-19,53,quantile,0.2,3.4
2022-02-07,2 wk ahead inc flu hosp,2022-02-19,17,quantile,0.2,1.1
2022-02-07,2 wk ahead inc flu hosp,2022-02-19,06,quantile,0.2,4
2022-02-07,2 wk ahead inc flu hosp,2022-02-19,04,quantile,0.2,20.6
2022-02-07,2 wk ahead inc flu hosp,2022-02-19,25,quantile,0.2,0
2022-02-07,2 wk ahead inc flu hosp,2022-02-19,55,quantile,0.2,5.8
2022-02-07,2 wk ahead inc flu hosp,2022-02-19,48,quantile,0.2,87.6
2022-02-07,2 wk ahead inc flu hosp,2022-02-19,31,quantile,0.2,17.4
2022-02-07,2 wk ahead inc flu hosp,2022-02-19,49,quantile,0.2,1.3
2022-02-07,2 wk ahead inc flu hosp,2022-02-19,41,quantile,0.2,0
2022-02-07,2 wk ahead inc flu hosp,2022-02-19,12,quantile,0.2,44
2022-02-07,2 wk ahead inc flu hosp,2022-02-19,36,quantile,0.2,5.3
2022-02-07,2 wk ahead inc flu hosp,2022-02-19,44,quantile,0.2,0.2
2022-02-07,2 wk ahead inc flu hosp,2022-02-19,13,quantile,0.2,21.2
2022-02-07,2 wk ahead inc flu hosp,2022-02-19,33,quantile,0.2,2.5
2022-02-07,2 wk ahead inc flu hosp,2022-02-19,37,quantile,0.2,12.4
2022-02-07,2 wk ahead inc flu hosp,2022-02-19,34,quantile,0.2,6.2
2022-02-07,2 wk ahead inc flu hosp,2022-02-19,08,quantile,0.2,5.5
2022-02-07,2 wk ahead inc flu hosp,2022-02-19,24,quantile,0.2,5.3
2022-02-07,2 wk ahead inc flu hosp,2022-02-19,32,quantile,0.2,2.5
2022-02-07,2 wk ahead inc flu hosp,2022-02-19,47,quantile,0.2,9.7
2022-02-07,2 wk ahead inc flu hosp,2022-02-19,15,quantile,0.2,0
2022-02-07,2 wk ahead inc flu hosp,2022-02-19,18,quantile,0.2,11.9
2022-02-07,2 wk ahead inc flu hosp,2022-02-19,21,quantile,0.2,3
2022-02-07,2 wk ahead inc flu hosp,2022-02-19,27,quantile,0.2,12.7
2022-02-07,2 wk ahead inc flu hosp,2022-02-19,40,quantile,0.2,29.6
2022-02-07,2 wk ahead inc flu hosp,2022-02-19,42,quantile,0.2,31.8
2022-02-07,2 wk ahead inc flu hosp,2022-02-19,45,quantile,0.2,11.6
2022-02-07,2 wk ahead inc flu hosp,2022-02-19,11,quantile,0.2,0
2022-02-07,2 wk ahead inc flu hosp,2022-02-19,20,quantile,0.2,8
2022-02-07,2 wk ahead inc flu hosp,2022-02-19,29,quantile,0.2,35.4
2022-02-07,2 wk ahead inc flu hosp,2022-02-19,50,quantile,0.2,0
2022-02-07,2 wk ahead inc flu hosp,2022-02-19,51,quantile,0.2,24.2
2022-02-07,2 wk ahead inc flu hosp,2022-02-19,09,quantile,0.2,0
2022-02-07,2 wk ahead inc flu hosp,2022-02-19,19,quantile,0.2,15.8
2022-02-07,2 wk ahead inc flu hosp,2022-02-19,22,quantile,0.2,17
2022-02-07,2 wk ahead inc flu hosp,2022-02-19,39,quantile,0.2,12.2
2022-02-07,2 wk ahead inc flu hosp,2022-02-19,26,quantile,0.2,20.3
2022-02-07,2 wk ahead inc flu hosp,2022-02-19,46,quantile,0.2,4.6
2022-02-07,2 wk ahead inc flu hosp,2022-02-19,05,quantile,0.2,11.7
2022-02-07,2 wk ahead inc flu hosp,2022-02-19,10,quantile,0.2,0.5
2022-02-07,2 wk ahead inc flu hosp,2022-02-19,28,quantile,0.2,5
2022-02-07,2 wk ahead inc flu hosp,2022-02-19,35,quantile,0.2,4.9
2022-02-07,2 wk ahead inc flu hosp,2022-02-19,38,quantile,0.2,4.2
2022-02-07,2 wk ahead inc flu hosp,2022-02-19,56,quantile,0.2,0.4
2022-02-07,2 wk ahead inc flu hosp,2022-02-19,02,quantile,0.2,3.9
2022-02-07,2 wk ahead inc flu hosp,2022-02-19,23,quantile,0.2,1.9
2022-02-07,2 wk ahead inc flu hosp,2022-02-19,01,quantile,0.2,3.5
2022-02-07,2 wk ahead inc flu hosp,2022-02-19,16,quantile,0.2,0
2022-02-07,2 wk ahead inc flu hosp,2022-02-19,30,quantile,0.2,3.4
2022-02-07,2 wk ahead inc flu hosp,2022-02-19,72,quantile,0.2,1.8
2022-02-07,2 wk ahead inc flu hosp,2022-02-19,78,quantile,0.2,0
2022-02-07,2 wk ahead inc flu hosp,2022-02-19,54,quantile,0.2,2.1
2022-02-07,3 wk ahead inc flu hosp,2022-02-26,53,quantile,0.2,7
2022-02-07,3 wk ahead inc flu hosp,2022-02-26,17,quantile,0.2,0
2022-02-07,3 wk ahead inc flu hosp,2022-02-26,06,quantile,0.2,0
2022-02-07,3 wk ahead inc flu hosp,2022-02-26,04,quantile,0.2,6.5
2022-02-07,3 wk ahead inc flu hosp,2022-02-26,25,quantile,0.2,10
2022-02-07,3 wk ahead inc flu hosp,2022-02-26,55,quantile,0.2,15.5
2022-02-07,3 wk ahead inc flu hosp,2022-02-26,48,quantile,0.2,47.7
2022-02-07,3 wk ahead inc flu hosp,2022-02-26,31,quantile,0.2,5.8
2022-02-07,3 wk ahead inc flu hosp,2022-02-26,49,quantile,0.2,0
2022-02-07,3 wk ahead inc flu hosp,2022-02-26,41,quantile,0.2,0
2022-02-07,3 wk ahead inc flu hosp,2022-02-26,12,quantile,0.2,23.7
2022-02-07,3 wk ahead inc flu hosp,2022-02-26,36,quantile,0.2,0
2022-02-07,3 wk ahead inc flu hosp,2022-02-26,44,quantile,0.2,0
2022-02-07,3 wk ahead inc flu hosp,2022-02-26,13,quantile,0.2,10
2022-02-07,3 wk ahead inc flu hosp,2022-02-26,33,quantile,0.2,0
2022-02-07,3 wk ahead inc flu hosp,2022-02-26,37,quantile,0.2,18.8
2022-02-07,3 wk ahead inc flu hosp,2022-02-26,34,quantile,0.2,11.9
2022-02-07,3 wk ahead inc flu hosp,2022-02-26,08,quantile,0.2,0.8
2022-02-07,3 wk ahead inc flu hosp,2022-02-26,24,quantile,0.2,2.1
2022-02-07,3 wk ahead inc flu hosp,2022-02-26,32,quantile,0.2,3.4
2022-02-07,3 wk ahead inc flu hosp,2022-02-26,47,quantile,0.2,0
2022-02-07,3 wk ahead inc flu hosp,2022-02-26,15,quantile,0.2,0
2022-02-07,3 wk ahead inc flu hosp,2022-02-26,18,quantile,0.2,3.9
2022-02-07,3 wk ahead inc flu hosp,2022-02-26,21,quantile,0.2,6.6
2022-02-07,3 wk ahead inc flu hosp,2022-02-26,27,quantile,0.2,25.1
2022-02-07,3 wk ahead inc flu hosp,2022-02-26,40,quantile,0.2,6.2
2022-02-07,3 wk ahead inc flu hosp,2022-02-26,42,quantile,0.2,13.5
2022-02-07,3 wk ahead inc flu hosp,2022-02-26,45,quantile,0.2,12.8
2022-02-07,3 wk ahead inc flu hosp,2022-02-26,11,quantile,0.2,0
2022-02-07,3 wk ahead inc flu hosp,2022-02-26,20,quantile,0.2,2.7
2022-02-07,3 wk ahead inc flu hosp,2022-02-26,29,quantile,0.2,17.6
2022-02-07,3 wk ahead inc flu hosp,2022-02-26,50,quantile,0.2,0
2022-02-07,3 wk ahead inc flu hosp,2022-02-26,51,quantile,0.2,16.1
2022-02-07,3 wk ahead inc flu hosp,2022-02-26,09,quantile,0.2,0
2022-02-07,3 wk ahead inc flu hosp,2022-02-26,19,quantile,0.2,5.1
2022-02-07,3 wk ahead inc flu hosp,2022-02-26,22,quantile,0.2,18.3
2022-02-07,3 wk ahead inc flu hosp,2022-02-26,39,quantile,0.2,19.8
2022-02-07,3 wk ahead inc flu hosp,2022-02-26,26,quantile,0.2,11.1
2022-02-07,3 wk ahead inc flu hosp,2022-02-26,46,quantile,0.2,6.9
2022-02-07,3 wk ahead inc flu hosp,2022-02-26,05,quantile,0.2,5.1
2022-02-07,3 wk ahead inc flu hosp,2022-02-26,10,quantile,0.2,0
2022-02-07,3 wk ahead inc flu hosp,2022-02-26,28,quantile,0.2,0
2022-02-07,3 wk ahead inc flu hosp,2022-02-26,35,quantile,0.2,8.3
2022-02-07,3 wk ahead inc flu hosp,2022-02-26,38,quantile,0.2,1.5
2022-02-07,3 wk ahead inc flu hosp,2022-02-26,56,quantile,0.2,1.3
2022-02-07,3 wk ahead inc flu hosp,2022-02-26,02,quantile,0.2,2.3
2022-02-07,3 wk ahead inc flu hosp,2022-02-26,23,quantile,0.2,0
2022-02-07,3 wk ahead inc flu hosp,2022-02-26,01,quantile,0.2,5
2022-02-07,3 wk ahead inc flu hosp,2022-02-26,16,quantile,0.2,0
2022-02-07,3 wk ahead inc flu hosp,2022-02-26,30,quantile,0.2,3.6
2022-02-07,3 wk ahead inc flu hosp,2022-02-26,72,quantile,0.2,0.2
2022-02-07,3 wk ahead inc flu hosp,2022-02-26,78,quantile,0.2,0
2022-02-07,3 wk ahead inc flu hosp,2022-02-26,54,quantile,0.2,0
2022-02-07,4 wk ahead inc flu hosp,2022-03-05,53,quantile,0.2,7.7
2022-02-07,4 wk ahead inc flu hosp,2022-03-05,17,quantile,0.2,6.7
2022-02-07,4 wk ahead inc flu hosp,2022-03-05,06,quantile,0.2,15.6
2022-02-07,4 wk ahead inc flu hosp,2022-03-05,04,quantile,0.2,16.4
2022-02-07,4 wk ahead inc flu hosp,2022-03-05,25,quantile,0.2,1.5
2022-02-07,4 wk ahead inc flu hosp,2022-03-05,55,quantile,0.2,2.7
2022-02-07,4 wk ahead inc flu hosp,2022-03-05,48,quantile,0.2,50.1
2022-02-07,4 wk ahead inc flu hosp,2022-03-05,31,quantile,0.2,7.7
2022-02-07,4 wk ahead inc flu hosp,2022-03-05,49,quantile,0.2,0
2022-02-07,4 wk ahead inc flu hosp,2022-03-05,41,quantile,0.2,2.9
2022-02-07,4 wk ahead inc flu hosp,2022-03-05,12,quantile,0.2,45.9
2022-02-07,4 wk ahead inc flu hosp,2022-03-05,36,quantile,0.2,0
2022-02-07,4 wk ahead inc flu hosp,2022-03-05,44,quantile,0.2,0
2022-02-07,4 wk ahead inc flu hosp,2022-03-05,13,quantile,0.2,20.1
2022-02-07,4 wk ahead inc flu hosp,2022-03-05,33,quantile,0.2,0.1
2022-02-07,4 wk ahead inc flu hosp,2022-03-05,37,quantile,0.2,10.5
2022-02-07,4 wk ahead inc flu hosp,2022-03-05,34,quantile,0.2,26.6
2022-02-07,4 wk ahead inc flu hosp,2022-03-05,08,quantile,0.2,0
2022-02-07,4 wk ahead inc flu hosp,2022-03-05,24,quantile,0.2,7.1
2022-02-07,4 wk ahead inc flu hosp,2022-03-05,32,quantile,0.2,2.9
2022-02-07,4 wk ahead inc flu hosp,2022-03-05,47,quantile,0.2,18.3
2022-02-07,4 wk ahead inc flu hosp,2022-03-05,15,quantile,0.2,0
2022-02-07,4 wk ahead inc flu hosp,2022-03-05,18,quantile,0.2,9.6
2022-02-07,4 wk ahead inc flu hosp,2022-03-05,21,quantile,0.2,13.9
2022-02-07,4 wk ahead inc flu hosp,2022-03-05,27,quantile,0.2,21.7
2022-02-07,4 wk ahead inc flu hosp,2022-03-05,40,quantile,0.2,12.8
2022-02-07,4 wk ahead inc flu hosp,2022-03-05,42,quantile,0.2,16.5
2022-02-07,4 wk ahead inc flu hosp,2022-03-05,45,quantile,0.2,4.3
2022-02-07,4 wk ahead inc flu hosp,2022-03-05,11,quantile,0.2,0
2022-02-07,4 wk ahead inc flu hosp,2022-03-05,20,quantile,0.2,9.1
2022-02-07,4 wk ahead inc flu hosp,2022-03-05,29,quantile,0.2,11.3
2022-02-07,4 wk ahead inc flu hosp,2022-03-05,50,quantile,0.2,0
2022-02-07,4 wk ahead inc flu hosp,2022-03-05,51,quantile,0.2,0
2022-02-07,4 wk ahead inc flu hosp,2022-03-05,09,quantile,0.2,3.2
2022-02-07,4 wk ahead inc flu hosp,2022-03-05,19,quantile,0.2,6.4
2022-02-07,4 wk ahead inc flu hosp,2022-03-05,22,quantile,0.2,0
2022-02-07,4 wk ahead inc flu hosp,2022-03-05,39,quantile,0.2,16.5
2022-02-07,4 wk ahead inc flu hosp,2022-03-05,26,quantile,0.2,12.3
2022-02-07,4 wk ahead inc flu hosp,2022-03-05,46,quantile,0.2,5.2
2022-02-07,4 wk ahead inc flu hosp,2022-03-05,05,quantile,0.2,0.4
2022-02-07,4 wk ahead inc flu hosp,2022-03-05,10,quantile,0.2,1
2022-02-07,4 wk ahead inc flu hosp,2022-03-05,28,quantile,0.2,0
2022-02-07,4 wk ahead inc flu hosp,2022-03-05,35,quantile,0.2,3.1
2022-02-07,4 wk ahead inc flu hosp,2022-03-05,38,quantile,0.2,3.2
2022-02-07,4 wk ahead inc flu hosp,2022-03-05,56,quantile,0.2,0.1
2022-02-07,4 wk ahead inc flu hosp,2022-03-05,02,quantile,0.2,0
2022-02-07,4 wk ahead inc flu hosp,2022-03-05,23,quantile,0.2,2.5
2022-02-07,4 wk ahead inc flu hosp,2022-03-05,01,quantile,0.2,15.9
2022-02-07,4 wk ahead inc flu hosp,2022-03-05,16,quantile,0.2,0.6
2022-02-07,4 wk ahead inc flu hosp,2022-03-05,30,quantile,0.2,2.5
2022-02-07,4 wk ahead inc flu hosp,2022-03-05,72,quantile,0.2,3.4
2022-02-07,4 wk ahead inc flu hosp,2022-03-05,78,quantile,0.2,0
2022-02-07,4 wk ahead inc flu hosp,2022-03-05,54,quantile,0.2,0
2022-02-07,1 wk ahead inc flu hosp,2022-02-12,53,quantile,0.25,4.9
2022-02-07,1 wk ahead inc flu hosp,2022-02-12,17,quantile,0.25,3.5
2022-02-07,1 wk ahead inc flu hosp,2022-02-12,06,quantile,0.25,0
2022-02-07,1 wk ahead inc flu hosp,2022-02-12,04,quantile,0.25,13.8
2022-02-07,1 wk ahead inc flu hosp,2022-02-12,25,quantile,0.25,29.7
2022-02-07,1 wk ahead inc flu hosp,2022-02-12,55,quantile,0.25,9.9
2022-02-07,1 wk ahead inc flu hosp,2022-02-12,48,quantile,0.25,142.6
2022-02-07,1 wk ahead inc flu hosp,2022-02-12,31,quantile,0.25,5.8
2022-02-07,1 wk ahead inc flu hosp,2022-02-12,49,quantile,0.25,0.6
2022-02-07,1 wk ahead inc flu hosp,2022-02-12,41,quantile,0.25,0
2022-02-07,1 wk ahead inc flu hosp,2022-02-12,12,quantile,0.25,35.5
2022-02-07,1 wk ahead inc flu hosp,2022-02-12,36,quantile,0.25,5.5
2022-02-07,1 wk ahead inc flu hosp,2022-02-12,44,quantile,0.25,0
2022-02-07,1 wk ahead inc flu hosp,2022-02-12,13,quantile,0.25,20.4
2022-02-07,1 wk ahead inc flu hosp,2022-02-12,33,quantile,0.25,3.3
2022-02-07,1 wk ahead inc flu hosp,2022-02-12,37,quantile,0.25,10.5
2022-02-07,1 wk ahead inc flu hosp,2022-02-12,34,quantile,0.25,17.5
2022-02-07,1 wk ahead inc flu hosp,2022-02-12,08,quantile,0.25,10.4
2022-02-07,1 wk ahead inc flu hosp,2022-02-12,24,quantile,0.25,9.4
2022-02-07,1 wk ahead inc flu hosp,2022-02-12,32,quantile,0.25,3
2022-02-07,1 wk ahead inc flu hosp,2022-02-12,47,quantile,0.25,23.5
2022-02-07,1 wk ahead inc flu hosp,2022-02-12,15,quantile,0.25,0
2022-02-07,1 wk ahead inc flu hosp,2022-02-12,18,quantile,0.25,20.1
2022-02-07,1 wk ahead inc flu hosp,2022-02-12,21,quantile,0.25,9
2022-02-07,1 wk ahead inc flu hosp,2022-02-12,27,quantile,0.25,15.7
2022-02-07,1 wk ahead inc flu hosp,2022-02-12,40,quantile,0.25,31.2
2022-02-07,1 wk ahead inc flu hosp,2022-02-12,42,quantile,0.25,25.8
2022-02-07,1 wk ahead inc flu hosp,2022-02-12,45,quantile,0.25,14.5
2022-02-07,1 wk ahead inc flu hosp,2022-02-12,11,quantile,0.25,0
2022-02-07,1 wk ahead inc flu hosp,2022-02-12,20,quantile,0.25,10.2
2022-02-07,1 wk ahead inc flu hosp,2022-02-12,29,quantile,0.25,21.9
2022-02-07,1 wk ahead inc flu hosp,2022-02-12,50,quantile,0.25,0
2022-02-07,1 wk ahead inc flu hosp,2022-02-12,51,quantile,0.25,34.1
2022-02-07,1 wk ahead inc flu hosp,2022-02-12,09,quantile,0.25,0
2022-02-07,1 wk ahead inc flu hosp,2022-02-12,19,quantile,0.25,17.8
2022-02-07,1 wk ahead inc flu hosp,2022-02-12,22,quantile,0.25,15
2022-02-07,1 wk ahead inc flu hosp,2022-02-12,39,quantile,0.25,13
2022-02-07,1 wk ahead inc flu hosp,2022-02-12,26,quantile,0.25,17.4
2022-02-07,1 wk ahead inc flu hosp,2022-02-12,46,quantile,0.25,9.3
2022-02-07,1 wk ahead inc flu hosp,2022-02-12,05,quantile,0.25,16.4
2022-02-07,1 wk ahead inc flu hosp,2022-02-12,10,quantile,0.25,1.9
2022-02-07,1 wk ahead inc flu hosp,2022-02-12,28,quantile,0.25,5.6
2022-02-07,1 wk ahead inc flu hosp,2022-02-12,35,quantile,0.25,5.7
2022-02-07,1 wk ahead inc flu hosp,2022-02-12,38,quantile,0.25,7.2
2022-02-07,1 wk ahead inc flu hosp,2022-02-12,56,quantile,0.25,3.6
2022-02-07,1 wk ahead inc flu hosp,2022-02-12,02,quantile,0.25,0
2022-02-07,1 wk ahead inc flu hosp,2022-02-12,23,quantile,0.25,2.8
2022-02-07,1 wk ahead inc flu hosp,2022-02-12,01,quantile,0.25,8.4
2022-02-07,1 wk ahead inc flu hosp,2022-02-12,16,quantile,0.25,0
2022-02-07,1 wk ahead inc flu hosp,2022-02-12,30,quantile,0.25,4.6
2022-02-07,1 wk ahead inc flu hosp,2022-02-12,72,quantile,0.25,10.3
2022-02-07,1 wk ahead inc flu hosp,2022-02-12,78,quantile,0.25,0
2022-02-07,1 wk ahead inc flu hosp,2022-02-12,54,quantile,0.25,4.2
2022-02-07,2 wk ahead inc flu hosp,2022-02-19,53,quantile,0.25,4.3
2022-02-07,2 wk ahead inc flu hosp,2022-02-19,17,quantile,0.25,2.1
2022-02-07,2 wk ahead inc flu hosp,2022-02-19,06,quantile,0.25,12.2
2022-02-07,2 wk ahead inc flu hosp,2022-02-19,04,quantile,0.25,26
2022-02-07,2 wk ahead inc flu hosp,2022-02-19,25,quantile,0.25,7.2
2022-02-07,2 wk ahead inc flu hosp,2022-02-19,55,quantile,0.25,7
2022-02-07,2 wk ahead inc flu hosp,2022-02-19,48,quantile,0.25,99.3
2022-02-07,2 wk ahead inc flu hosp,2022-02-19,31,quantile,0.25,23.4
2022-02-07,2 wk ahead inc flu hosp,2022-02-19,49,quantile,0.25,2.9
2022-02-07,2 wk ahead inc flu hosp,2022-02-19,41,quantile,0.25,0
2022-02-07,2 wk ahead inc flu hosp,2022-02-19,12,quantile,0.25,47.5
2022-02-07,2 wk ahead inc flu hosp,2022-02-19,36,quantile,0.25,7.4
2022-02-07,2 wk ahead inc flu hosp,2022-02-19,44,quantile,0.25,0.2
2022-02-07,2 wk ahead inc flu hosp,2022-02-19,13,quantile,0.25,21.2
2022-02-07,2 wk ahead inc flu hosp,2022-02-19,33,quantile,0.25,3.5
2022-02-07,2 wk ahead inc flu hosp,2022-02-19,37,quantile,0.25,17.9
2022-02-07,2 wk ahead inc flu hosp,2022-02-19,34,quantile,0.25,9.6
2022-02-07,2 wk ahead inc flu hosp,2022-02-19,08,quantile,0.25,6.5
2022-02-07,2 wk ahead inc flu hosp,2022-02-19,24,quantile,0.25,7.8
2022-02-07,2 wk ahead inc flu hosp,2022-02-19,32,quantile,0.25,2.9
2022-02-07,2 wk ahead inc flu hosp,2022-02-19,47,quantile,0.25,12.7
2022-02-07,2 wk ahead inc flu hosp,2022-02-19,15,quantile,0.25,0
2022-02-07,2 wk ahead inc flu hosp,2022-02-19,18,quantile,0.25,14.2
2022-02-07,2 wk ahead inc flu hosp,2022-02-19,21,quantile,0.25,3.8
2022-02-07,2 wk ahead inc flu hosp,2022-02-19,27,quantile,0.25,15.8
2022-02-07,2 wk ahead inc flu hosp,2022-02-19,40,quantile,0.25,33.9
2022-02-07,2 wk ahead inc flu hosp,2022-02-19,42,quantile,0.25,38.9
2022-02-07,2 wk ahead inc flu hosp,2022-02-19,45,quantile,0.25,14
2022-02-07,2 wk ahead inc flu hosp,2022-02-19,11,quantile,0.25,0
2022-02-07,2 wk ahead inc flu hosp,2022-02-19,20,quantile,0.25,10.2
2022-02-07,2 wk ahead inc flu hosp,2022-02-19,29,quantile,0.25,36.8
2022-02-07,2 wk ahead inc flu hosp,2022-02-19,50,quantile,0.25,0
2022-02-07,2 wk ahead inc flu hosp,2022-02-19,51,quantile,0.25,28
2022-02-07,2 wk ahead inc flu hosp,2022-02-19,09,quantile,0.25,0
2022-02-07,2 wk ahead inc flu hosp,2022-02-19,19,quantile,0.25,21.8
2022-02-07,2 wk ahead inc flu hosp,2022-02-19,22,quantile,0.25,18.4
2022-02-07,2 wk ahead inc flu hosp,2022-02-19,39,quantile,0.25,18.3
2022-02-07,2 wk ahead inc flu hosp,2022-02-19,26,quantile,0.25,25.3
2022-02-07,2 wk ahead inc flu hosp,2022-02-19,46,quantile,0.25,6.2
2022-02-07,2 wk ahead inc flu hosp,2022-02-19,05,quantile,0.25,14.2
2022-02-07,2 wk ahead inc flu hosp,2022-02-19,10,quantile,0.25,0.9
2022-02-07,2 wk ahead inc flu hosp,2022-02-19,28,quantile,0.25,6.3
2022-02-07,2 wk ahead inc flu hosp,2022-02-19,35,quantile,0.25,6.2
2022-02-07,2 wk ahead inc flu hosp,2022-02-19,38,quantile,0.25,4.9
2022-02-07,2 wk ahead inc flu hosp,2022-02-19,56,quantile,0.25,0.8
2022-02-07,2 wk ahead inc flu hosp,2022-02-19,02,quantile,0.25,4.3
2022-02-07,2 wk ahead inc flu hosp,2022-02-19,23,quantile,0.25,2.9
2022-02-07,2 wk ahead inc flu hosp,2022-02-19,01,quantile,0.25,4.6
2022-02-07,2 wk ahead inc flu hosp,2022-02-19,16,quantile,0.25,0
2022-02-07,2 wk ahead inc flu hosp,2022-02-19,30,quantile,0.25,5.2
2022-02-07,2 wk ahead inc flu hosp,2022-02-19,72,quantile,0.25,4.2
2022-02-07,2 wk ahead inc flu hosp,2022-02-19,78,quantile,0.25,0
2022-02-07,2 wk ahead inc flu hosp,2022-02-19,54,quantile,0.25,2.8
2022-02-07,3 wk ahead inc flu hosp,2022-02-26,53,quantile,0.25,7.6
2022-02-07,3 wk ahead inc flu hosp,2022-02-26,17,quantile,0.25,4.2
2022-02-07,3 wk ahead inc flu hosp,2022-02-26,06,quantile,0.25,2
2022-02-07,3 wk ahead inc flu hosp,2022-02-26,04,quantile,0.25,15.1
2022-02-07,3 wk ahead inc flu hosp,2022-02-26,25,quantile,0.25,17
2022-02-07,3 wk ahead inc flu hosp,2022-02-26,55,quantile,0.25,18.4
2022-02-07,3 wk ahead inc flu hosp,2022-02-26,48,quantile,0.25,78.8
2022-02-07,3 wk ahead inc flu hosp,2022-02-26,31,quantile,0.25,5.8
2022-02-07,3 wk ahead inc flu hosp,2022-02-26,49,quantile,0.25,0
2022-02-07,3 wk ahead inc flu hosp,2022-02-26,41,quantile,0.25,0
2022-02-07,3 wk ahead inc flu hosp,2022-02-26,12,quantile,0.25,29.1
2022-02-07,3 wk ahead inc flu hosp,2022-02-26,36,quantile,0.25,0
2022-02-07,3 wk ahead inc flu hosp,2022-02-26,44,quantile,0.25,0
2022-02-07,3 wk ahead inc flu hosp,2022-02-26,13,quantile,0.25,18.2
2022-02-07,3 wk ahead inc flu hosp,2022-02-26,33,quantile,0.25,0.3
2022-02-07,3 wk ahead inc flu hosp,2022-02-26,37,quantile,0.25,22.9
2022-02-07,3 wk ahead inc flu hosp,2022-02-26,34,quantile,0.25,15.1
2022-02-07,3 wk ahead inc flu hosp,2022-02-26,08,quantile,0.25,1.5
2022-02-07,3 wk ahead inc flu hosp,2022-02-26,24,quantile,0.25,5.3
2022-02-07,3 wk ahead inc flu hosp,2022-02-26,32,quantile,0.25,4.2
2022-02-07,3 wk ahead inc flu hosp,2022-02-26,47,quantile,0.25,0.5
2022-02-07,3 wk ahead inc flu hosp,2022-02-26,15,quantile,0.25,0
2022-02-07,3 wk ahead inc flu hosp,2022-02-26,18,quantile,0.25,9.1
2022-02-07,3 wk ahead inc flu hosp,2022-02-26,21,quantile,0.25,8.7
2022-02-07,3 wk ahead inc flu hosp,2022-02-26,27,quantile,0.25,26.6
2022-02-07,3 wk ahead inc flu hosp,2022-02-26,40,quantile,0.25,7.7
2022-02-07,3 wk ahead inc flu hosp,2022-02-26,42,quantile,0.25,15.4
2022-02-07,3 wk ahead inc flu hosp,2022-02-26,45,quantile,0.25,15.6
2022-02-07,3 wk ahead inc flu hosp,2022-02-26,11,quantile,0.25,0.4
2022-02-07,3 wk ahead inc flu hosp,2022-02-26,20,quantile,0.25,3.7
2022-02-07,3 wk ahead inc flu hosp,2022-02-26,29,quantile,0.25,23.3
2022-02-07,3 wk ahead inc flu hosp,2022-02-26,50,quantile,0.25,0
2022-02-07,3 wk ahead inc flu hosp,2022-02-26,51,quantile,0.25,16.6
2022-02-07,3 wk ahead inc flu hosp,2022-02-26,09,quantile,0.25,0
2022-02-07,3 wk ahead inc flu hosp,2022-02-26,19,quantile,0.25,9.5
2022-02-07,3 wk ahead inc flu hosp,2022-02-26,22,quantile,0.25,24.1
2022-02-07,3 wk ahead inc flu hosp,2022-02-26,39,quantile,0.25,25
2022-02-07,3 wk ahead inc flu hosp,2022-02-26,26,quantile,0.25,14.6
2022-02-07,3 wk ahead inc flu hosp,2022-02-26,46,quantile,0.25,7.5
2022-02-07,3 wk ahead inc flu hosp,2022-02-26,05,quantile,0.25,6.6
2022-02-07,3 wk ahead inc flu hosp,2022-02-26,10,quantile,0.25,0.1
2022-02-07,3 wk ahead inc flu hosp,2022-02-26,28,quantile,0.25,1.9
2022-02-07,3 wk ahead inc flu hosp,2022-02-26,35,quantile,0.25,9.9
2022-02-07,3 wk ahead inc flu hosp,2022-02-26,38,quantile,0.25,1.7
2022-02-07,3 wk ahead inc flu hosp,2022-02-26,56,quantile,0.25,1.8
2022-02-07,3 wk ahead inc flu hosp,2022-02-26,02,quantile,0.25,2.8
2022-02-07,3 wk ahead inc flu hosp,2022-02-26,23,quantile,0.25,0
2022-02-07,3 wk ahead inc flu hosp,2022-02-26,01,quantile,0.25,5.2
2022-02-07,3 wk ahead inc flu hosp,2022-02-26,16,quantile,0.25,0
2022-02-07,3 wk ahead inc flu hosp,2022-02-26,30,quantile,0.25,4.6
2022-02-07,3 wk ahead inc flu hosp,2022-02-26,72,quantile,0.25,1.6
2022-02-07,3 wk ahead inc flu hosp,2022-02-26,78,quantile,0.25,0
2022-02-07,3 wk ahead inc flu hosp,2022-02-26,54,quantile,0.25,0.1
2022-02-07,4 wk ahead inc flu hosp,2022-03-05,53,quantile,0.25,10.4
2022-02-07,4 wk ahead inc flu hosp,2022-03-05,17,quantile,0.25,10.7
2022-02-07,4 wk ahead inc flu hosp,2022-03-05,06,quantile,0.25,34.7
2022-02-07,4 wk ahead inc flu hosp,2022-03-05,04,quantile,0.25,19.4
2022-02-07,4 wk ahead inc flu hosp,2022-03-05,25,quantile,0.25,5.9
2022-02-07,4 wk ahead inc flu hosp,2022-03-05,55,quantile,0.25,5.5
2022-02-07,4 wk ahead inc flu hosp,2022-03-05,48,quantile,0.25,63.4
2022-02-07,4 wk ahead inc flu hosp,2022-03-05,31,quantile,0.25,7.8
2022-02-07,4 wk ahead inc flu hosp,2022-03-05,49,quantile,0.25,0.5
2022-02-07,4 wk ahead inc flu hosp,2022-03-05,41,quantile,0.25,4.2
2022-02-07,4 wk ahead inc flu hosp,2022-03-05,12,quantile,0.25,49.7
2022-02-07,4 wk ahead inc flu hosp,2022-03-05,36,quantile,0.25,0
2022-02-07,4 wk ahead inc flu hosp,2022-03-05,44,quantile,0.25,0.4
2022-02-07,4 wk ahead inc flu hosp,2022-03-05,13,quantile,0.25,21.2
2022-02-07,4 wk ahead inc flu hosp,2022-03-05,33,quantile,0.25,1.5
2022-02-07,4 wk ahead inc flu hosp,2022-03-05,37,quantile,0.25,13.1
2022-02-07,4 wk ahead inc flu hosp,2022-03-05,34,quantile,0.25,30.1
2022-02-07,4 wk ahead inc flu hosp,2022-03-05,08,quantile,0.25,0
2022-02-07,4 wk ahead inc flu hosp,2022-03-05,24,quantile,0.25,9.3
2022-02-07,4 wk ahead inc flu hosp,2022-03-05,32,quantile,0.25,3.8
2022-02-07,4 wk ahead inc flu hosp,2022-03-05,47,quantile,0.25,24.5
2022-02-07,4 wk ahead inc flu hosp,2022-03-05,15,quantile,0.25,0
2022-02-07,4 wk ahead inc flu hosp,2022-03-05,18,quantile,0.25,13.5
2022-02-07,4 wk ahead inc flu hosp,2022-03-05,21,quantile,0.25,18.1
2022-02-07,4 wk ahead inc flu hosp,2022-03-05,27,quantile,0.25,22.6
2022-02-07,4 wk ahead inc flu hosp,2022-03-05,40,quantile,0.25,15.9
2022-02-07,4 wk ahead inc flu hosp,2022-03-05,42,quantile,0.25,19.9
2022-02-07,4 wk ahead inc flu hosp,2022-03-05,45,quantile,0.25,5.9
2022-02-07,4 wk ahead inc flu hosp,2022-03-05,11,quantile,0.25,0.1
2022-02-07,4 wk ahead inc flu hosp,2022-03-05,20,quantile,0.25,10.4
2022-02-07,4 wk ahead inc flu hosp,2022-03-05,29,quantile,0.25,15
2022-02-07,4 wk ahead inc flu hosp,2022-03-05,50,quantile,0.25,0
2022-02-07,4 wk ahead inc flu hosp,2022-03-05,51,quantile,0.25,0
2022-02-07,4 wk ahead inc flu hosp,2022-03-05,09,quantile,0.25,3.6
2022-02-07,4 wk ahead inc flu hosp,2022-03-05,19,quantile,0.25,9.2
2022-02-07,4 wk ahead inc flu hosp,2022-03-05,22,quantile,0.25,2
2022-02-07,4 wk ahead inc flu hosp,2022-03-05,39,quantile,0.25,18.9
2022-02-07,4 wk ahead inc flu hosp,2022-03-05,26,quantile,0.25,16.5
2022-02-07,4 wk ahead inc flu hosp,2022-03-05,46,quantile,0.25,5.8
2022-02-07,4 wk ahead inc flu hosp,2022-03-05,05,quantile,0.25,3.2
2022-02-07,4 wk ahead inc flu hosp,2022-03-05,10,quantile,0.25,1
2022-02-07,4 wk ahead inc flu hosp,2022-03-05,28,quantile,0.25,2.6
2022-02-07,4 wk ahead inc flu hosp,2022-03-05,35,quantile,0.25,6.7
2022-02-07,4 wk ahead inc flu hosp,2022-03-05,38,quantile,0.25,4.1
2022-02-07,4 wk ahead inc flu hosp,2022-03-05,56,quantile,0.25,0.1
2022-02-07,4 wk ahead inc flu hosp,2022-03-05,02,quantile,0.25,0
2022-02-07,4 wk ahead inc flu hosp,2022-03-05,23,quantile,0.25,5.3
2022-02-07,4 wk ahead inc flu hosp,2022-03-05,01,quantile,0.25,19.1
2022-02-07,4 wk ahead inc flu hosp,2022-03-05,16,quantile,0.25,1.7
2022-02-07,4 wk ahead inc flu hosp,2022-03-05,30,quantile,0.25,3.2
2022-02-07,4 wk ahead inc flu hosp,2022-03-05,72,quantile,0.25,5.7
2022-02-07,4 wk ahead inc flu hosp,2022-03-05,78,quantile,0.25,0
2022-02-07,4 wk ahead inc flu hosp,2022-03-05,54,quantile,0.25,1.3
2022-02-07,1 wk ahead inc flu hosp,2022-02-12,53,quantile,0.3,5.8
2022-02-07,1 wk ahead inc flu hosp,2022-02-12,17,quantile,0.3,4.2
2022-02-07,1 wk ahead inc flu hosp,2022-02-12,06,quantile,0.3,0
2022-02-07,1 wk ahead inc flu hosp,2022-02-12,04,quantile,0.3,14.6
2022-02-07,1 wk ahead inc flu hosp,2022-02-12,25,quantile,0.3,43.1
2022-02-07,1 wk ahead inc flu hosp,2022-02-12,55,quantile,0.3,12
2022-02-07,1 wk ahead inc flu hosp,2022-02-12,48,quantile,0.3,152.2
2022-02-07,1 wk ahead inc flu hosp,2022-02-12,31,quantile,0.3,5.8
2022-02-07,1 wk ahead inc flu hosp,2022-02-12,49,quantile,0.3,2.6
2022-02-07,1 wk ahead inc flu hosp,2022-02-12,41,quantile,0.3,0
2022-02-07,1 wk ahead inc flu hosp,2022-02-12,12,quantile,0.3,38.7
2022-02-07,1 wk ahead inc flu hosp,2022-02-12,36,quantile,0.3,10.5
2022-02-07,1 wk ahead inc flu hosp,2022-02-12,44,quantile,0.3,0
2022-02-07,1 wk ahead inc flu hosp,2022-02-12,13,quantile,0.3,23.6
2022-02-07,1 wk ahead inc flu hosp,2022-02-12,33,quantile,0.3,4.3
2022-02-07,1 wk ahead inc flu hosp,2022-02-12,37,quantile,0.3,10.5
2022-02-07,1 wk ahead inc flu hosp,2022-02-12,34,quantile,0.3,19.7
2022-02-07,1 wk ahead inc flu hosp,2022-02-12,08,quantile,0.3,12.8
2022-02-07,1 wk ahead inc flu hosp,2022-02-12,24,quantile,0.3,10.8
2022-02-07,1 wk ahead inc flu hosp,2022-02-12,32,quantile,0.3,3.6
2022-02-07,1 wk ahead inc flu hosp,2022-02-12,47,quantile,0.3,25.4
2022-02-07,1 wk ahead inc flu hosp,2022-02-12,15,quantile,0.3,0
2022-02-07,1 wk ahead inc flu hosp,2022-02-12,18,quantile,0.3,23.5
2022-02-07,1 wk ahead inc flu hosp,2022-02-12,21,quantile,0.3,9.6
2022-02-07,1 wk ahead inc flu hosp,2022-02-12,27,quantile,0.3,27.1
2022-02-07,1 wk ahead inc flu hosp,2022-02-12,40,quantile,0.3,37.7
2022-02-07,1 wk ahead inc flu hosp,2022-02-12,42,quantile,0.3,29
2022-02-07,1 wk ahead inc flu hosp,2022-02-12,45,quantile,0.3,14.9
2022-02-07,1 wk ahead inc flu hosp,2022-02-12,11,quantile,0.3,0
2022-02-07,1 wk ahead inc flu hosp,2022-02-12,20,quantile,0.3,11.5
2022-02-07,1 wk ahead inc flu hosp,2022-02-12,29,quantile,0.3,27.5
2022-02-07,1 wk ahead inc flu hosp,2022-02-12,50,quantile,0.3,0
2022-02-07,1 wk ahead inc flu hosp,2022-02-12,51,quantile,0.3,34.1
2022-02-07,1 wk ahead inc flu hosp,2022-02-12,09,quantile,0.3,0.3
2022-02-07,1 wk ahead inc flu hosp,2022-02-12,19,quantile,0.3,22
2022-02-07,1 wk ahead inc flu hosp,2022-02-12,22,quantile,0.3,17.9
2022-02-07,1 wk ahead inc flu hosp,2022-02-12,39,quantile,0.3,15.1
2022-02-07,1 wk ahead inc flu hosp,2022-02-12,26,quantile,0.3,20.3
2022-02-07,1 wk ahead inc flu hosp,2022-02-12,46,quantile,0.3,10.5
2022-02-07,1 wk ahead inc flu hosp,2022-02-12,05,quantile,0.3,18.3
2022-02-07,1 wk ahead inc flu hosp,2022-02-12,10,quantile,0.3,1.9
2022-02-07,1 wk ahead inc flu hosp,2022-02-12,28,quantile,0.3,5.7
2022-02-07,1 wk ahead inc flu hosp,2022-02-12,35,quantile,0.3,7
2022-02-07,1 wk ahead inc flu hosp,2022-02-12,38,quantile,0.3,7.6
2022-02-07,1 wk ahead inc flu hosp,2022-02-12,56,quantile,0.3,3.7
2022-02-07,1 wk ahead inc flu hosp,2022-02-12,02,quantile,0.3,0.2
2022-02-07,1 wk ahead inc flu hosp,2022-02-12,23,quantile,0.3,3.4
2022-02-07,1 wk ahead inc flu hosp,2022-02-12,01,quantile,0.3,9.1
2022-02-07,1 wk ahead inc flu hosp,2022-02-12,16,quantile,0.3,0
2022-02-07,1 wk ahead inc flu hosp,2022-02-12,30,quantile,0.3,5.8
2022-02-07,1 wk ahead inc flu hosp,2022-02-12,72,quantile,0.3,11.4
2022-02-07,1 wk ahead inc flu hosp,2022-02-12,78,quantile,0.3,0
2022-02-07,1 wk ahead inc flu hosp,2022-02-12,54,quantile,0.3,4.8
2022-02-07,2 wk ahead inc flu hosp,2022-02-19,53,quantile,0.3,4.4
2022-02-07,2 wk ahead inc flu hosp,2022-02-19,17,quantile,0.3,6.2
2022-02-07,2 wk ahead inc flu hosp,2022-02-19,06,quantile,0.3,17.3
2022-02-07,2 wk ahead inc flu hosp,2022-02-19,04,quantile,0.3,32.3
2022-02-07,2 wk ahead inc flu hosp,2022-02-19,25,quantile,0.3,13
2022-02-07,2 wk ahead inc flu hosp,2022-02-19,55,quantile,0.3,9.4
2022-02-07,2 wk ahead inc flu hosp,2022-02-19,48,quantile,0.3,113.8
2022-02-07,2 wk ahead inc flu hosp,2022-02-19,31,quantile,0.3,28.6
2022-02-07,2 wk ahead inc flu hosp,2022-02-19,49,quantile,0.3,3.6
2022-02-07,2 wk ahead inc flu hosp,2022-02-19,41,quantile,0.3,0
2022-02-07,2 wk ahead inc flu hosp,2022-02-19,12,quantile,0.3,48.8
2022-02-07,2 wk ahead inc flu hosp,2022-02-19,36,quantile,0.3,15.1
2022-02-07,2 wk ahead inc flu hosp,2022-02-19,44,quantile,0.3,0.2
2022-02-07,2 wk ahead inc flu hosp,2022-02-19,13,quantile,0.3,21.2
2022-02-07,2 wk ahead inc flu hosp,2022-02-19,33,quantile,0.3,4
2022-02-07,2 wk ahead inc flu hosp,2022-02-19,37,quantile,0.3,23.6
2022-02-07,2 wk ahead inc flu hosp,2022-02-19,34,quantile,0.3,12.9
2022-02-07,2 wk ahead inc flu hosp,2022-02-19,08,quantile,0.3,9
2022-02-07,2 wk ahead inc flu hosp,2022-02-19,24,quantile,0.3,9.9
2022-02-07,2 wk ahead inc flu hosp,2022-02-19,32,quantile,0.3,3.1
2022-02-07,2 wk ahead inc flu hosp,2022-02-19,47,quantile,0.3,14.6
2022-02-07,2 wk ahead inc flu hosp,2022-02-19,15,quantile,0.3,0
2022-02-07,2 wk ahead inc flu hosp,2022-02-19,18,quantile,0.3,17.5
2022-02-07,2 wk ahead inc flu hosp,2022-02-19,21,quantile,0.3,4.1
2022-02-07,2 wk ahead inc flu hosp,2022-02-19,27,quantile,0.3,18.3
2022-02-07,2 wk ahead inc flu hosp,2022-02-19,40,quantile,0.3,39.5
2022-02-07,2 wk ahead inc flu hosp,2022-02-19,42,quantile,0.3,42.7
2022-02-07,2 wk ahead inc flu hosp,2022-02-19,45,quantile,0.3,16
2022-02-07,2 wk ahead inc flu hosp,2022-02-19,11,quantile,0.3,0
2022-02-07,2 wk ahead inc flu hosp,2022-02-19,20,quantile,0.3,11.3
2022-02-07,2 wk ahead inc flu hosp,2022-02-19,29,quantile,0.3,36.8
2022-02-07,2 wk ahead inc flu hosp,2022-02-19,50,quantile,0.3,0
2022-02-07,2 wk ahead inc flu hosp,2022-02-19,51,quantile,0.3,30.5
2022-02-07,2 wk ahead inc flu hosp,2022-02-19,09,quantile,0.3,0
2022-02-07,2 wk ahead inc flu hosp,2022-02-19,19,quantile,0.3,28.3
2022-02-07,2 wk ahead inc flu hosp,2022-02-19,22,quantile,0.3,20.3
2022-02-07,2 wk ahead inc flu hosp,2022-02-19,39,quantile,0.3,20.3
2022-02-07,2 wk ahead inc flu hosp,2022-02-19,26,quantile,0.3,27.1
2022-02-07,2 wk ahead inc flu hosp,2022-02-19,46,quantile,0.3,8
2022-02-07,2 wk ahead inc flu hosp,2022-02-19,05,quantile,0.3,16.1
2022-02-07,2 wk ahead inc flu hosp,2022-02-19,10,quantile,0.3,1.4
2022-02-07,2 wk ahead inc flu hosp,2022-02-19,28,quantile,0.3,8.1
2022-02-07,2 wk ahead inc flu hosp,2022-02-19,35,quantile,0.3,7.3
2022-02-07,2 wk ahead inc flu hosp,2022-02-19,38,quantile,0.3,5.8
2022-02-07,2 wk ahead inc flu hosp,2022-02-19,56,quantile,0.3,1.4
2022-02-07,2 wk ahead inc flu hosp,2022-02-19,02,quantile,0.3,4.5
2022-02-07,2 wk ahead inc flu hosp,2022-02-19,23,quantile,0.3,4
2022-02-07,2 wk ahead inc flu hosp,2022-02-19,01,quantile,0.3,5.1
2022-02-07,2 wk ahead inc flu hosp,2022-02-19,16,quantile,0.3,0
2022-02-07,2 wk ahead inc flu hosp,2022-02-19,30,quantile,0.3,5.8
2022-02-07,2 wk ahead inc flu hosp,2022-02-19,72,quantile,0.3,5.2
2022-02-07,2 wk ahead inc flu hosp,2022-02-19,78,quantile,0.3,0
2022-02-07,2 wk ahead inc flu hosp,2022-02-19,54,quantile,0.3,3.1
2022-02-07,3 wk ahead inc flu hosp,2022-02-26,53,quantile,0.3,7.6
2022-02-07,3 wk ahead inc flu hosp,2022-02-26,17,quantile,0.3,11.2
2022-02-07,3 wk ahead inc flu hosp,2022-02-26,06,quantile,0.3,8.1
2022-02-07,3 wk ahead inc flu hosp,2022-02-26,04,quantile,0.3,24.2
2022-02-07,3 wk ahead inc flu hosp,2022-02-26,25,quantile,0.3,21.9
2022-02-07,3 wk ahead inc flu hosp,2022-02-26,55,quantile,0.3,19
2022-02-07,3 wk ahead inc flu hosp,2022-02-26,48,quantile,0.3,88.5
2022-02-07,3 wk ahead inc flu hosp,2022-02-26,31,quantile,0.3,5.8
2022-02-07,3 wk ahead inc flu hosp,2022-02-26,49,quantile,0.3,0
2022-02-07,3 wk ahead inc flu hosp,2022-02-26,41,quantile,0.3,0
2022-02-07,3 wk ahead inc flu hosp,2022-02-26,12,quantile,0.3,32.3
2022-02-07,3 wk ahead inc flu hosp,2022-02-26,36,quantile,0.3,0
2022-02-07,3 wk ahead inc flu hosp,2022-02-26,44,quantile,0.3,0.1
2022-02-07,3 wk ahead inc flu hosp,2022-02-26,13,quantile,0.3,20.6
2022-02-07,3 wk ahead inc flu hosp,2022-02-26,33,quantile,0.3,1.2
2022-02-07,3 wk ahead inc flu hosp,2022-02-26,37,quantile,0.3,26.4
2022-02-07,3 wk ahead inc flu hosp,2022-02-26,34,quantile,0.3,20.2
2022-02-07,3 wk ahead inc flu hosp,2022-02-26,08,quantile,0.3,2.2
2022-02-07,3 wk ahead inc flu hosp,2022-02-26,24,quantile,0.3,7
2022-02-07,3 wk ahead inc flu hosp,2022-02-26,32,quantile,0.3,5
2022-02-07,3 wk ahead inc flu hosp,2022-02-26,47,quantile,0.3,1
2022-02-07,3 wk ahead inc flu hosp,2022-02-26,15,quantile,0.3,0
2022-02-07,3 wk ahead inc flu hosp,2022-02-26,18,quantile,0.3,11.2
2022-02-07,3 wk ahead inc flu hosp,2022-02-26,21,quantile,0.3,12
2022-02-07,3 wk ahead inc flu hosp,2022-02-26,27,quantile,0.3,26.7
2022-02-07,3 wk ahead inc flu hosp,2022-02-26,40,quantile,0.3,11.1
2022-02-07,3 wk ahead inc flu hosp,2022-02-26,42,quantile,0.3,18.5
2022-02-07,3 wk ahead inc flu hosp,2022-02-26,45,quantile,0.3,17.8
2022-02-07,3 wk ahead inc flu hosp,2022-02-26,11,quantile,0.3,0.8
2022-02-07,3 wk ahead inc flu hosp,2022-02-26,20,quantile,0.3,6
2022-02-07,3 wk ahead inc flu hosp,2022-02-26,29,quantile,0.3,28.8
2022-02-07,3 wk ahead inc flu hosp,2022-02-26,50,quantile,0.3,0
2022-02-07,3 wk ahead inc flu hosp,2022-02-26,51,quantile,0.3,17.1
2022-02-07,3 wk ahead inc flu hosp,2022-02-26,09,quantile,0.3,0
2022-02-07,3 wk ahead inc flu hosp,2022-02-26,19,quantile,0.3,10.8
2022-02-07,3 wk ahead inc flu hosp,2022-02-26,22,quantile,0.3,28
2022-02-07,3 wk ahead inc flu hosp,2022-02-26,39,quantile,0.3,28.3
2022-02-07,3 wk ahead inc flu hosp,2022-02-26,26,quantile,0.3,17.9
2022-02-07,3 wk ahead inc flu hosp,2022-02-26,46,quantile,0.3,7.9
2022-02-07,3 wk ahead inc flu hosp,2022-02-26,05,quantile,0.3,8.8
2022-02-07,3 wk ahead inc flu hosp,2022-02-26,10,quantile,0.3,0.3
2022-02-07,3 wk ahead inc flu hosp,2022-02-26,28,quantile,0.3,4
2022-02-07,3 wk ahead inc flu hosp,2022-02-26,35,quantile,0.3,12
2022-02-07,3 wk ahead inc flu hosp,2022-02-26,38,quantile,0.3,2.4
2022-02-07,3 wk ahead inc flu hosp,2022-02-26,56,quantile,0.3,2.1
2022-02-07,3 wk ahead inc flu hosp,2022-02-26,02,quantile,0.3,3.1
2022-02-07,3 wk ahead inc flu hosp,2022-02-26,23,quantile,0.3,0.6
2022-02-07,3 wk ahead inc flu hosp,2022-02-26,01,quantile,0.3,5.9
2022-02-07,3 wk ahead inc flu hosp,2022-02-26,16,quantile,0.3,0.2
2022-02-07,3 wk ahead inc flu hosp,2022-02-26,30,quantile,0.3,5.8
2022-02-07,3 wk ahead inc flu hosp,2022-02-26,72,quantile,0.3,3.1
2022-02-07,3 wk ahead inc flu hosp,2022-02-26,78,quantile,0.3,0
2022-02-07,3 wk ahead inc flu hosp,2022-02-26,54,quantile,0.3,0.5
2022-02-07,4 wk ahead inc flu hosp,2022-03-05,53,quantile,0.3,10.9
2022-02-07,4 wk ahead inc flu hosp,2022-03-05,17,quantile,0.3,12.7
2022-02-07,4 wk ahead inc flu hosp,2022-03-05,06,quantile,0.3,39.5
2022-02-07,4 wk ahead inc flu hosp,2022-03-05,04,quantile,0.3,22.7
2022-02-07,4 wk ahead inc flu hosp,2022-03-05,25,quantile,0.3,13.4
2022-02-07,4 wk ahead inc flu hosp,2022-03-05,55,quantile,0.3,5.9
2022-02-07,4 wk ahead inc flu hosp,2022-03-05,48,quantile,0.3,74.5
2022-02-07,4 wk ahead inc flu hosp,2022-03-05,31,quantile,0.3,8.7
2022-02-07,4 wk ahead inc flu hosp,2022-03-05,49,quantile,0.3,3
2022-02-07,4 wk ahead inc flu hosp,2022-03-05,41,quantile,0.3,4.2
2022-02-07,4 wk ahead inc flu hosp,2022-03-05,12,quantile,0.3,56.5
2022-02-07,4 wk ahead inc flu hosp,2022-03-05,36,quantile,0.3,1.2
2022-02-07,4 wk ahead inc flu hosp,2022-03-05,44,quantile,0.3,0.8
2022-02-07,4 wk ahead inc flu hosp,2022-03-05,13,quantile,0.3,21.2
2022-02-07,4 wk ahead inc flu hosp,2022-03-05,33,quantile,0.3,2.2
2022-02-07,4 wk ahead inc flu hosp,2022-03-05,37,quantile,0.3,16.8
2022-02-07,4 wk ahead inc flu hosp,2022-03-05,34,quantile,0.3,31.2
2022-02-07,4 wk ahead inc flu hosp,2022-03-05,08,quantile,0.3,0.7
2022-02-07,4 wk ahead inc flu hosp,2022-03-05,24,quantile,0.3,10.6
2022-02-07,4 wk ahead inc flu hosp,2022-03-05,32,quantile,0.3,4.7
2022-02-07,4 wk ahead inc flu hosp,2022-03-05,47,quantile,0.3,30.7
2022-02-07,4 wk ahead inc flu hosp,2022-03-05,15,quantile,0.3,0
2022-02-07,4 wk ahead inc flu hosp,2022-03-05,18,quantile,0.3,13.5
2022-02-07,4 wk ahead inc flu hosp,2022-03-05,21,quantile,0.3,19.1
2022-02-07,4 wk ahead inc flu hosp,2022-03-05,27,quantile,0.3,22.6
2022-02-07,4 wk ahead inc flu hosp,2022-03-05,40,quantile,0.3,20.2
2022-02-07,4 wk ahead inc flu hosp,2022-03-05,42,quantile,0.3,24.8
2022-02-07,4 wk ahead inc flu hosp,2022-03-05,45,quantile,0.3,8.7
2022-02-07,4 wk ahead inc flu hosp,2022-03-05,11,quantile,0.3,0.7
2022-02-07,4 wk ahead inc flu hosp,2022-03-05,20,quantile,0.3,10.8
2022-02-07,4 wk ahead inc flu hosp,2022-03-05,29,quantile,0.3,19.7
2022-02-07,4 wk ahead inc flu hosp,2022-03-05,50,quantile,0.3,0
2022-02-07,4 wk ahead inc flu hosp,2022-03-05,51,quantile,0.3,2.1
2022-02-07,4 wk ahead inc flu hosp,2022-03-05,09,quantile,0.3,3.6
2022-02-07,4 wk ahead inc flu hosp,2022-03-05,19,quantile,0.3,9.5
2022-02-07,4 wk ahead inc flu hosp,2022-03-05,22,quantile,0.3,4.6
2022-02-07,4 wk ahead inc flu hosp,2022-03-05,39,quantile,0.3,21.7
2022-02-07,4 wk ahead inc flu hosp,2022-03-05,26,quantile,0.3,22.4
2022-02-07,4 wk ahead inc flu hosp,2022-03-05,46,quantile,0.3,6.6
2022-02-07,4 wk ahead inc flu hosp,2022-03-05,05,quantile,0.3,4.7
2022-02-07,4 wk ahead inc flu hosp,2022-03-05,10,quantile,0.3,1
2022-02-07,4 wk ahead inc flu hosp,2022-03-05,28,quantile,0.3,5.6
2022-02-07,4 wk ahead inc flu hosp,2022-03-05,35,quantile,0.3,9.4
2022-02-07,4 wk ahead inc flu hosp,2022-03-05,38,quantile,0.3,5.4
2022-02-07,4 wk ahead inc flu hosp,2022-03-05,56,quantile,0.3,0.2
2022-02-07,4 wk ahead inc flu hosp,2022-03-05,02,quantile,0.3,0
2022-02-07,4 wk ahead inc flu hosp,2022-03-05,23,quantile,0.3,6.1
2022-02-07,4 wk ahead inc flu hosp,2022-03-05,01,quantile,0.3,20
2022-02-07,4 wk ahead inc flu hosp,2022-03-05,16,quantile,0.3,1.8
2022-02-07,4 wk ahead inc flu hosp,2022-03-05,30,quantile,0.3,4.8
2022-02-07,4 wk ahead inc flu hosp,2022-03-05,72,quantile,0.3,6.9
2022-02-07,4 wk ahead inc flu hosp,2022-03-05,78,quantile,0.3,0
2022-02-07,4 wk ahead inc flu hosp,2022-03-05,54,quantile,0.3,1.8
2022-02-07,1 wk ahead inc flu hosp,2022-02-12,53,quantile,0.35,6.6
2022-02-07,1 wk ahead inc flu hosp,2022-02-12,17,quantile,0.35,5.3
2022-02-07,1 wk ahead inc flu hosp,2022-02-12,06,quantile,0.35,5.7
2022-02-07,1 wk ahead inc flu hosp,2022-02-12,04,quantile,0.35,15.6
2022-02-07,1 wk ahead inc flu hosp,2022-02-12,25,quantile,0.35,48.9
2022-02-07,1 wk ahead inc flu hosp,2022-02-12,55,quantile,0.35,13.2
2022-02-07,1 wk ahead inc flu hosp,2022-02-12,48,quantile,0.35,166.5
2022-02-07,1 wk ahead inc flu hosp,2022-02-12,31,quantile,0.35,5.8
2022-02-07,1 wk ahead inc flu hosp,2022-02-12,49,quantile,0.35,3
2022-02-07,1 wk ahead inc flu hosp,2022-02-12,41,quantile,0.35,0
2022-02-07,1 wk ahead inc flu hosp,2022-02-12,12,quantile,0.35,45.1
2022-02-07,1 wk ahead inc flu hosp,2022-02-12,36,quantile,0.35,13.9
2022-02-07,1 wk ahead inc flu hosp,2022-02-12,44,quantile,0.35,0.1
2022-02-07,1 wk ahead inc flu hosp,2022-02-12,13,quantile,0.35,25.6
2022-02-07,1 wk ahead inc flu hosp,2022-02-12,33,quantile,0.35,4.9
2022-02-07,1 wk ahead inc flu hosp,2022-02-12,37,quantile,0.35,10.7
2022-02-07,1 wk ahead inc flu hosp,2022-02-12,34,quantile,0.35,21.9
2022-02-07,1 wk ahead inc flu hosp,2022-02-12,08,quantile,0.35,14.9
2022-02-07,1 wk ahead inc flu hosp,2022-02-12,24,quantile,0.35,10.9
2022-02-07,1 wk ahead inc flu hosp,2022-02-12,32,quantile,0.35,4.8
2022-02-07,1 wk ahead inc flu hosp,2022-02-12,47,quantile,0.35,27.3
2022-02-07,1 wk ahead inc flu hosp,2022-02-12,15,quantile,0.35,0
2022-02-07,1 wk ahead inc flu hosp,2022-02-12,18,quantile,0.35,25.4
2022-02-07,1 wk ahead inc flu hosp,2022-02-12,21,quantile,0.35,10.5
2022-02-07,1 wk ahead inc flu hosp,2022-02-12,27,quantile,0.35,32.4
2022-02-07,1 wk ahead inc flu hosp,2022-02-12,40,quantile,0.35,45.2
2022-02-07,1 wk ahead inc flu hosp,2022-02-12,42,quantile,0.35,34.4
2022-02-07,1 wk ahead inc flu hosp,2022-02-12,45,quantile,0.35,16.2
2022-02-07,1 wk ahead inc flu hosp,2022-02-12,11,quantile,0.35,0
2022-02-07,1 wk ahead inc flu hosp,2022-02-12,20,quantile,0.35,13.1
2022-02-07,1 wk ahead inc flu hosp,2022-02-12,29,quantile,0.35,32.8
2022-02-07,1 wk ahead inc flu hosp,2022-02-12,50,quantile,0.35,0
2022-02-07,1 wk ahead inc flu hosp,2022-02-12,51,quantile,0.35,34.1
2022-02-07,1 wk ahead inc flu hosp,2022-02-12,09,quantile,0.35,0.5
2022-02-07,1 wk ahead inc flu hosp,2022-02-12,19,quantile,0.35,26.2
2022-02-07,1 wk ahead inc flu hosp,2022-02-12,22,quantile,0.35,20.1
2022-02-07,1 wk ahead inc flu hosp,2022-02-12,39,quantile,0.35,20.4
2022-02-07,1 wk ahead inc flu hosp,2022-02-12,26,quantile,0.35,24.8
2022-02-07,1 wk ahead inc flu hosp,2022-02-12,46,quantile,0.35,10.6
2022-02-07,1 wk ahead inc flu hosp,2022-02-12,05,quantile,0.35,19.2
2022-02-07,1 wk ahead inc flu hosp,2022-02-12,10,quantile,0.35,1.9
2022-02-07,1 wk ahead inc flu hosp,2022-02-12,28,quantile,0.35,5.8
2022-02-07,1 wk ahead inc flu hosp,2022-02-12,35,quantile,0.35,8
2022-02-07,1 wk ahead inc flu hosp,2022-02-12,38,quantile,0.35,7.7
2022-02-07,1 wk ahead inc flu hosp,2022-02-12,56,quantile,0.35,3.9
2022-02-07,1 wk ahead inc flu hosp,2022-02-12,02,quantile,0.35,0.2
2022-02-07,1 wk ahead inc flu hosp,2022-02-12,23,quantile,0.35,4.5
2022-02-07,1 wk ahead inc flu hosp,2022-02-12,01,quantile,0.35,9.5
2022-02-07,1 wk ahead inc flu hosp,2022-02-12,16,quantile,0.35,0.2
2022-02-07,1 wk ahead inc flu hosp,2022-02-12,30,quantile,0.35,6.4
2022-02-07,1 wk ahead inc flu hosp,2022-02-12,72,quantile,0.35,12.5
2022-02-07,1 wk ahead inc flu hosp,2022-02-12,78,quantile,0.35,0
2022-02-07,1 wk ahead inc flu hosp,2022-02-12,54,quantile,0.35,5.5
2022-02-07,2 wk ahead inc flu hosp,2022-02-19,53,quantile,0.35,4.7
2022-02-07,2 wk ahead inc flu hosp,2022-02-19,17,quantile,0.35,12.3
2022-02-07,2 wk ahead inc flu hosp,2022-02-19,06,quantile,0.35,19.9
2022-02-07,2 wk ahead inc flu hosp,2022-02-19,04,quantile,0.35,36.4
2022-02-07,2 wk ahead inc flu hosp,2022-02-19,25,quantile,0.35,16
2022-02-07,2 wk ahead inc flu hosp,2022-02-19,55,quantile,0.35,12.2
2022-02-07,2 wk ahead inc flu hosp,2022-02-19,48,quantile,0.35,131.8
2022-02-07,2 wk ahead inc flu hosp,2022-02-19,31,quantile,0.35,32.9
2022-02-07,2 wk ahead inc flu hosp,2022-02-19,49,quantile,0.35,4.2
2022-02-07,2 wk ahead inc flu hosp,2022-02-19,41,quantile,0.35,0
2022-02-07,2 wk ahead inc flu hosp,2022-02-19,12,quantile,0.35,51.7
2022-02-07,2 wk ahead inc flu hosp,2022-02-19,36,quantile,0.35,16.7
2022-02-07,2 wk ahead inc flu hosp,2022-02-19,44,quantile,0.35,0.2
2022-02-07,2 wk ahead inc flu hosp,2022-02-19,13,quantile,0.35,21.2
2022-02-07,2 wk ahead inc flu hosp,2022-02-19,33,quantile,0.35,4.8
2022-02-07,2 wk ahead inc flu hosp,2022-02-19,37,quantile,0.35,28.4
2022-02-07,2 wk ahead inc flu hosp,2022-02-19,34,quantile,0.35,16.2
2022-02-07,2 wk ahead inc flu hosp,2022-02-19,08,quantile,0.35,10.5
2022-02-07,2 wk ahead inc flu hosp,2022-02-19,24,quantile,0.35,11.1
2022-02-07,2 wk ahead inc flu hosp,2022-02-19,32,quantile,0.35,3.1
2022-02-07,2 wk ahead inc flu hosp,2022-02-19,47,quantile,0.35,15.1
2022-02-07,2 wk ahead inc flu hosp,2022-02-19,15,quantile,0.35,0
2022-02-07,2 wk ahead inc flu hosp,2022-02-19,18,quantile,0.35,21.6
2022-02-07,2 wk ahead inc flu hosp,2022-02-19,21,quantile,0.35,7.5
2022-02-07,2 wk ahead inc flu hosp,2022-02-19,27,quantile,0.35,21.1
2022-02-07,2 wk ahead inc flu hosp,2022-02-19,40,quantile,0.35,46.2
2022-02-07,2 wk ahead inc flu hosp,2022-02-19,42,quantile,0.35,48.3
2022-02-07,2 wk ahead inc flu hosp,2022-02-19,45,quantile,0.35,17.9
2022-02-07,2 wk ahead inc flu hosp,2022-02-19,11,quantile,0.35,0
2022-02-07,2 wk ahead inc flu hosp,2022-02-19,20,quantile,0.35,12.8
2022-02-07,2 wk ahead inc flu hosp,2022-02-19,29,quantile,0.35,36.8
2022-02-07,2 wk ahead inc flu hosp,2022-02-19,50,quantile,0.35,0
2022-02-07,2 wk ahead inc flu hosp,2022-02-19,51,quantile,0.35,33.9
2022-02-07,2 wk ahead inc flu hosp,2022-02-19,09,quantile,0.35,0.1
2022-02-07,2 wk ahead inc flu hosp,2022-02-19,19,quantile,0.35,32.7
2022-02-07,2 wk ahead inc flu hosp,2022-02-19,22,quantile,0.35,22.1
2022-02-07,2 wk ahead inc flu hosp,2022-02-19,39,quantile,0.35,22
2022-02-07,2 wk ahead inc flu hosp,2022-02-19,26,quantile,0.35,29.3
2022-02-07,2 wk ahead inc flu hosp,2022-02-19,46,quantile,0.35,8.7
2022-02-07,2 wk ahead inc flu hosp,2022-02-19,05,quantile,0.35,17.2
2022-02-07,2 wk ahead inc flu hosp,2022-02-19,10,quantile,0.35,1.9
2022-02-07,2 wk ahead inc flu hosp,2022-02-19,28,quantile,0.35,9.4
2022-02-07,2 wk ahead inc flu hosp,2022-02-19,35,quantile,0.35,7.8
2022-02-07,2 wk ahead inc flu hosp,2022-02-19,38,quantile,0.35,6.1
2022-02-07,2 wk ahead inc flu hosp,2022-02-19,56,quantile,0.35,1.7
2022-02-07,2 wk ahead inc flu hosp,2022-02-19,02,quantile,0.35,4.9
2022-02-07,2 wk ahead inc flu hosp,2022-02-19,23,quantile,0.35,4.7
2022-02-07,2 wk ahead inc flu hosp,2022-02-19,01,quantile,0.35,5.6
2022-02-07,2 wk ahead inc flu hosp,2022-02-19,16,quantile,0.35,0.1
2022-02-07,2 wk ahead inc flu hosp,2022-02-19,30,quantile,0.35,7.2
2022-02-07,2 wk ahead inc flu hosp,2022-02-19,72,quantile,0.35,6.4
2022-02-07,2 wk ahead inc flu hosp,2022-02-19,78,quantile,0.35,0
2022-02-07,2 wk ahead inc flu hosp,2022-02-19,54,quantile,0.35,3.4
2022-02-07,3 wk ahead inc flu hosp,2022-02-26,53,quantile,0.35,11.6
2022-02-07,3 wk ahead inc flu hosp,2022-02-26,17,quantile,0.35,12.7
2022-02-07,3 wk ahead inc flu hosp,2022-02-26,06,quantile,0.35,16.1
2022-02-07,3 wk ahead inc flu hosp,2022-02-26,04,quantile,0.35,31.3
2022-02-07,3 wk ahead inc flu hosp,2022-02-26,25,quantile,0.35,26.6
2022-02-07,3 wk ahead inc flu hosp,2022-02-26,55,quantile,0.35,20.6
2022-02-07,3 wk ahead inc flu hosp,2022-02-26,48,quantile,0.35,105.4
2022-02-07,3 wk ahead inc flu hosp,2022-02-26,31,quantile,0.35,6.1
2022-02-07,3 wk ahead inc flu hosp,2022-02-26,49,quantile,0.35,0
2022-02-07,3 wk ahead inc flu hosp,2022-02-26,41,quantile,0.35,0.2
2022-02-07,3 wk ahead inc flu hosp,2022-02-26,12,quantile,0.35,35.8
2022-02-07,3 wk ahead inc flu hosp,2022-02-26,36,quantile,0.35,0
2022-02-07,3 wk ahead inc flu hosp,2022-02-26,44,quantile,0.35,0.3
2022-02-07,3 wk ahead inc flu hosp,2022-02-26,13,quantile,0.35,21.2
2022-02-07,3 wk ahead inc flu hosp,2022-02-26,33,quantile,0.35,1.4
2022-02-07,3 wk ahead inc flu hosp,2022-02-26,37,quantile,0.35,31.2
2022-02-07,3 wk ahead inc flu hosp,2022-02-26,34,quantile,0.35,22.8
2022-02-07,3 wk ahead inc flu hosp,2022-02-26,08,quantile,0.35,2.9
2022-02-07,3 wk ahead inc flu hosp,2022-02-26,24,quantile,0.35,9.7
2022-02-07,3 wk ahead inc flu hosp,2022-02-26,32,quantile,0.35,5.7
2022-02-07,3 wk ahead inc flu hosp,2022-02-26,47,quantile,0.35,1.9
2022-02-07,3 wk ahead inc flu hosp,2022-02-26,15,quantile,0.35,0
2022-02-07,3 wk ahead inc flu hosp,2022-02-26,18,quantile,0.35,13.1
2022-02-07,3 wk ahead inc flu hosp,2022-02-26,21,quantile,0.35,14.9
2022-02-07,3 wk ahead inc flu hosp,2022-02-26,27,quantile,0.35,27.4
2022-02-07,3 wk ahead inc flu hosp,2022-02-26,40,quantile,0.35,13.1
2022-02-07,3 wk ahead inc flu hosp,2022-02-26,42,quantile,0.35,22.3
2022-02-07,3 wk ahead inc flu hosp,2022-02-26,45,quantile,0.35,18.2
2022-02-07,3 wk ahead inc flu hosp,2022-02-26,11,quantile,0.35,1
2022-02-07,3 wk ahead inc flu hosp,2022-02-26,20,quantile,0.35,7.6
2022-02-07,3 wk ahead inc flu hosp,2022-02-26,29,quantile,0.35,32.9
2022-02-07,3 wk ahead inc flu hosp,2022-02-26,50,quantile,0.35,0
2022-02-07,3 wk ahead inc flu hosp,2022-02-26,51,quantile,0.35,18.3
2022-02-07,3 wk ahead inc flu hosp,2022-02-26,09,quantile,0.35,1
2022-02-07,3 wk ahead inc flu hosp,2022-02-26,19,quantile,0.35,15
2022-02-07,3 wk ahead inc flu hosp,2022-02-26,22,quantile,0.35,32.9
2022-02-07,3 wk ahead inc flu hosp,2022-02-26,39,quantile,0.35,31.9
2022-02-07,3 wk ahead inc flu hosp,2022-02-26,26,quantile,0.35,21.6
2022-02-07,3 wk ahead inc flu hosp,2022-02-26,46,quantile,0.35,8.5
2022-02-07,3 wk ahead inc flu hosp,2022-02-26,05,quantile,0.35,10.5
2022-02-07,3 wk ahead inc flu hosp,2022-02-26,10,quantile,0.35,0.6
2022-02-07,3 wk ahead inc flu hosp,2022-02-26,28,quantile,0.35,4.8
2022-02-07,3 wk ahead inc flu hosp,2022-02-26,35,quantile,0.35,13.2
2022-02-07,3 wk ahead inc flu hosp,2022-02-26,38,quantile,0.35,3
2022-02-07,3 wk ahead inc flu hosp,2022-02-26,56,quantile,0.35,2.3
2022-02-07,3 wk ahead inc flu hosp,2022-02-26,02,quantile,0.35,3.2
2022-02-07,3 wk ahead inc flu hosp,2022-02-26,23,quantile,0.35,2.5
2022-02-07,3 wk ahead inc flu hosp,2022-02-26,01,quantile,0.35,7.7
2022-02-07,3 wk ahead inc flu hosp,2022-02-26,16,quantile,0.35,0.5
2022-02-07,3 wk ahead inc flu hosp,2022-02-26,30,quantile,0.35,6.8
2022-02-07,3 wk ahead inc flu hosp,2022-02-26,72,quantile,0.35,3.5
2022-02-07,3 wk ahead inc flu hosp,2022-02-26,78,quantile,0.35,0
2022-02-07,3 wk ahead inc flu hosp,2022-02-26,54,quantile,0.35,0.7
2022-02-07,4 wk ahead inc flu hosp,2022-03-05,53,quantile,0.35,11.3
2022-02-07,4 wk ahead inc flu hosp,2022-03-05,17,quantile,0.35,12.7
2022-02-07,4 wk ahead inc flu hosp,2022-03-05,06,quantile,0.35,39.5
2022-02-07,4 wk ahead inc flu hosp,2022-03-05,04,quantile,0.35,27.9
2022-02-07,4 wk ahead inc flu hosp,2022-03-05,25,quantile,0.35,17.9
2022-02-07,4 wk ahead inc flu hosp,2022-03-05,55,quantile,0.35,6
2022-02-07,4 wk ahead inc flu hosp,2022-03-05,48,quantile,0.35,90
2022-02-07,4 wk ahead inc flu hosp,2022-03-05,31,quantile,0.35,10.8
2022-02-07,4 wk ahead inc flu hosp,2022-03-05,49,quantile,0.35,3.5
2022-02-07,4 wk ahead inc flu hosp,2022-03-05,41,quantile,0.35,4.2
2022-02-07,4 wk ahead inc flu hosp,2022-03-05,12,quantile,0.35,60.8
2022-02-07,4 wk ahead inc flu hosp,2022-03-05,36,quantile,0.35,8.8
2022-02-07,4 wk ahead inc flu hosp,2022-03-05,44,quantile,0.35,1.1
2022-02-07,4 wk ahead inc flu hosp,2022-03-05,13,quantile,0.35,21.2
2022-02-07,4 wk ahead inc flu hosp,2022-03-05,33,quantile,0.35,2.8
2022-02-07,4 wk ahead inc flu hosp,2022-03-05,37,quantile,0.35,21.4
2022-02-07,4 wk ahead inc flu hosp,2022-03-05,34,quantile,0.35,34.3
2022-02-07,4 wk ahead inc flu hosp,2022-03-05,08,quantile,0.35,6
2022-02-07,4 wk ahead inc flu hosp,2022-03-05,24,quantile,0.35,11.8
2022-02-07,4 wk ahead inc flu hosp,2022-03-05,32,quantile,0.35,5.6
2022-02-07,4 wk ahead inc flu hosp,2022-03-05,47,quantile,0.35,36.4
2022-02-07,4 wk ahead inc flu hosp,2022-03-05,15,quantile,0.35,0
2022-02-07,4 wk ahead inc flu hosp,2022-03-05,18,quantile,0.35,14
2022-02-07,4 wk ahead inc flu hosp,2022-03-05,21,quantile,0.35,21.6
2022-02-07,4 wk ahead inc flu hosp,2022-03-05,27,quantile,0.35,22.7
2022-02-07,4 wk ahead inc flu hosp,2022-03-05,40,quantile,0.35,22.6
2022-02-07,4 wk ahead inc flu hosp,2022-03-05,42,quantile,0.35,30.6
2022-02-07,4 wk ahead inc flu hosp,2022-03-05,45,quantile,0.35,11.8
2022-02-07,4 wk ahead inc flu hosp,2022-03-05,11,quantile,0.35,1.2
2022-02-07,4 wk ahead inc flu hosp,2022-03-05,20,quantile,0.35,11.2
2022-02-07,4 wk ahead inc flu hosp,2022-03-05,29,quantile,0.35,23.4
2022-02-07,4 wk ahead inc flu hosp,2022-03-05,50,quantile,0.35,0
2022-02-07,4 wk ahead inc flu hosp,2022-03-05,51,quantile,0.35,5.6
2022-02-07,4 wk ahead inc flu hosp,2022-03-05,09,quantile,0.35,3.6
2022-02-07,4 wk ahead inc flu hosp,2022-03-05,19,quantile,0.35,12.9
2022-02-07,4 wk ahead inc flu hosp,2022-03-05,22,quantile,0.35,6.3
2022-02-07,4 wk ahead inc flu hosp,2022-03-05,39,quantile,0.35,25
2022-02-07,4 wk ahead inc flu hosp,2022-03-05,26,quantile,0.35,25.9
2022-02-07,4 wk ahead inc flu hosp,2022-03-05,46,quantile,0.35,6.8
2022-02-07,4 wk ahead inc flu hosp,2022-03-05,05,quantile,0.35,4.7
2022-02-07,4 wk ahead inc flu hosp,2022-03-05,10,quantile,0.35,1
2022-02-07,4 wk ahead inc flu hosp,2022-03-05,28,quantile,0.35,7
2022-02-07,4 wk ahead inc flu hosp,2022-03-05,35,quantile,0.35,11.9
2022-02-07,4 wk ahead inc flu hosp,2022-03-05,38,quantile,0.35,6.5
2022-02-07,4 wk ahead inc flu hosp,2022-03-05,56,quantile,0.35,0.2
2022-02-07,4 wk ahead inc flu hosp,2022-03-05,02,quantile,0.35,0
2022-02-07,4 wk ahead inc flu hosp,2022-03-05,23,quantile,0.35,7.6
2022-02-07,4 wk ahead inc flu hosp,2022-03-05,01,quantile,0.35,21.6
2022-02-07,4 wk ahead inc flu hosp,2022-03-05,16,quantile,0.35,1.8
2022-02-07,4 wk ahead inc flu hosp,2022-03-05,30,quantile,0.35,6.3
2022-02-07,4 wk ahead inc flu hosp,2022-03-05,72,quantile,0.35,8.6
2022-02-07,4 wk ahead inc flu hosp,2022-03-05,78,quantile,0.35,0
2022-02-07,4 wk ahead inc flu hosp,2022-03-05,54,quantile,0.35,2.6
2022-02-07,1 wk ahead inc flu hosp,2022-02-12,53,quantile,0.4,7.5
2022-02-07,1 wk ahead inc flu hosp,2022-02-12,17,quantile,0.4,7.2
2022-02-07,1 wk ahead inc flu hosp,2022-02-12,06,quantile,0.4,14.8
2022-02-07,1 wk ahead inc flu hosp,2022-02-12,04,quantile,0.4,17.1
2022-02-07,1 wk ahead inc flu hosp,2022-02-12,25,quantile,0.4,52.2
2022-02-07,1 wk ahead inc flu hosp,2022-02-12,55,quantile,0.4,14.2
2022-02-07,1 wk ahead inc flu hosp,2022-02-12,48,quantile,0.4,176
2022-02-07,1 wk ahead inc flu hosp,2022-02-12,31,quantile,0.4,6
2022-02-07,1 wk ahead inc flu hosp,2022-02-12,49,quantile,0.4,3.2
2022-02-07,1 wk ahead inc flu hosp,2022-02-12,41,quantile,0.4,0
2022-02-07,1 wk ahead inc flu hosp,2022-02-12,12,quantile,0.4,49.7
2022-02-07,1 wk ahead inc flu hosp,2022-02-12,36,quantile,0.4,14.9
2022-02-07,1 wk ahead inc flu hosp,2022-02-12,44,quantile,0.4,0.1
2022-02-07,1 wk ahead inc flu hosp,2022-02-12,13,quantile,0.4,28.9
2022-02-07,1 wk ahead inc flu hosp,2022-02-12,33,quantile,0.4,5.8
2022-02-07,1 wk ahead inc flu hosp,2022-02-12,37,quantile,0.4,12.7
2022-02-07,1 wk ahead inc flu hosp,2022-02-12,34,quantile,0.4,24.4
2022-02-07,1 wk ahead inc flu hosp,2022-02-12,08,quantile,0.4,17.4
2022-02-07,1 wk ahead inc flu hosp,2022-02-12,24,quantile,0.4,11.2
2022-02-07,1 wk ahead inc flu hosp,2022-02-12,32,quantile,0.4,5.8
2022-02-07,1 wk ahead inc flu hosp,2022-02-12,47,quantile,0.4,28.5
2022-02-07,1 wk ahead inc flu hosp,2022-02-12,15,quantile,0.4,0
2022-02-07,1 wk ahead inc flu hosp,2022-02-12,18,quantile,0.4,29.5
2022-02-07,1 wk ahead inc flu hosp,2022-02-12,21,quantile,0.4,11.5
2022-02-07,1 wk ahead inc flu hosp,2022-02-12,27,quantile,0.4,35.4
2022-02-07,1 wk ahead inc flu hosp,2022-02-12,40,quantile,0.4,47.2
2022-02-07,1 wk ahead inc flu hosp,2022-02-12,42,quantile,0.4,39.9
2022-02-07,1 wk ahead inc flu hosp,2022-02-12,45,quantile,0.4,18
2022-02-07,1 wk ahead inc flu hosp,2022-02-12,11,quantile,0.4,0
2022-02-07,1 wk ahead inc flu hosp,2022-02-12,20,quantile,0.4,13.9
2022-02-07,1 wk ahead inc flu hosp,2022-02-12,29,quantile,0.4,34.9
2022-02-07,1 wk ahead inc flu hosp,2022-02-12,50,quantile,0.4,0
2022-02-07,1 wk ahead inc flu hosp,2022-02-12,51,quantile,0.4,34.1
2022-02-07,1 wk ahead inc flu hosp,2022-02-12,09,quantile,0.4,1
2022-02-07,1 wk ahead inc flu hosp,2022-02-12,19,quantile,0.4,31.1
2022-02-07,1 wk ahead inc flu hosp,2022-02-12,22,quantile,0.4,22
2022-02-07,1 wk ahead inc flu hosp,2022-02-12,39,quantile,0.4,23.2
2022-02-07,1 wk ahead inc flu hosp,2022-02-12,26,quantile,0.4,28
2022-02-07,1 wk ahead inc flu hosp,2022-02-12,46,quantile,0.4,10.7
2022-02-07,1 wk ahead inc flu hosp,2022-02-12,05,quantile,0.4,19.6
2022-02-07,1 wk ahead inc flu hosp,2022-02-12,10,quantile,0.4,2
2022-02-07,1 wk ahead inc flu hosp,2022-02-12,28,quantile,0.4,6.1
2022-02-07,1 wk ahead inc flu hosp,2022-02-12,35,quantile,0.4,9
2022-02-07,1 wk ahead inc flu hosp,2022-02-12,38,quantile,0.4,7.8
2022-02-07,1 wk ahead inc flu hosp,2022-02-12,56,quantile,0.4,4.5
2022-02-07,1 wk ahead inc flu hosp,2022-02-12,02,quantile,0.4,0.6
2022-02-07,1 wk ahead inc flu hosp,2022-02-12,23,quantile,0.4,5
2022-02-07,1 wk ahead inc flu hosp,2022-02-12,01,quantile,0.4,10.3
2022-02-07,1 wk ahead inc flu hosp,2022-02-12,16,quantile,0.4,0.3
2022-02-07,1 wk ahead inc flu hosp,2022-02-12,30,quantile,0.4,7.9
2022-02-07,1 wk ahead inc flu hosp,2022-02-12,72,quantile,0.4,12.7
2022-02-07,1 wk ahead inc flu hosp,2022-02-12,78,quantile,0.4,0
2022-02-07,1 wk ahead inc flu hosp,2022-02-12,54,quantile,0.4,6.6
2022-02-07,2 wk ahead inc flu hosp,2022-02-19,53,quantile,0.4,7.4
2022-02-07,2 wk ahead inc flu hosp,2022-02-19,17,quantile,0.4,16.3
2022-02-07,2 wk ahead inc flu hosp,2022-02-19,06,quantile,0.4,23.6
2022-02-07,2 wk ahead inc flu hosp,2022-02-19,04,quantile,0.4,42
2022-02-07,2 wk ahead inc flu hosp,2022-02-19,25,quantile,0.4,20.4
2022-02-07,2 wk ahead inc flu hosp,2022-02-19,55,quantile,0.4,14.9
2022-02-07,2 wk ahead inc flu hosp,2022-02-19,48,quantile,0.4,141.2
2022-02-07,2 wk ahead inc flu hosp,2022-02-19,31,quantile,0.4,35.4
2022-02-07,2 wk ahead inc flu hosp,2022-02-19,49,quantile,0.4,4.7
2022-02-07,2 wk ahead inc flu hosp,2022-02-19,41,quantile,0.4,0
2022-02-07,2 wk ahead inc flu hosp,2022-02-19,12,quantile,0.4,52.4
2022-02-07,2 wk ahead inc flu hosp,2022-02-19,36,quantile,0.4,16.7
2022-02-07,2 wk ahead inc flu hosp,2022-02-19,44,quantile,0.4,0.3
2022-02-07,2 wk ahead inc flu hosp,2022-02-19,13,quantile,0.4,21.2
2022-02-07,2 wk ahead inc flu hosp,2022-02-19,33,quantile,0.4,5.5
2022-02-07,2 wk ahead inc flu hosp,2022-02-19,37,quantile,0.4,32.1
2022-02-07,2 wk ahead inc flu hosp,2022-02-19,34,quantile,0.4,19.6
2022-02-07,2 wk ahead inc flu hosp,2022-02-19,08,quantile,0.4,12.2
2022-02-07,2 wk ahead inc flu hosp,2022-02-19,24,quantile,0.4,11.8
2022-02-07,2 wk ahead inc flu hosp,2022-02-19,32,quantile,0.4,3.2
2022-02-07,2 wk ahead inc flu hosp,2022-02-19,47,quantile,0.4,18.3
2022-02-07,2 wk ahead inc flu hosp,2022-02-19,15,quantile,0.4,0
2022-02-07,2 wk ahead inc flu hosp,2022-02-19,18,quantile,0.4,24.4
2022-02-07,2 wk ahead inc flu hosp,2022-02-19,21,quantile,0.4,8.9
2022-02-07,2 wk ahead inc flu hosp,2022-02-19,27,quantile,0.4,22.6
2022-02-07,2 wk ahead inc flu hosp,2022-02-19,40,quantile,0.4,51.4
2022-02-07,2 wk ahead inc flu hosp,2022-02-19,42,quantile,0.4,51.2
2022-02-07,2 wk ahead inc flu hosp,2022-02-19,45,quantile,0.4,18.5
2022-02-07,2 wk ahead inc flu hosp,2022-02-19,11,quantile,0.4,0.5
2022-02-07,2 wk ahead inc flu hosp,2022-02-19,20,quantile,0.4,13.8
2022-02-07,2 wk ahead inc flu hosp,2022-02-19,29,quantile,0.4,36.8
2022-02-07,2 wk ahead inc flu hosp,2022-02-19,50,quantile,0.4,0
2022-02-07,2 wk ahead inc flu hosp,2022-02-19,51,quantile,0.4,34.1
2022-02-07,2 wk ahead inc flu hosp,2022-02-19,09,quantile,0.4,0.4
2022-02-07,2 wk ahead inc flu hosp,2022-02-19,19,quantile,0.4,35.8
2022-02-07,2 wk ahead inc flu hosp,2022-02-19,22,quantile,0.4,23.2
2022-02-07,2 wk ahead inc flu hosp,2022-02-19,39,quantile,0.4,23.9
2022-02-07,2 wk ahead inc flu hosp,2022-02-19,26,quantile,0.4,31.5
2022-02-07,2 wk ahead inc flu hosp,2022-02-19,46,quantile,0.4,9.7
2022-02-07,2 wk ahead inc flu hosp,2022-02-19,05,quantile,0.4,18.7
2022-02-07,2 wk ahead inc flu hosp,2022-02-19,10,quantile,0.4,2.2
2022-02-07,2 wk ahead inc flu hosp,2022-02-19,28,quantile,0.4,10.4
2022-02-07,2 wk ahead inc flu hosp,2022-02-19,35,quantile,0.4,8.4
2022-02-07,2 wk ahead inc flu hosp,2022-02-19,38,quantile,0.4,6.9
2022-02-07,2 wk ahead inc flu hosp,2022-02-19,56,quantile,0.4,2.2
2022-02-07,2 wk ahead inc flu hosp,2022-02-19,02,quantile,0.4,5.5
2022-02-07,2 wk ahead inc flu hosp,2022-02-19,23,quantile,0.4,5.4
2022-02-07,2 wk ahead inc flu hosp,2022-02-19,01,quantile,0.4,5.7
2022-02-07,2 wk ahead inc flu hosp,2022-02-19,16,quantile,0.4,0.3
2022-02-07,2 wk ahead inc flu hosp,2022-02-19,30,quantile,0.4,8.6
2022-02-07,2 wk ahead inc flu hosp,2022-02-19,72,quantile,0.4,6.4
2022-02-07,2 wk ahead inc flu hosp,2022-02-19,78,quantile,0.4,0
2022-02-07,2 wk ahead inc flu hosp,2022-02-19,54,quantile,0.4,3.6
2022-02-07,3 wk ahead inc flu hosp,2022-02-26,53,quantile,0.4,14.7
2022-02-07,3 wk ahead inc flu hosp,2022-02-26,17,quantile,0.4,13.1
2022-02-07,3 wk ahead inc flu hosp,2022-02-26,06,quantile,0.4,23.2
2022-02-07,3 wk ahead inc flu hosp,2022-02-26,04,quantile,0.4,38.2
2022-02-07,3 wk ahead inc flu hosp,2022-02-26,25,quantile,0.4,32.2
2022-02-07,3 wk ahead inc flu hosp,2022-02-26,55,quantile,0.4,24
2022-02-07,3 wk ahead inc flu hosp,2022-02-26,48,quantile,0.4,116.1
2022-02-07,3 wk ahead inc flu hosp,2022-02-26,31,quantile,0.4,7.5
2022-02-07,3 wk ahead inc flu hosp,2022-02-26,49,quantile,0.4,1.2
2022-02-07,3 wk ahead inc flu hosp,2022-02-26,41,quantile,0.4,0.8
2022-02-07,3 wk ahead inc flu hosp,2022-02-26,12,quantile,0.4,44
2022-02-07,3 wk ahead inc flu hosp,2022-02-26,36,quantile,0.4,1
2022-02-07,3 wk ahead inc flu hosp,2022-02-26,44,quantile,0.4,0.5
2022-02-07,3 wk ahead inc flu hosp,2022-02-26,13,quantile,0.4,21.2
2022-02-07,3 wk ahead inc flu hosp,2022-02-26,33,quantile,0.4,2
2022-02-07,3 wk ahead inc flu hosp,2022-02-26,37,quantile,0.4,33.1
2022-02-07,3 wk ahead inc flu hosp,2022-02-26,34,quantile,0.4,26.2
2022-02-07,3 wk ahead inc flu hosp,2022-02-26,08,quantile,0.4,5.3
2022-02-07,3 wk ahead inc flu hosp,2022-02-26,24,quantile,0.4,10.6
2022-02-07,3 wk ahead inc flu hosp,2022-02-26,32,quantile,0.4,5.8
2022-02-07,3 wk ahead inc flu hosp,2022-02-26,47,quantile,0.4,2.7
2022-02-07,3 wk ahead inc flu hosp,2022-02-26,15,quantile,0.4,0
2022-02-07,3 wk ahead inc flu hosp,2022-02-26,18,quantile,0.4,13.5
2022-02-07,3 wk ahead inc flu hosp,2022-02-26,21,quantile,0.4,17.5
2022-02-07,3 wk ahead inc flu hosp,2022-02-26,27,quantile,0.4,28.2
2022-02-07,3 wk ahead inc flu hosp,2022-02-26,40,quantile,0.4,15.3
2022-02-07,3 wk ahead inc flu hosp,2022-02-26,42,quantile,0.4,26.9
2022-02-07,3 wk ahead inc flu hosp,2022-02-26,45,quantile,0.4,18.8
2022-02-07,3 wk ahead inc flu hosp,2022-02-26,11,quantile,0.4,1.3
2022-02-07,3 wk ahead inc flu hosp,2022-02-26,20,quantile,0.4,8.9
2022-02-07,3 wk ahead inc flu hosp,2022-02-26,29,quantile,0.4,36.8
2022-02-07,3 wk ahead inc flu hosp,2022-02-26,50,quantile,0.4,0
2022-02-07,3 wk ahead inc flu hosp,2022-02-26,51,quantile,0.4,20.9
2022-02-07,3 wk ahead inc flu hosp,2022-02-26,09,quantile,0.4,1.7
2022-02-07,3 wk ahead inc flu hosp,2022-02-26,19,quantile,0.4,21
2022-02-07,3 wk ahead inc flu hosp,2022-02-26,22,quantile,0.4,37.1
2022-02-07,3 wk ahead inc flu hosp,2022-02-26,39,quantile,0.4,35
2022-02-07,3 wk ahead inc flu hosp,2022-02-26,26,quantile,0.4,24.2
2022-02-07,3 wk ahead inc flu hosp,2022-02-26,46,quantile,0.4,9.2
2022-02-07,3 wk ahead inc flu hosp,2022-02-26,05,quantile,0.4,12.9
2022-02-07,3 wk ahead inc flu hosp,2022-02-26,10,quantile,0.4,0.8
2022-02-07,3 wk ahead inc flu hosp,2022-02-26,28,quantile,0.4,5.9
2022-02-07,3 wk ahead inc flu hosp,2022-02-26,35,quantile,0.4,15
2022-02-07,3 wk ahead inc flu hosp,2022-02-26,38,quantile,0.4,4.5
2022-02-07,3 wk ahead inc flu hosp,2022-02-26,56,quantile,0.4,2.6
2022-02-07,3 wk ahead inc flu hosp,2022-02-26,02,quantile,0.4,3.3
2022-02-07,3 wk ahead inc flu hosp,2022-02-26,23,quantile,0.4,4.2
2022-02-07,3 wk ahead inc flu hosp,2022-02-26,01,quantile,0.4,9.1
2022-02-07,3 wk ahead inc flu hosp,2022-02-26,16,quantile,0.4,0.9
2022-02-07,3 wk ahead inc flu hosp,2022-02-26,30,quantile,0.4,7.1
2022-02-07,3 wk ahead inc flu hosp,2022-02-26,72,quantile,0.4,4.1
2022-02-07,3 wk ahead inc flu hosp,2022-02-26,78,quantile,0.4,0
2022-02-07,3 wk ahead inc flu hosp,2022-02-26,54,quantile,0.4,1.2
2022-02-07,4 wk ahead inc flu hosp,2022-03-05,53,quantile,0.4,15.9
2022-02-07,4 wk ahead inc flu hosp,2022-03-05,17,quantile,0.4,12.7
2022-02-07,4 wk ahead inc flu hosp,2022-03-05,06,quantile,0.4,39.5
2022-02-07,4 wk ahead inc flu hosp,2022-03-05,04,quantile,0.4,31.1
2022-02-07,4 wk ahead inc flu hosp,2022-03-05,25,quantile,0.4,23.2
2022-02-07,4 wk ahead inc flu hosp,2022-03-05,55,quantile,0.4,6.8
2022-02-07,4 wk ahead inc flu hosp,2022-03-05,48,quantile,0.4,96.4
2022-02-07,4 wk ahead inc flu hosp,2022-03-05,31,quantile,0.4,13.1
2022-02-07,4 wk ahead inc flu hosp,2022-03-05,49,quantile,0.4,4.1
2022-02-07,4 wk ahead inc flu hosp,2022-03-05,41,quantile,0.4,4.2
2022-02-07,4 wk ahead inc flu hosp,2022-03-05,12,quantile,0.4,66.8
2022-02-07,4 wk ahead inc flu hosp,2022-03-05,36,quantile,0.4,14.2
2022-02-07,4 wk ahead inc flu hosp,2022-03-05,44,quantile,0.4,1.1
2022-02-07,4 wk ahead inc flu hosp,2022-03-05,13,quantile,0.4,21.2
2022-02-07,4 wk ahead inc flu hosp,2022-03-05,33,quantile,0.4,3.1
2022-02-07,4 wk ahead inc flu hosp,2022-03-05,37,quantile,0.4,24
2022-02-07,4 wk ahead inc flu hosp,2022-03-05,34,quantile,0.4,35.5
2022-02-07,4 wk ahead inc flu hosp,2022-03-05,08,quantile,0.4,6.8
2022-02-07,4 wk ahead inc flu hosp,2022-03-05,24,quantile,0.4,12.2
2022-02-07,4 wk ahead inc flu hosp,2022-03-05,32,quantile,0.4,6.7
2022-02-07,4 wk ahead inc flu hosp,2022-03-05,47,quantile,0.4,41.8
2022-02-07,4 wk ahead inc flu hosp,2022-03-05,15,quantile,0.4,0
2022-02-07,4 wk ahead inc flu hosp,2022-03-05,18,quantile,0.4,18
2022-02-07,4 wk ahead inc flu hosp,2022-03-05,21,quantile,0.4,22.3
2022-02-07,4 wk ahead inc flu hosp,2022-03-05,27,quantile,0.4,23.2
2022-02-07,4 wk ahead inc flu hosp,2022-03-05,40,quantile,0.4,26.2
2022-02-07,4 wk ahead inc flu hosp,2022-03-05,42,quantile,0.4,37.2
2022-02-07,4 wk ahead inc flu hosp,2022-03-05,45,quantile,0.4,14.1
2022-02-07,4 wk ahead inc flu hosp,2022-03-05,11,quantile,0.4,1.3
2022-02-07,4 wk ahead inc flu hosp,2022-03-05,20,quantile,0.4,11.7
2022-02-07,4 wk ahead inc flu hosp,2022-03-05,29,quantile,0.4,27.6
2022-02-07,4 wk ahead inc flu hosp,2022-03-05,50,quantile,0.4,0
2022-02-07,4 wk ahead inc flu hosp,2022-03-05,51,quantile,0.4,8.5
2022-02-07,4 wk ahead inc flu hosp,2022-03-05,09,quantile,0.4,3.6
2022-02-07,4 wk ahead inc flu hosp,2022-03-05,19,quantile,0.4,18.1
2022-02-07,4 wk ahead inc flu hosp,2022-03-05,22,quantile,0.4,10.5
2022-02-07,4 wk ahead inc flu hosp,2022-03-05,39,quantile,0.4,27.7
2022-02-07,4 wk ahead inc flu hosp,2022-03-05,26,quantile,0.4,30.6
2022-02-07,4 wk ahead inc flu hosp,2022-03-05,46,quantile,0.4,8.5
2022-02-07,4 wk ahead inc flu hosp,2022-03-05,05,quantile,0.4,5.2
2022-02-07,4 wk ahead inc flu hosp,2022-03-05,10,quantile,0.4,1
2022-02-07,4 wk ahead inc flu hosp,2022-03-05,28,quantile,0.4,7.8
2022-02-07,4 wk ahead inc flu hosp,2022-03-05,35,quantile,0.4,13.6
2022-02-07,4 wk ahead inc flu hosp,2022-03-05,38,quantile,0.4,6.7
2022-02-07,4 wk ahead inc flu hosp,2022-03-05,56,quantile,0.4,0.3
2022-02-07,4 wk ahead inc flu hosp,2022-03-05,02,quantile,0.4,0
2022-02-07,4 wk ahead inc flu hosp,2022-03-05,23,quantile,0.4,9.4
2022-02-07,4 wk ahead inc flu hosp,2022-03-05,01,quantile,0.4,22.4
2022-02-07,4 wk ahead inc flu hosp,2022-03-05,16,quantile,0.4,1.8
2022-02-07,4 wk ahead inc flu hosp,2022-03-05,30,quantile,0.4,6.8
2022-02-07,4 wk ahead inc flu hosp,2022-03-05,72,quantile,0.4,11.5
2022-02-07,4 wk ahead inc flu hosp,2022-03-05,78,quantile,0.4,0
2022-02-07,4 wk ahead inc flu hosp,2022-03-05,54,quantile,0.4,3.4
2022-02-07,1 wk ahead inc flu hosp,2022-02-12,53,quantile,0.45,7.6
2022-02-07,1 wk ahead inc flu hosp,2022-02-12,17,quantile,0.45,8.4
2022-02-07,1 wk ahead inc flu hosp,2022-02-12,06,quantile,0.45,16.9
2022-02-07,1 wk ahead inc flu hosp,2022-02-12,04,quantile,0.45,21.1
2022-02-07,1 wk ahead inc flu hosp,2022-02-12,25,quantile,0.45,59.9
2022-02-07,1 wk ahead inc flu hosp,2022-02-12,55,quantile,0.45,16.6
2022-02-07,1 wk ahead inc flu hosp,2022-02-12,48,quantile,0.45,186.4
2022-02-07,1 wk ahead inc flu hosp,2022-02-12,31,quantile,0.45,8.7
2022-02-07,1 wk ahead inc flu hosp,2022-02-12,49,quantile,0.45,3.2
2022-02-07,1 wk ahead inc flu hosp,2022-02-12,41,quantile,0.45,0
2022-02-07,1 wk ahead inc flu hosp,2022-02-12,12,quantile,0.45,56.3
2022-02-07,1 wk ahead inc flu hosp,2022-02-12,36,quantile,0.45,17.3
2022-02-07,1 wk ahead inc flu hosp,2022-02-12,44,quantile,0.45,0.5
2022-02-07,1 wk ahead inc flu hosp,2022-02-12,13,quantile,0.45,31.4
2022-02-07,1 wk ahead inc flu hosp,2022-02-12,33,quantile,0.45,6.3
2022-02-07,1 wk ahead inc flu hosp,2022-02-12,37,quantile,0.45,17.3
2022-02-07,1 wk ahead inc flu hosp,2022-02-12,34,quantile,0.45,26.5
2022-02-07,1 wk ahead inc flu hosp,2022-02-12,08,quantile,0.45,24.7
2022-02-07,1 wk ahead inc flu hosp,2022-02-12,24,quantile,0.45,11.4
2022-02-07,1 wk ahead inc flu hosp,2022-02-12,32,quantile,0.45,6.2
2022-02-07,1 wk ahead inc flu hosp,2022-02-12,47,quantile,0.45,32.1
2022-02-07,1 wk ahead inc flu hosp,2022-02-12,15,quantile,0.45,0
2022-02-07,1 wk ahead inc flu hosp,2022-02-12,18,quantile,0.45,33.6
2022-02-07,1 wk ahead inc flu hosp,2022-02-12,21,quantile,0.45,12.2
2022-02-07,1 wk ahead inc flu hosp,2022-02-12,27,quantile,0.45,36.2
2022-02-07,1 wk ahead inc flu hosp,2022-02-12,40,quantile,0.45,47.9
2022-02-07,1 wk ahead inc flu hosp,2022-02-12,42,quantile,0.45,44.5
2022-02-07,1 wk ahead inc flu hosp,2022-02-12,45,quantile,0.45,19.4
2022-02-07,1 wk ahead inc flu hosp,2022-02-12,11,quantile,0.45,0
2022-02-07,1 wk ahead inc flu hosp,2022-02-12,20,quantile,0.45,15.6
2022-02-07,1 wk ahead inc flu hosp,2022-02-12,29,quantile,0.45,37.4
2022-02-07,1 wk ahead inc flu hosp,2022-02-12,50,quantile,0.45,0
2022-02-07,1 wk ahead inc flu hosp,2022-02-12,51,quantile,0.45,34.1
2022-02-07,1 wk ahead inc flu hosp,2022-02-12,09,quantile,0.45,1.1
2022-02-07,1 wk ahead inc flu hosp,2022-02-12,19,quantile,0.45,33.9
2022-02-07,1 wk ahead inc flu hosp,2022-02-12,22,quantile,0.45,24.2
2022-02-07,1 wk ahead inc flu hosp,2022-02-12,39,quantile,0.45,28.1
2022-02-07,1 wk ahead inc flu hosp,2022-02-12,26,quantile,0.45,29.4
2022-02-07,1 wk ahead inc flu hosp,2022-02-12,46,quantile,0.45,10.9
2022-02-07,1 wk ahead inc flu hosp,2022-02-12,05,quantile,0.45,20.7
2022-02-07,1 wk ahead inc flu hosp,2022-02-12,10,quantile,0.45,2.3
2022-02-07,1 wk ahead inc flu hosp,2022-02-12,28,quantile,0.45,6.4
2022-02-07,1 wk ahead inc flu hosp,2022-02-12,35,quantile,0.45,9.8
2022-02-07,1 wk ahead inc flu hosp,2022-02-12,38,quantile,0.45,7.9
2022-02-07,1 wk ahead inc flu hosp,2022-02-12,56,quantile,0.45,4.6
2022-02-07,1 wk ahead inc flu hosp,2022-02-12,02,quantile,0.45,1.9
2022-02-07,1 wk ahead inc flu hosp,2022-02-12,23,quantile,0.45,5.6
2022-02-07,1 wk ahead inc flu hosp,2022-02-12,01,quantile,0.45,10.5
2022-02-07,1 wk ahead inc flu hosp,2022-02-12,16,quantile,0.45,0.5
2022-02-07,1 wk ahead inc flu hosp,2022-02-12,30,quantile,0.45,8.2
2022-02-07,1 wk ahead inc flu hosp,2022-02-12,72,quantile,0.45,13.3
2022-02-07,1 wk ahead inc flu hosp,2022-02-12,78,quantile,0.45,0
2022-02-07,1 wk ahead inc flu hosp,2022-02-12,54,quantile,0.45,6.9
2022-02-07,2 wk ahead inc flu hosp,2022-02-19,53,quantile,0.45,8.4
2022-02-07,2 wk ahead inc flu hosp,2022-02-19,17,quantile,0.45,20.3
2022-02-07,2 wk ahead inc flu hosp,2022-02-19,06,quantile,0.45,29.3
2022-02-07,2 wk ahead inc flu hosp,2022-02-19,04,quantile,0.45,42.9
2022-02-07,2 wk ahead inc flu hosp,2022-02-19,25,quantile,0.45,24.7
2022-02-07,2 wk ahead inc flu hosp,2022-02-19,55,quantile,0.45,18.3
2022-02-07,2 wk ahead inc flu hosp,2022-02-19,48,quantile,0.45,159.2
2022-02-07,2 wk ahead inc flu hosp,2022-02-19,31,quantile,0.45,38.6
2022-02-07,2 wk ahead inc flu hosp,2022-02-19,49,quantile,0.45,5.2
2022-02-07,2 wk ahead inc flu hosp,2022-02-19,41,quantile,0.45,0.2
2022-02-07,2 wk ahead inc flu hosp,2022-02-19,12,quantile,0.45,55.2
2022-02-07,2 wk ahead inc flu hosp,2022-02-19,36,quantile,0.45,19.2
2022-02-07,2 wk ahead inc flu hosp,2022-02-19,44,quantile,0.45,0.4
2022-02-07,2 wk ahead inc flu hosp,2022-02-19,13,quantile,0.45,21.2
2022-02-07,2 wk ahead inc flu hosp,2022-02-19,33,quantile,0.45,5.9
2022-02-07,2 wk ahead inc flu hosp,2022-02-19,37,quantile,0.45,35.8
2022-02-07,2 wk ahead inc flu hosp,2022-02-19,34,quantile,0.45,22.6
2022-02-07,2 wk ahead inc flu hosp,2022-02-19,08,quantile,0.45,16.7
2022-02-07,2 wk ahead inc flu hosp,2022-02-19,24,quantile,0.45,12.1
2022-02-07,2 wk ahead inc flu hosp,2022-02-19,32,quantile,0.45,4.9
2022-02-07,2 wk ahead inc flu hosp,2022-02-19,47,quantile,0.45,20.7
2022-02-07,2 wk ahead inc flu hosp,2022-02-19,15,quantile,0.45,0
2022-02-07,2 wk ahead inc flu hosp,2022-02-19,18,quantile,0.45,27.5
2022-02-07,2 wk ahead inc flu hosp,2022-02-19,21,quantile,0.45,10.2
2022-02-07,2 wk ahead inc flu hosp,2022-02-19,27,quantile,0.45,26
2022-02-07,2 wk ahead inc flu hosp,2022-02-19,40,quantile,0.45,56.6
2022-02-07,2 wk ahead inc flu hosp,2022-02-19,42,quantile,0.45,51.2
2022-02-07,2 wk ahead inc flu hosp,2022-02-19,45,quantile,0.45,20.1
2022-02-07,2 wk ahead inc flu hosp,2022-02-19,11,quantile,0.45,0.5
2022-02-07,2 wk ahead inc flu hosp,2022-02-19,20,quantile,0.45,14.5
2022-02-07,2 wk ahead inc flu hosp,2022-02-19,29,quantile,0.45,36.8
2022-02-07,2 wk ahead inc flu hosp,2022-02-19,50,quantile,0.45,0
2022-02-07,2 wk ahead inc flu hosp,2022-02-19,51,quantile,0.45,34.1
2022-02-07,2 wk ahead inc flu hosp,2022-02-19,09,quantile,0.45,0.8
2022-02-07,2 wk ahead inc flu hosp,2022-02-19,19,quantile,0.45,42
2022-02-07,2 wk ahead inc flu hosp,2022-02-19,22,quantile,0.45,26.6
2022-02-07,2 wk ahead inc flu hosp,2022-02-19,39,quantile,0.45,25.3
2022-02-07,2 wk ahead inc flu hosp,2022-02-19,26,quantile,0.45,31.8
2022-02-07,2 wk ahead inc flu hosp,2022-02-19,46,quantile,0.45,10.1
2022-02-07,2 wk ahead inc flu hosp,2022-02-19,05,quantile,0.45,20.3
2022-02-07,2 wk ahead inc flu hosp,2022-02-19,10,quantile,0.45,2.4
2022-02-07,2 wk ahead inc flu hosp,2022-02-19,28,quantile,0.45,12.1
2022-02-07,2 wk ahead inc flu hosp,2022-02-19,35,quantile,0.45,10
2022-02-07,2 wk ahead inc flu hosp,2022-02-19,38,quantile,0.45,7.6
2022-02-07,2 wk ahead inc flu hosp,2022-02-19,56,quantile,0.45,2.8
2022-02-07,2 wk ahead inc flu hosp,2022-02-19,02,quantile,0.45,5.9
2022-02-07,2 wk ahead inc flu hosp,2022-02-19,23,quantile,0.45,6.1
2022-02-07,2 wk ahead inc flu hosp,2022-02-19,01,quantile,0.45,5.9
2022-02-07,2 wk ahead inc flu hosp,2022-02-19,16,quantile,0.45,0.6
2022-02-07,2 wk ahead inc flu hosp,2022-02-19,30,quantile,0.45,9.2
2022-02-07,2 wk ahead inc flu hosp,2022-02-19,72,quantile,0.45,6.5
2022-02-07,2 wk ahead inc flu hosp,2022-02-19,78,quantile,0.45,0
2022-02-07,2 wk ahead inc flu hosp,2022-02-19,54,quantile,0.45,3.6
2022-02-07,3 wk ahead inc flu hosp,2022-02-26,53,quantile,0.45,15.2
2022-02-07,3 wk ahead inc flu hosp,2022-02-26,17,quantile,0.45,16.5
2022-02-07,3 wk ahead inc flu hosp,2022-02-26,06,quantile,0.45,30.2
2022-02-07,3 wk ahead inc flu hosp,2022-02-26,04,quantile,0.45,43.7
2022-02-07,3 wk ahead inc flu hosp,2022-02-26,25,quantile,0.45,40
2022-02-07,3 wk ahead inc flu hosp,2022-02-26,55,quantile,0.45,25.6
2022-02-07,3 wk ahead inc flu hosp,2022-02-26,48,quantile,0.45,125.6
2022-02-07,3 wk ahead inc flu hosp,2022-02-26,31,quantile,0.45,7.7
2022-02-07,3 wk ahead inc flu hosp,2022-02-26,49,quantile,0.45,2.7
2022-02-07,3 wk ahead inc flu hosp,2022-02-26,41,quantile,0.45,1.4
2022-02-07,3 wk ahead inc flu hosp,2022-02-26,12,quantile,0.45,50.8
2022-02-07,3 wk ahead inc flu hosp,2022-02-26,36,quantile,0.45,2.5
2022-02-07,3 wk ahead inc flu hosp,2022-02-26,44,quantile,0.45,0.8
2022-02-07,3 wk ahead inc flu hosp,2022-02-26,13,quantile,0.45,21.6
2022-02-07,3 wk ahead inc flu hosp,2022-02-26,33,quantile,0.45,2.7
2022-02-07,3 wk ahead inc flu hosp,2022-02-26,37,quantile,0.45,35.1
2022-02-07,3 wk ahead inc flu hosp,2022-02-26,34,quantile,0.45,29.5
2022-02-07,3 wk ahead inc flu hosp,2022-02-26,08,quantile,0.45,8
2022-02-07,3 wk ahead inc flu hosp,2022-02-26,24,quantile,0.45,11.6
2022-02-07,3 wk ahead inc flu hosp,2022-02-26,32,quantile,0.45,6.2
2022-02-07,3 wk ahead inc flu hosp,2022-02-26,47,quantile,0.45,4
2022-02-07,3 wk ahead inc flu hosp,2022-02-26,15,quantile,0.45,0
2022-02-07,3 wk ahead inc flu hosp,2022-02-26,18,quantile,0.45,13.7
2022-02-07,3 wk ahead inc flu hosp,2022-02-26,21,quantile,0.45,19
2022-02-07,3 wk ahead inc flu hosp,2022-02-26,27,quantile,0.45,28.2
2022-02-07,3 wk ahead inc flu hosp,2022-02-26,40,quantile,0.45,19.8
2022-02-07,3 wk ahead inc flu hosp,2022-02-26,42,quantile,0.45,30.7
2022-02-07,3 wk ahead inc flu hosp,2022-02-26,45,quantile,0.45,20.6
2022-02-07,3 wk ahead inc flu hosp,2022-02-26,11,quantile,0.45,1.8
2022-02-07,3 wk ahead inc flu hosp,2022-02-26,20,quantile,0.45,10.5
2022-02-07,3 wk ahead inc flu hosp,2022-02-26,29,quantile,0.45,36.8
2022-02-07,3 wk ahead inc flu hosp,2022-02-26,50,quantile,0.45,0
2022-02-07,3 wk ahead inc flu hosp,2022-02-26,51,quantile,0.45,22.8
2022-02-07,3 wk ahead inc flu hosp,2022-02-26,09,quantile,0.45,2.5
2022-02-07,3 wk ahead inc flu hosp,2022-02-26,19,quantile,0.45,26.9
2022-02-07,3 wk ahead inc flu hosp,2022-02-26,22,quantile,0.45,38.2
2022-02-07,3 wk ahead inc flu hosp,2022-02-26,39,quantile,0.45,37.9
2022-02-07,3 wk ahead inc flu hosp,2022-02-26,26,quantile,0.45,27.7
2022-02-07,3 wk ahead inc flu hosp,2022-02-26,46,quantile,0.45,9.4
2022-02-07,3 wk ahead inc flu hosp,2022-02-26,05,quantile,0.45,14.9
2022-02-07,3 wk ahead inc flu hosp,2022-02-26,10,quantile,0.45,1.3
2022-02-07,3 wk ahead inc flu hosp,2022-02-26,28,quantile,0.45,7.9
2022-02-07,3 wk ahead inc flu hosp,2022-02-26,35,quantile,0.45,16.2
2022-02-07,3 wk ahead inc flu hosp,2022-02-26,38,quantile,0.45,5.6
2022-02-07,3 wk ahead inc flu hosp,2022-02-26,56,quantile,0.45,3.1
2022-02-07,3 wk ahead inc flu hosp,2022-02-26,02,quantile,0.45,3.5
2022-02-07,3 wk ahead inc flu hosp,2022-02-26,23,quantile,0.45,5.2
2022-02-07,3 wk ahead inc flu hosp,2022-02-26,01,quantile,0.45,12.3
2022-02-07,3 wk ahead inc flu hosp,2022-02-26,16,quantile,0.45,1.1
2022-02-07,3 wk ahead inc flu hosp,2022-02-26,30,quantile,0.45,7.5
2022-02-07,3 wk ahead inc flu hosp,2022-02-26,72,quantile,0.45,5.1
2022-02-07,3 wk ahead inc flu hosp,2022-02-26,78,quantile,0.45,0
2022-02-07,3 wk ahead inc flu hosp,2022-02-26,54,quantile,0.45,1.9
2022-02-07,4 wk ahead inc flu hosp,2022-03-05,53,quantile,0.45,20.8
2022-02-07,4 wk ahead inc flu hosp,2022-03-05,17,quantile,0.45,12.7
2022-02-07,4 wk ahead inc flu hosp,2022-03-05,06,quantile,0.45,39.5
2022-02-07,4 wk ahead inc flu hosp,2022-03-05,04,quantile,0.45,34.6
2022-02-07,4 wk ahead inc flu hosp,2022-03-05,25,quantile,0.45,26.1
2022-02-07,4 wk ahead inc flu hosp,2022-03-05,55,quantile,0.45,9
2022-02-07,4 wk ahead inc flu hosp,2022-03-05,48,quantile,0.45,112
2022-02-07,4 wk ahead inc flu hosp,2022-03-05,31,quantile,0.45,16.2
2022-02-07,4 wk ahead inc flu hosp,2022-03-05,49,quantile,0.45,5.2
2022-02-07,4 wk ahead inc flu hosp,2022-03-05,41,quantile,0.45,4.2
2022-02-07,4 wk ahead inc flu hosp,2022-03-05,12,quantile,0.45,73.1
2022-02-07,4 wk ahead inc flu hosp,2022-03-05,36,quantile,0.45,18.9
2022-02-07,4 wk ahead inc flu hosp,2022-03-05,44,quantile,0.45,1.1
2022-02-07,4 wk ahead inc flu hosp,2022-03-05,13,quantile,0.45,21.2
2022-02-07,4 wk ahead inc flu hosp,2022-03-05,33,quantile,0.45,3.1
2022-02-07,4 wk ahead inc flu hosp,2022-03-05,37,quantile,0.45,24
2022-02-07,4 wk ahead inc flu hosp,2022-03-05,34,quantile,0.45,35.5
2022-02-07,4 wk ahead inc flu hosp,2022-03-05,08,quantile,0.45,9.7
2022-02-07,4 wk ahead inc flu hosp,2022-03-05,24,quantile,0.45,13
2022-02-07,4 wk ahead inc flu hosp,2022-03-05,32,quantile,0.45,8
2022-02-07,4 wk ahead inc flu hosp,2022-03-05,47,quantile,0.45,45.5
2022-02-07,4 wk ahead inc flu hosp,2022-03-05,15,quantile,0.45,0
2022-02-07,4 wk ahead inc flu hosp,2022-03-05,18,quantile,0.45,25.4
2022-02-07,4 wk ahead inc flu hosp,2022-03-05,21,quantile,0.45,22.3
2022-02-07,4 wk ahead inc flu hosp,2022-03-05,27,quantile,0.45,23.3
2022-02-07,4 wk ahead inc flu hosp,2022-03-05,40,quantile,0.45,29.5
2022-02-07,4 wk ahead inc flu hosp,2022-03-05,42,quantile,0.45,41.3
2022-02-07,4 wk ahead inc flu hosp,2022-03-05,45,quantile,0.45,16.6
2022-02-07,4 wk ahead inc flu hosp,2022-03-05,11,quantile,0.45,2.1
2022-02-07,4 wk ahead inc flu hosp,2022-03-05,20,quantile,0.45,12.1
2022-02-07,4 wk ahead inc flu hosp,2022-03-05,29,quantile,0.45,31.9
2022-02-07,4 wk ahead inc flu hosp,2022-03-05,50,quantile,0.45,0
2022-02-07,4 wk ahead inc flu hosp,2022-03-05,51,quantile,0.45,10.4
2022-02-07,4 wk ahead inc flu hosp,2022-03-05,09,quantile,0.45,3.6
2022-02-07,4 wk ahead inc flu hosp,2022-03-05,19,quantile,0.45,21.4
2022-02-07,4 wk ahead inc flu hosp,2022-03-05,22,quantile,0.45,12.8
2022-02-07,4 wk ahead inc flu hosp,2022-03-05,39,quantile,0.45,30.4
2022-02-07,4 wk ahead inc flu hosp,2022-03-05,26,quantile,0.45,35.6
2022-02-07,4 wk ahead inc flu hosp,2022-03-05,46,quantile,0.45,9.4
2022-02-07,4 wk ahead inc flu hosp,2022-03-05,05,quantile,0.45,6
2022-02-07,4 wk ahead inc flu hosp,2022-03-05,10,quantile,0.45,1
2022-02-07,4 wk ahead inc flu hosp,2022-03-05,28,quantile,0.45,8.6
2022-02-07,4 wk ahead inc flu hosp,2022-03-05,35,quantile,0.45,15.4
2022-02-07,4 wk ahead inc flu hosp,2022-03-05,38,quantile,0.45,7.2
2022-02-07,4 wk ahead inc flu hosp,2022-03-05,56,quantile,0.45,0.5
2022-02-07,4 wk ahead inc flu hosp,2022-03-05,02,quantile,0.45,0.1
2022-02-07,4 wk ahead inc flu hosp,2022-03-05,23,quantile,0.45,11.3
2022-02-07,4 wk ahead inc flu hosp,2022-03-05,01,quantile,0.45,23.9
2022-02-07,4 wk ahead inc flu hosp,2022-03-05,16,quantile,0.45,1.8
2022-02-07,4 wk ahead inc flu hosp,2022-03-05,30,quantile,0.45,7.3
2022-02-07,4 wk ahead inc flu hosp,2022-03-05,72,quantile,0.45,13.3
2022-02-07,4 wk ahead inc flu hosp,2022-03-05,78,quantile,0.45,0
2022-02-07,4 wk ahead inc flu hosp,2022-03-05,54,quantile,0.45,3.8
2022-02-07,1 wk ahead inc flu hosp,2022-02-12,53,quantile,0.5,7.9
2022-02-07,1 wk ahead inc flu hosp,2022-02-12,17,quantile,0.5,10.1
2022-02-07,1 wk ahead inc flu hosp,2022-02-12,06,quantile,0.5,20.7
2022-02-07,1 wk ahead inc flu hosp,2022-02-12,04,quantile,0.5,24.6
2022-02-07,1 wk ahead inc flu hosp,2022-02-12,25,quantile,0.5,67.1
2022-02-07,1 wk ahead inc flu hosp,2022-02-12,55,quantile,0.5,18.9
2022-02-07,1 wk ahead inc flu hosp,2022-02-12,48,quantile,0.5,194.7
2022-02-07,1 wk ahead inc flu hosp,2022-02-12,31,quantile,0.5,16.1
2022-02-07,1 wk ahead inc flu hosp,2022-02-12,49,quantile,0.5,3.2
2022-02-07,1 wk ahead inc flu hosp,2022-02-12,41,quantile,0.5,0.1
2022-02-07,1 wk ahead inc flu hosp,2022-02-12,12,quantile,0.5,61.7
2022-02-07,1 wk ahead inc flu hosp,2022-02-12,36,quantile,0.5,22.2
2022-02-07,1 wk ahead inc flu hosp,2022-02-12,44,quantile,0.5,1
2022-02-07,1 wk ahead inc flu hosp,2022-02-12,13,quantile,0.5,33.8
2022-02-07,1 wk ahead inc flu hosp,2022-02-12,33,quantile,0.5,6.8
2022-02-07,1 wk ahead inc flu hosp,2022-02-12,37,quantile,0.5,20.7
2022-02-07,1 wk ahead inc flu hosp,2022-02-12,34,quantile,0.5,28.6
2022-02-07,1 wk ahead inc flu hosp,2022-02-12,08,quantile,0.5,32.7
2022-02-07,1 wk ahead inc flu hosp,2022-02-12,24,quantile,0.5,12.1
2022-02-07,1 wk ahead inc flu hosp,2022-02-12,32,quantile,0.5,6.2
2022-02-07,1 wk ahead inc flu hosp,2022-02-12,47,quantile,0.5,34
2022-02-07,1 wk ahead inc flu hosp,2022-02-12,15,quantile,0.5,0
2022-02-07,1 wk ahead inc flu hosp,2022-02-12,18,quantile,0.5,36.5
2022-02-07,1 wk ahead inc flu hosp,2022-02-12,21,quantile,0.5,13.8
2022-02-07,1 wk ahead inc flu hosp,2022-02-12,27,quantile,0.5,40.7
2022-02-07,1 wk ahead inc flu hosp,2022-02-12,40,quantile,0.5,60.3
2022-02-07,1 wk ahead inc flu hosp,2022-02-12,42,quantile,0.5,49.2
2022-02-07,1 wk ahead inc flu hosp,2022-02-12,45,quantile,0.5,21.2
2022-02-07,1 wk ahead inc flu hosp,2022-02-12,11,quantile,0.5,0
2022-02-07,1 wk ahead inc flu hosp,2022-02-12,20,quantile,0.5,19.5
2022-02-07,1 wk ahead inc flu hosp,2022-02-12,29,quantile,0.5,38.6
2022-02-07,1 wk ahead inc flu hosp,2022-02-12,50,quantile,0.5,0
2022-02-07,1 wk ahead inc flu hosp,2022-02-12,51,quantile,0.5,34.1
2022-02-07,1 wk ahead inc flu hosp,2022-02-12,09,quantile,0.5,1.2
2022-02-07,1 wk ahead inc flu hosp,2022-02-12,19,quantile,0.5,39.9
2022-02-07,1 wk ahead inc flu hosp,2022-02-12,22,quantile,0.5,27
2022-02-07,1 wk ahead inc flu hosp,2022-02-12,39,quantile,0.5,32.3
2022-02-07,1 wk ahead inc flu hosp,2022-02-12,26,quantile,0.5,30.5
2022-02-07,1 wk ahead inc flu hosp,2022-02-12,46,quantile,0.5,11.1
2022-02-07,1 wk ahead inc flu hosp,2022-02-12,05,quantile,0.5,22.4
2022-02-07,1 wk ahead inc flu hosp,2022-02-12,10,quantile,0.5,4
2022-02-07,1 wk ahead inc flu hosp,2022-02-12,28,quantile,0.5,7.5
2022-02-07,1 wk ahead inc flu hosp,2022-02-12,35,quantile,0.5,10.5
2022-02-07,1 wk ahead inc flu hosp,2022-02-12,38,quantile,0.5,7.9
2022-02-07,1 wk ahead inc flu hosp,2022-02-12,56,quantile,0.5,4.6
2022-02-07,1 wk ahead inc flu hosp,2022-02-12,02,quantile,0.5,2.2
2022-02-07,1 wk ahead inc flu hosp,2022-02-12,23,quantile,0.5,6.1
2022-02-07,1 wk ahead inc flu hosp,2022-02-12,01,quantile,0.5,11.7
2022-02-07,1 wk ahead inc flu hosp,2022-02-12,16,quantile,0.5,0.8
2022-02-07,1 wk ahead inc flu hosp,2022-02-12,30,quantile,0.5,9
2022-02-07,1 wk ahead inc flu hosp,2022-02-12,72,quantile,0.5,13.8
2022-02-07,1 wk ahead inc flu hosp,2022-02-12,78,quantile,0.5,0
2022-02-07,1 wk ahead inc flu hosp,2022-02-12,54,quantile,0.5,7.1
2022-02-07,2 wk ahead inc flu hosp,2022-02-19,53,quantile,0.5,9.3
2022-02-07,2 wk ahead inc flu hosp,2022-02-19,17,quantile,0.5,25.3
2022-02-07,2 wk ahead inc flu hosp,2022-02-19,06,quantile,0.5,33.5
2022-02-07,2 wk ahead inc flu hosp,2022-02-19,04,quantile,0.5,45.1
2022-02-07,2 wk ahead inc flu hosp,2022-02-19,25,quantile,0.5,30.1
2022-02-07,2 wk ahead inc flu hosp,2022-02-19,55,quantile,0.5,19.7
2022-02-07,2 wk ahead inc flu hosp,2022-02-19,48,quantile,0.5,170.4
2022-02-07,2 wk ahead inc flu hosp,2022-02-19,31,quantile,0.5,44.5
2022-02-07,2 wk ahead inc flu hosp,2022-02-19,49,quantile,0.5,6.1
2022-02-07,2 wk ahead inc flu hosp,2022-02-19,41,quantile,0.5,0.4
2022-02-07,2 wk ahead inc flu hosp,2022-02-19,12,quantile,0.5,55.6
2022-02-07,2 wk ahead inc flu hosp,2022-02-19,36,quantile,0.5,19.5
2022-02-07,2 wk ahead inc flu hosp,2022-02-19,44,quantile,0.5,0.5
2022-02-07,2 wk ahead inc flu hosp,2022-02-19,13,quantile,0.5,21.2
2022-02-07,2 wk ahead inc flu hosp,2022-02-19,33,quantile,0.5,6.3
2022-02-07,2 wk ahead inc flu hosp,2022-02-19,37,quantile,0.5,42.7
2022-02-07,2 wk ahead inc flu hosp,2022-02-19,34,quantile,0.5,26.4
2022-02-07,2 wk ahead inc flu hosp,2022-02-19,08,quantile,0.5,19.2
2022-02-07,2 wk ahead inc flu hosp,2022-02-19,24,quantile,0.5,12.1
2022-02-07,2 wk ahead inc flu hosp,2022-02-19,32,quantile,0.5,6.2
2022-02-07,2 wk ahead inc flu hosp,2022-02-19,47,quantile,0.5,23
2022-02-07,2 wk ahead inc flu hosp,2022-02-19,15,quantile,0.5,0
2022-02-07,2 wk ahead inc flu hosp,2022-02-19,18,quantile,0.5,28.2
2022-02-07,2 wk ahead inc flu hosp,2022-02-19,21,quantile,0.5,10.8
2022-02-07,2 wk ahead inc flu hosp,2022-02-19,27,quantile,0.5,28.1
2022-02-07,2 wk ahead inc flu hosp,2022-02-19,40,quantile,0.5,63.6
2022-02-07,2 wk ahead inc flu hosp,2022-02-19,42,quantile,0.5,52.9
2022-02-07,2 wk ahead inc flu hosp,2022-02-19,45,quantile,0.5,22.9
2022-02-07,2 wk ahead inc flu hosp,2022-02-19,11,quantile,0.5,0.8
2022-02-07,2 wk ahead inc flu hosp,2022-02-19,20,quantile,0.5,14.9
2022-02-07,2 wk ahead inc flu hosp,2022-02-19,29,quantile,0.5,36.8
2022-02-07,2 wk ahead inc flu hosp,2022-02-19,50,quantile,0.5,0
2022-02-07,2 wk ahead inc flu hosp,2022-02-19,51,quantile,0.5,34.1
2022-02-07,2 wk ahead inc flu hosp,2022-02-19,09,quantile,0.5,1
2022-02-07,2 wk ahead inc flu hosp,2022-02-19,19,quantile,0.5,47
2022-02-07,2 wk ahead inc flu hosp,2022-02-19,22,quantile,0.5,27.8
2022-02-07,2 wk ahead inc flu hosp,2022-02-19,39,quantile,0.5,26.8
2022-02-07,2 wk ahead inc flu hosp,2022-02-19,26,quantile,0.5,33.2
2022-02-07,2 wk ahead inc flu hosp,2022-02-19,46,quantile,0.5,10.2
2022-02-07,2 wk ahead inc flu hosp,2022-02-19,05,quantile,0.5,22.8
2022-02-07,2 wk ahead inc flu hosp,2022-02-19,10,quantile,0.5,2.8
2022-02-07,2 wk ahead inc flu hosp,2022-02-19,28,quantile,0.5,13.7
2022-02-07,2 wk ahead inc flu hosp,2022-02-19,35,quantile,0.5,10.7
2022-02-07,2 wk ahead inc flu hosp,2022-02-19,38,quantile,0.5,8.9
2022-02-07,2 wk ahead inc flu hosp,2022-02-19,56,quantile,0.5,3.7
2022-02-07,2 wk ahead inc flu hosp,2022-02-19,02,quantile,0.5,6.1
2022-02-07,2 wk ahead inc flu hosp,2022-02-19,23,quantile,0.5,6.8
2022-02-07,2 wk ahead inc flu hosp,2022-02-19,01,quantile,0.5,6.3
2022-02-07,2 wk ahead inc flu hosp,2022-02-19,16,quantile,0.5,0.7
2022-02-07,2 wk ahead inc flu hosp,2022-02-19,30,quantile,0.5,11.6
2022-02-07,2 wk ahead inc flu hosp,2022-02-19,72,quantile,0.5,7.4
2022-02-07,2 wk ahead inc flu hosp,2022-02-19,78,quantile,0.5,0
2022-02-07,2 wk ahead inc flu hosp,2022-02-19,54,quantile,0.5,3.6
2022-02-07,3 wk ahead inc flu hosp,2022-02-26,53,quantile,0.5,15.2
2022-02-07,3 wk ahead inc flu hosp,2022-02-26,17,quantile,0.5,22.1
2022-02-07,3 wk ahead inc flu hosp,2022-02-26,06,quantile,0.5,37.3
2022-02-07,3 wk ahead inc flu hosp,2022-02-26,04,quantile,0.5,48.6
2022-02-07,3 wk ahead inc flu hosp,2022-02-26,25,quantile,0.5,52.2
2022-02-07,3 wk ahead inc flu hosp,2022-02-26,55,quantile,0.5,26.9
2022-02-07,3 wk ahead inc flu hosp,2022-02-26,48,quantile,0.5,139
2022-02-07,3 wk ahead inc flu hosp,2022-02-26,31,quantile,0.5,7.7
2022-02-07,3 wk ahead inc flu hosp,2022-02-26,49,quantile,0.5,3.1
2022-02-07,3 wk ahead inc flu hosp,2022-02-26,41,quantile,0.5,2.6
2022-02-07,3 wk ahead inc flu hosp,2022-02-26,12,quantile,0.5,55.9
2022-02-07,3 wk ahead inc flu hosp,2022-02-26,36,quantile,0.5,7.6
2022-02-07,3 wk ahead inc flu hosp,2022-02-26,44,quantile,0.5,0.8
2022-02-07,3 wk ahead inc flu hosp,2022-02-26,13,quantile,0.5,23.1
2022-02-07,3 wk ahead inc flu hosp,2022-02-26,33,quantile,0.5,3.8
2022-02-07,3 wk ahead inc flu hosp,2022-02-26,37,quantile,0.5,38.5
2022-02-07,3 wk ahead inc flu hosp,2022-02-26,34,quantile,0.5,32.6
2022-02-07,3 wk ahead inc flu hosp,2022-02-26,08,quantile,0.5,10.4
2022-02-07,3 wk ahead inc flu hosp,2022-02-26,24,quantile,0.5,12.6
2022-02-07,3 wk ahead inc flu hosp,2022-02-26,32,quantile,0.5,6.2
2022-02-07,3 wk ahead inc flu hosp,2022-02-26,47,quantile,0.5,9.6
2022-02-07,3 wk ahead inc flu hosp,2022-02-26,15,quantile,0.5,0
2022-02-07,3 wk ahead inc flu hosp,2022-02-26,18,quantile,0.5,14.7
2022-02-07,3 wk ahead inc flu hosp,2022-02-26,21,quantile,0.5,21.1
2022-02-07,3 wk ahead inc flu hosp,2022-02-26,27,quantile,0.5,29
2022-02-07,3 wk ahead inc flu hosp,2022-02-26,40,quantile,0.5,25.6
2022-02-07,3 wk ahead inc flu hosp,2022-02-26,42,quantile,0.5,34.9
2022-02-07,3 wk ahead inc flu hosp,2022-02-26,45,quantile,0.5,21.2
2022-02-07,3 wk ahead inc flu hosp,2022-02-26,11,quantile,0.5,2.1
2022-02-07,3 wk ahead inc flu hosp,2022-02-26,20,quantile,0.5,12.3
2022-02-07,3 wk ahead inc flu hosp,2022-02-26,29,quantile,0.5,36.8
2022-02-07,3 wk ahead inc flu hosp,2022-02-26,50,quantile,0.5,0
2022-02-07,3 wk ahead inc flu hosp,2022-02-26,51,quantile,0.5,24.8
2022-02-07,3 wk ahead inc flu hosp,2022-02-26,09,quantile,0.5,3.4
2022-02-07,3 wk ahead inc flu hosp,2022-02-26,19,quantile,0.5,29.8
2022-02-07,3 wk ahead inc flu hosp,2022-02-26,22,quantile,0.5,41.6
2022-02-07,3 wk ahead inc flu hosp,2022-02-26,39,quantile,0.5,41.8
2022-02-07,3 wk ahead inc flu hosp,2022-02-26,26,quantile,0.5,30.7
2022-02-07,3 wk ahead inc flu hosp,2022-02-26,46,quantile,0.5,9.7
2022-02-07,3 wk ahead inc flu hosp,2022-02-26,05,quantile,0.5,16.6
2022-02-07,3 wk ahead inc flu hosp,2022-02-26,10,quantile,0.5,1.6
2022-02-07,3 wk ahead inc flu hosp,2022-02-26,28,quantile,0.5,10.9
2022-02-07,3 wk ahead inc flu hosp,2022-02-26,35,quantile,0.5,16.7
2022-02-07,3 wk ahead inc flu hosp,2022-02-26,38,quantile,0.5,6.7
2022-02-07,3 wk ahead inc flu hosp,2022-02-26,56,quantile,0.5,3.3
2022-02-07,3 wk ahead inc flu hosp,2022-02-26,02,quantile,0.5,3.6
2022-02-07,3 wk ahead inc flu hosp,2022-02-26,23,quantile,0.5,5.7
2022-02-07,3 wk ahead inc flu hosp,2022-02-26,01,quantile,0.5,13.3
2022-02-07,3 wk ahead inc flu hosp,2022-02-26,16,quantile,0.5,1.6
2022-02-07,3 wk ahead inc flu hosp,2022-02-26,30,quantile,0.5,7.8
2022-02-07,3 wk ahead inc flu hosp,2022-02-26,72,quantile,0.5,5.8
2022-02-07,3 wk ahead inc flu hosp,2022-02-26,78,quantile,0.5,0
2022-02-07,3 wk ahead inc flu hosp,2022-02-26,54,quantile,0.5,2.4
2022-02-07,4 wk ahead inc flu hosp,2022-03-05,53,quantile,0.5,21.2
2022-02-07,4 wk ahead inc flu hosp,2022-03-05,17,quantile,0.5,12.7
2022-02-07,4 wk ahead inc flu hosp,2022-03-05,06,quantile,0.5,39.5
2022-02-07,4 wk ahead inc flu hosp,2022-03-05,04,quantile,0.5,41.3
2022-02-07,4 wk ahead inc flu hosp,2022-03-05,25,quantile,0.5,31.2
2022-02-07,4 wk ahead inc flu hosp,2022-03-05,55,quantile,0.5,10.9
2022-02-07,4 wk ahead inc flu hosp,2022-03-05,48,quantile,0.5,126.8
2022-02-07,4 wk ahead inc flu hosp,2022-03-05,31,quantile,0.5,18.4
2022-02-07,4 wk ahead inc flu hosp,2022-03-05,49,quantile,0.5,6.8
2022-02-07,4 wk ahead inc flu hosp,2022-03-05,41,quantile,0.5,4.2
2022-02-07,4 wk ahead inc flu hosp,2022-03-05,12,quantile,0.5,78.1
2022-02-07,4 wk ahead inc flu hosp,2022-03-05,36,quantile,0.5,24.6
2022-02-07,4 wk ahead inc flu hosp,2022-03-05,44,quantile,0.5,1.1
2022-02-07,4 wk ahead inc flu hosp,2022-03-05,13,quantile,0.5,21.2
2022-02-07,4 wk ahead inc flu hosp,2022-03-05,33,quantile,0.5,3.1
2022-02-07,4 wk ahead inc flu hosp,2022-03-05,37,quantile,0.5,25
2022-02-07,4 wk ahead inc flu hosp,2022-03-05,34,quantile,0.5,35.5
2022-02-07,4 wk ahead inc flu hosp,2022-03-05,08,quantile,0.5,11.8
2022-02-07,4 wk ahead inc flu hosp,2022-03-05,24,quantile,0.5,14.1
2022-02-07,4 wk ahead inc flu hosp,2022-03-05,32,quantile,0.5,9.5
2022-02-07,4 wk ahead inc flu hosp,2022-03-05,47,quantile,0.5,49.1
2022-02-07,4 wk ahead inc flu hosp,2022-03-05,15,quantile,0.5,0
2022-02-07,4 wk ahead inc flu hosp,2022-03-05,18,quantile,0.5,26.9
2022-02-07,4 wk ahead inc flu hosp,2022-03-05,21,quantile,0.5,23.4
2022-02-07,4 wk ahead inc flu hosp,2022-03-05,27,quantile,0.5,24
2022-02-07,4 wk ahead inc flu hosp,2022-03-05,40,quantile,0.5,31.4
2022-02-07,4 wk ahead inc flu hosp,2022-03-05,42,quantile,0.5,43.8
2022-02-07,4 wk ahead inc flu hosp,2022-03-05,45,quantile,0.5,19.7
2022-02-07,4 wk ahead inc flu hosp,2022-03-05,11,quantile,0.5,2.9
2022-02-07,4 wk ahead inc flu hosp,2022-03-05,20,quantile,0.5,12.8
2022-02-07,4 wk ahead inc flu hosp,2022-03-05,29,quantile,0.5,36.5
2022-02-07,4 wk ahead inc flu hosp,2022-03-05,50,quantile,0.5,0
2022-02-07,4 wk ahead inc flu hosp,2022-03-05,51,quantile,0.5,13.1
2022-02-07,4 wk ahead inc flu hosp,2022-03-05,09,quantile,0.5,3.6
2022-02-07,4 wk ahead inc flu hosp,2022-03-05,19,quantile,0.5,22.7
2022-02-07,4 wk ahead inc flu hosp,2022-03-05,22,quantile,0.5,17.1
2022-02-07,4 wk ahead inc flu hosp,2022-03-05,39,quantile,0.5,33.4
2022-02-07,4 wk ahead inc flu hosp,2022-03-05,26,quantile,0.5,41.7
2022-02-07,4 wk ahead inc flu hosp,2022-03-05,46,quantile,0.5,10.1
2022-02-07,4 wk ahead inc flu hosp,2022-03-05,05,quantile,0.5,7.7
2022-02-07,4 wk ahead inc flu hosp,2022-03-05,10,quantile,0.5,1
2022-02-07,4 wk ahead inc flu hosp,2022-03-05,28,quantile,0.5,9.6
2022-02-07,4 wk ahead inc flu hosp,2022-03-05,35,quantile,0.5,17.2
2022-02-07,4 wk ahead inc flu hosp,2022-03-05,38,quantile,0.5,7.9
2022-02-07,4 wk ahead inc flu hosp,2022-03-05,56,quantile,0.5,0.7
2022-02-07,4 wk ahead inc flu hosp,2022-03-05,02,quantile,0.5,0.5
2022-02-07,4 wk ahead inc flu hosp,2022-03-05,23,quantile,0.5,13.9
2022-02-07,4 wk ahead inc flu hosp,2022-03-05,01,quantile,0.5,25.6
2022-02-07,4 wk ahead inc flu hosp,2022-03-05,16,quantile,0.5,1.8
2022-02-07,4 wk ahead inc flu hosp,2022-03-05,30,quantile,0.5,7.5
2022-02-07,4 wk ahead inc flu hosp,2022-03-05,72,quantile,0.5,14.9
2022-02-07,4 wk ahead inc flu hosp,2022-03-05,78,quantile,0.5,0
2022-02-07,4 wk ahead inc flu hosp,2022-03-05,54,quantile,0.5,4.4
2022-02-07,1 wk ahead inc flu hosp,2022-02-12,53,quantile,0.55,8.5
2022-02-07,1 wk ahead inc flu hosp,2022-02-12,17,quantile,0.55,13.5
2022-02-07,1 wk ahead inc flu hosp,2022-02-12,06,quantile,0.55,25.1
2022-02-07,1 wk ahead inc flu hosp,2022-02-12,04,quantile,0.55,29.3
2022-02-07,1 wk ahead inc flu hosp,2022-02-12,25,quantile,0.55,74.4
2022-02-07,1 wk ahead inc flu hosp,2022-02-12,55,quantile,0.55,22.3
2022-02-07,1 wk ahead inc flu hosp,2022-02-12,48,quantile,0.55,203.6
2022-02-07,1 wk ahead inc flu hosp,2022-02-12,31,quantile,0.55,19.5
2022-02-07,1 wk ahead inc flu hosp,2022-02-12,49,quantile,0.55,3.5
2022-02-07,1 wk ahead inc flu hosp,2022-02-12,41,quantile,0.55,0.7
2022-02-07,1 wk ahead inc flu hosp,2022-02-12,12,quantile,0.55,68.7
2022-02-07,1 wk ahead inc flu hosp,2022-02-12,36,quantile,0.55,22.5
2022-02-07,1 wk ahead inc flu hosp,2022-02-12,44,quantile,0.55,1.2
2022-02-07,1 wk ahead inc flu hosp,2022-02-12,13,quantile,0.55,35.7
2022-02-07,1 wk ahead inc flu hosp,2022-02-12,33,quantile,0.55,7.4
2022-02-07,1 wk ahead inc flu hosp,2022-02-12,37,quantile,0.55,26.6
2022-02-07,1 wk ahead inc flu hosp,2022-02-12,34,quantile,0.55,31.8
2022-02-07,1 wk ahead inc flu hosp,2022-02-12,08,quantile,0.55,33.5
2022-02-07,1 wk ahead inc flu hosp,2022-02-12,24,quantile,0.55,12.1
2022-02-07,1 wk ahead inc flu hosp,2022-02-12,32,quantile,0.55,6.2
2022-02-07,1 wk ahead inc flu hosp,2022-02-12,47,quantile,0.55,35.7
2022-02-07,1 wk ahead inc flu hosp,2022-02-12,15,quantile,0.55,0
2022-02-07,1 wk ahead inc flu hosp,2022-02-12,18,quantile,0.55,39.1
2022-02-07,1 wk ahead inc flu hosp,2022-02-12,21,quantile,0.55,16.2
2022-02-07,1 wk ahead inc flu hosp,2022-02-12,27,quantile,0.55,41.7
2022-02-07,1 wk ahead inc flu hosp,2022-02-12,40,quantile,0.55,68.7
2022-02-07,1 wk ahead inc flu hosp,2022-02-12,42,quantile,0.55,54
2022-02-07,1 wk ahead inc flu hosp,2022-02-12,45,quantile,0.55,22
2022-02-07,1 wk ahead inc flu hosp,2022-02-12,11,quantile,0.55,0
2022-02-07,1 wk ahead inc flu hosp,2022-02-12,20,quantile,0.55,20
2022-02-07,1 wk ahead inc flu hosp,2022-02-12,29,quantile,0.55,38.6
2022-02-07,1 wk ahead inc flu hosp,2022-02-12,50,quantile,0.55,0
2022-02-07,1 wk ahead inc flu hosp,2022-02-12,51,quantile,0.55,34.1
2022-02-07,1 wk ahead inc flu hosp,2022-02-12,09,quantile,0.55,1.7
2022-02-07,1 wk ahead inc flu hosp,2022-02-12,19,quantile,0.55,42.3
2022-02-07,1 wk ahead inc flu hosp,2022-02-12,22,quantile,0.55,28.6
2022-02-07,1 wk ahead inc flu hosp,2022-02-12,39,quantile,0.55,37
2022-02-07,1 wk ahead inc flu hosp,2022-02-12,26,quantile,0.55,34.2
2022-02-07,1 wk ahead inc flu hosp,2022-02-12,46,quantile,0.55,11.1
2022-02-07,1 wk ahead inc flu hosp,2022-02-12,05,quantile,0.55,23
2022-02-07,1 wk ahead inc flu hosp,2022-02-12,10,quantile,0.55,4.2
2022-02-07,1 wk ahead inc flu hosp,2022-02-12,28,quantile,0.55,9.9
2022-02-07,1 wk ahead inc flu hosp,2022-02-12,35,quantile,0.55,11.5
2022-02-07,1 wk ahead inc flu hosp,2022-02-12,38,quantile,0.55,8.5
2022-02-07,1 wk ahead inc flu hosp,2022-02-12,56,quantile,0.55,4.6
2022-02-07,1 wk ahead inc flu hosp,2022-02-12,02,quantile,0.55,2.6
2022-02-07,1 wk ahead inc flu hosp,2022-02-12,23,quantile,0.55,6.3
2022-02-07,1 wk ahead inc flu hosp,2022-02-12,01,quantile,0.55,14
2022-02-07,1 wk ahead inc flu hosp,2022-02-12,16,quantile,0.55,1
2022-02-07,1 wk ahead inc flu hosp,2022-02-12,30,quantile,0.55,10.4
2022-02-07,1 wk ahead inc flu hosp,2022-02-12,72,quantile,0.55,14.4
2022-02-07,1 wk ahead inc flu hosp,2022-02-12,78,quantile,0.55,0
2022-02-07,1 wk ahead inc flu hosp,2022-02-12,54,quantile,0.55,7.1
2022-02-07,2 wk ahead inc flu hosp,2022-02-19,53,quantile,0.55,10.5
2022-02-07,2 wk ahead inc flu hosp,2022-02-19,17,quantile,0.55,27.2
2022-02-07,2 wk ahead inc flu hosp,2022-02-19,06,quantile,0.55,45.2
2022-02-07,2 wk ahead inc flu hosp,2022-02-19,04,quantile,0.55,48.4
2022-02-07,2 wk ahead inc flu hosp,2022-02-19,25,quantile,0.55,47.1
2022-02-07,2 wk ahead inc flu hosp,2022-02-19,55,quantile,0.55,21
2022-02-07,2 wk ahead inc flu hosp,2022-02-19,48,quantile,0.55,196.1
2022-02-07,2 wk ahead inc flu hosp,2022-02-19,31,quantile,0.55,46
2022-02-07,2 wk ahead inc flu hosp,2022-02-19,49,quantile,0.55,7
2022-02-07,2 wk ahead inc flu hosp,2022-02-19,41,quantile,0.55,0.6
2022-02-07,2 wk ahead inc flu hosp,2022-02-19,12,quantile,0.55,58.9
2022-02-07,2 wk ahead inc flu hosp,2022-02-19,36,quantile,0.55,19.5
2022-02-07,2 wk ahead inc flu hosp,2022-02-19,44,quantile,0.55,0.6
2022-02-07,2 wk ahead inc flu hosp,2022-02-19,13,quantile,0.55,21.2
2022-02-07,2 wk ahead inc flu hosp,2022-02-19,33,quantile,0.55,6.4
2022-02-07,2 wk ahead inc flu hosp,2022-02-19,37,quantile,0.55,44.3
2022-02-07,2 wk ahead inc flu hosp,2022-02-19,34,quantile,0.55,29.6
2022-02-07,2 wk ahead inc flu hosp,2022-02-19,08,quantile,0.55,21.9
2022-02-07,2 wk ahead inc flu hosp,2022-02-19,24,quantile,0.55,12.1
2022-02-07,2 wk ahead inc flu hosp,2022-02-19,32,quantile,0.55,6.2
2022-02-07,2 wk ahead inc flu hosp,2022-02-19,47,quantile,0.55,25.8
2022-02-07,2 wk ahead inc flu hosp,2022-02-19,15,quantile,0.55,0
2022-02-07,2 wk ahead inc flu hosp,2022-02-19,18,quantile,0.55,29.2
2022-02-07,2 wk ahead inc flu hosp,2022-02-19,21,quantile,0.55,12.3
2022-02-07,2 wk ahead inc flu hosp,2022-02-19,27,quantile,0.55,34.8
2022-02-07,2 wk ahead inc flu hosp,2022-02-19,40,quantile,0.55,69.8
2022-02-07,2 wk ahead inc flu hosp,2022-02-19,42,quantile,0.55,57.3
2022-02-07,2 wk ahead inc flu hosp,2022-02-19,45,quantile,0.55,25.7
2022-02-07,2 wk ahead inc flu hosp,2022-02-19,11,quantile,0.55,0.9
2022-02-07,2 wk ahead inc flu hosp,2022-02-19,20,quantile,0.55,15.9
2022-02-07,2 wk ahead inc flu hosp,2022-02-19,29,quantile,0.55,36.8
2022-02-07,2 wk ahead inc flu hosp,2022-02-19,50,quantile,0.55,0
2022-02-07,2 wk ahead inc flu hosp,2022-02-19,51,quantile,0.55,34.1
2022-02-07,2 wk ahead inc flu hosp,2022-02-19,09,quantile,0.55,1.5
2022-02-07,2 wk ahead inc flu hosp,2022-02-19,19,quantile,0.55,53.9
2022-02-07,2 wk ahead inc flu hosp,2022-02-19,22,quantile,0.55,27.9
2022-02-07,2 wk ahead inc flu hosp,2022-02-19,39,quantile,0.55,29.7
2022-02-07,2 wk ahead inc flu hosp,2022-02-19,26,quantile,0.55,35.7
2022-02-07,2 wk ahead inc flu hosp,2022-02-19,46,quantile,0.55,10.2
2022-02-07,2 wk ahead inc flu hosp,2022-02-19,05,quantile,0.55,29.5
2022-02-07,2 wk ahead inc flu hosp,2022-02-19,10,quantile,0.55,3
2022-02-07,2 wk ahead inc flu hosp,2022-02-19,28,quantile,0.55,15.2
2022-02-07,2 wk ahead inc flu hosp,2022-02-19,35,quantile,0.55,12.2
2022-02-07,2 wk ahead inc flu hosp,2022-02-19,38,quantile,0.55,9.4
2022-02-07,2 wk ahead inc flu hosp,2022-02-19,56,quantile,0.55,4.2
2022-02-07,2 wk ahead inc flu hosp,2022-02-19,02,quantile,0.55,6.3
2022-02-07,2 wk ahead inc flu hosp,2022-02-19,23,quantile,0.55,7.3
2022-02-07,2 wk ahead inc flu hosp,2022-02-19,01,quantile,0.55,6.3
2022-02-07,2 wk ahead inc flu hosp,2022-02-19,16,quantile,0.55,0.9
2022-02-07,2 wk ahead inc flu hosp,2022-02-19,30,quantile,0.55,13
2022-02-07,2 wk ahead inc flu hosp,2022-02-19,72,quantile,0.55,8.6
2022-02-07,2 wk ahead inc flu hosp,2022-02-19,78,quantile,0.55,0
2022-02-07,2 wk ahead inc flu hosp,2022-02-19,54,quantile,0.55,3.7
2022-02-07,3 wk ahead inc flu hosp,2022-02-26,53,quantile,0.55,15.2
2022-02-07,3 wk ahead inc flu hosp,2022-02-26,17,quantile,0.55,27.7
2022-02-07,3 wk ahead inc flu hosp,2022-02-26,06,quantile,0.55,39.5
2022-02-07,3 wk ahead inc flu hosp,2022-02-26,04,quantile,0.55,49.9
2022-02-07,3 wk ahead inc flu hosp,2022-02-26,25,quantile,0.55,75.6
2022-02-07,3 wk ahead inc flu hosp,2022-02-26,55,quantile,0.55,28.9
2022-02-07,3 wk ahead inc flu hosp,2022-02-26,48,quantile,0.55,155.5
2022-02-07,3 wk ahead inc flu hosp,2022-02-26,31,quantile,0.55,7.7
2022-02-07,3 wk ahead inc flu hosp,2022-02-26,49,quantile,0.55,3.2
2022-02-07,3 wk ahead inc flu hosp,2022-02-26,41,quantile,0.55,3.9
2022-02-07,3 wk ahead inc flu hosp,2022-02-26,12,quantile,0.55,62.7
2022-02-07,3 wk ahead inc flu hosp,2022-02-26,36,quantile,0.55,14
2022-02-07,3 wk ahead inc flu hosp,2022-02-26,44,quantile,0.55,0.9
2022-02-07,3 wk ahead inc flu hosp,2022-02-26,13,quantile,0.55,25.4
2022-02-07,3 wk ahead inc flu hosp,2022-02-26,33,quantile,0.55,4.9
2022-02-07,3 wk ahead inc flu hosp,2022-02-26,37,quantile,0.55,39.6
2022-02-07,3 wk ahead inc flu hosp,2022-02-26,34,quantile,0.55,35.5
2022-02-07,3 wk ahead inc flu hosp,2022-02-26,08,quantile,0.55,12.5
2022-02-07,3 wk ahead inc flu hosp,2022-02-26,24,quantile,0.55,14.1
2022-02-07,3 wk ahead inc flu hosp,2022-02-26,32,quantile,0.55,6.8
2022-02-07,3 wk ahead inc flu hosp,2022-02-26,47,quantile,0.55,15
2022-02-07,3 wk ahead inc flu hosp,2022-02-26,15,quantile,0.55,0
2022-02-07,3 wk ahead inc flu hosp,2022-02-26,18,quantile,0.55,17.4
2022-02-07,3 wk ahead inc flu hosp,2022-02-26,21,quantile,0.55,22.8
2022-02-07,3 wk ahead inc flu hosp,2022-02-26,27,quantile,0.55,29.2
2022-02-07,3 wk ahead inc flu hosp,2022-02-26,40,quantile,0.55,32.7
2022-02-07,3 wk ahead inc flu hosp,2022-02-26,42,quantile,0.55,38.5
2022-02-07,3 wk ahead inc flu hosp,2022-02-26,45,quantile,0.55,22.8
2022-02-07,3 wk ahead inc flu hosp,2022-02-26,11,quantile,0.55,2.5
2022-02-07,3 wk ahead inc flu hosp,2022-02-26,20,quantile,0.55,13.3
2022-02-07,3 wk ahead inc flu hosp,2022-02-26,29,quantile,0.55,36.8
2022-02-07,3 wk ahead inc flu hosp,2022-02-26,50,quantile,0.55,0
2022-02-07,3 wk ahead inc flu hosp,2022-02-26,51,quantile,0.55,26.5
2022-02-07,3 wk ahead inc flu hosp,2022-02-26,09,quantile,0.55,3.6
2022-02-07,3 wk ahead inc flu hosp,2022-02-26,19,quantile,0.55,32.5
2022-02-07,3 wk ahead inc flu hosp,2022-02-26,22,quantile,0.55,43.4
2022-02-07,3 wk ahead inc flu hosp,2022-02-26,39,quantile,0.55,44.3
2022-02-07,3 wk ahead inc flu hosp,2022-02-26,26,quantile,0.55,32.7
2022-02-07,3 wk ahead inc flu hosp,2022-02-26,46,quantile,0.55,10.1
2022-02-07,3 wk ahead inc flu hosp,2022-02-26,05,quantile,0.55,19.2
2022-02-07,3 wk ahead inc flu hosp,2022-02-26,10,quantile,0.55,2.1
2022-02-07,3 wk ahead inc flu hosp,2022-02-26,28,quantile,0.55,12.5
2022-02-07,3 wk ahead inc flu hosp,2022-02-26,35,quantile,0.55,17.6
2022-02-07,3 wk ahead inc flu hosp,2022-02-26,38,quantile,0.55,6.7
2022-02-07,3 wk ahead inc flu hosp,2022-02-26,56,quantile,0.55,3.7
2022-02-07,3 wk ahead inc flu hosp,2022-02-26,02,quantile,0.55,3.6
2022-02-07,3 wk ahead inc flu hosp,2022-02-26,23,quantile,0.55,7
2022-02-07,3 wk ahead inc flu hosp,2022-02-26,01,quantile,0.55,15.5
2022-02-07,3 wk ahead inc flu hosp,2022-02-26,16,quantile,0.55,1.8
2022-02-07,3 wk ahead inc flu hosp,2022-02-26,30,quantile,0.55,8.6
2022-02-07,3 wk ahead inc flu hosp,2022-02-26,72,quantile,0.55,6.3
2022-02-07,3 wk ahead inc flu hosp,2022-02-26,78,quantile,0.55,0
2022-02-07,3 wk ahead inc flu hosp,2022-02-26,54,quantile,0.55,2.9
2022-02-07,4 wk ahead inc flu hosp,2022-03-05,53,quantile,0.55,22.8
2022-02-07,4 wk ahead inc flu hosp,2022-03-05,17,quantile,0.55,12.7
2022-02-07,4 wk ahead inc flu hosp,2022-03-05,06,quantile,0.55,39.5
2022-02-07,4 wk ahead inc flu hosp,2022-03-05,04,quantile,0.55,43.7
2022-02-07,4 wk ahead inc flu hosp,2022-03-05,25,quantile,0.55,38
2022-02-07,4 wk ahead inc flu hosp,2022-03-05,55,quantile,0.55,14.8
2022-02-07,4 wk ahead inc flu hosp,2022-03-05,48,quantile,0.55,139.1
2022-02-07,4 wk ahead inc flu hosp,2022-03-05,31,quantile,0.55,19.9
2022-02-07,4 wk ahead inc flu hosp,2022-03-05,49,quantile,0.55,7.8
2022-02-07,4 wk ahead inc flu hosp,2022-03-05,41,quantile,0.55,4.2
2022-02-07,4 wk ahead inc flu hosp,2022-03-05,12,quantile,0.55,84.5
2022-02-07,4 wk ahead inc flu hosp,2022-03-05,36,quantile,0.55,30.1
2022-02-07,4 wk ahead inc flu hosp,2022-03-05,44,quantile,0.55,1.1
2022-02-07,4 wk ahead inc flu hosp,2022-03-05,13,quantile,0.55,21.2
2022-02-07,4 wk ahead inc flu hosp,2022-03-05,33,quantile,0.55,4
2022-02-07,4 wk ahead inc flu hosp,2022-03-05,37,quantile,0.55,26
2022-02-07,4 wk ahead inc flu hosp,2022-03-05,34,quantile,0.55,35.5
2022-02-07,4 wk ahead inc flu hosp,2022-03-05,08,quantile,0.55,13.2
2022-02-07,4 wk ahead inc flu hosp,2022-03-05,24,quantile,0.55,14.7
2022-02-07,4 wk ahead inc flu hosp,2022-03-05,32,quantile,0.55,10.8
2022-02-07,4 wk ahead inc flu hosp,2022-03-05,47,quantile,0.55,53.2
2022-02-07,4 wk ahead inc flu hosp,2022-03-05,15,quantile,0.55,0
2022-02-07,4 wk ahead inc flu hosp,2022-03-05,18,quantile,0.55,26.9
2022-02-07,4 wk ahead inc flu hosp,2022-03-05,21,quantile,0.55,23.6
2022-02-07,4 wk ahead inc flu hosp,2022-03-05,27,quantile,0.55,24.1
2022-02-07,4 wk ahead inc flu hosp,2022-03-05,40,quantile,0.55,34.4
2022-02-07,4 wk ahead inc flu hosp,2022-03-05,42,quantile,0.55,54.2
2022-02-07,4 wk ahead inc flu hosp,2022-03-05,45,quantile,0.55,22.5
2022-02-07,4 wk ahead inc flu hosp,2022-03-05,11,quantile,0.55,3.5
2022-02-07,4 wk ahead inc flu hosp,2022-03-05,20,quantile,0.55,13.9
2022-02-07,4 wk ahead inc flu hosp,2022-03-05,29,quantile,0.55,39.4
2022-02-07,4 wk ahead inc flu hosp,2022-03-05,50,quantile,0.55,0
2022-02-07,4 wk ahead inc flu hosp,2022-03-05,51,quantile,0.55,16.2
2022-02-07,4 wk ahead inc flu hosp,2022-03-05,09,quantile,0.55,3.6
2022-02-07,4 wk ahead inc flu hosp,2022-03-05,19,quantile,0.55,25.2
2022-02-07,4 wk ahead inc flu hosp,2022-03-05,22,quantile,0.55,19.2
2022-02-07,4 wk ahead inc flu hosp,2022-03-05,39,quantile,0.55,34.4
2022-02-07,4 wk ahead inc flu hosp,2022-03-05,26,quantile,0.55,47.2
2022-02-07,4 wk ahead inc flu hosp,2022-03-05,46,quantile,0.55,10.2
2022-02-07,4 wk ahead inc flu hosp,2022-03-05,05,quantile,0.55,9.6
2022-02-07,4 wk ahead inc flu hosp,2022-03-05,10,quantile,0.55,1
2022-02-07,4 wk ahead inc flu hosp,2022-03-05,28,quantile,0.55,10.2
2022-02-07,4 wk ahead inc flu hosp,2022-03-05,35,quantile,0.55,19.2
2022-02-07,4 wk ahead inc flu hosp,2022-03-05,38,quantile,0.55,9.5
2022-02-07,4 wk ahead inc flu hosp,2022-03-05,56,quantile,0.55,0.9
2022-02-07,4 wk ahead inc flu hosp,2022-03-05,02,quantile,0.55,1.1
2022-02-07,4 wk ahead inc flu hosp,2022-03-05,23,quantile,0.55,16
2022-02-07,4 wk ahead inc flu hosp,2022-03-05,01,quantile,0.55,25.9
2022-02-07,4 wk ahead inc flu hosp,2022-03-05,16,quantile,0.55,1.8
2022-02-07,4 wk ahead inc flu hosp,2022-03-05,30,quantile,0.55,7.7
2022-02-07,4 wk ahead inc flu hosp,2022-03-05,72,quantile,0.55,16.7
2022-02-07,4 wk ahead inc flu hosp,2022-03-05,78,quantile,0.55,0
2022-02-07,4 wk ahead inc flu hosp,2022-03-05,54,quantile,0.55,5.5
2022-02-07,1 wk ahead inc flu hosp,2022-02-12,53,quantile,0.6,9.4
2022-02-07,1 wk ahead inc flu hosp,2022-02-12,17,quantile,0.6,15.4
2022-02-07,1 wk ahead inc flu hosp,2022-02-12,06,quantile,0.6,28.7
2022-02-07,1 wk ahead inc flu hosp,2022-02-12,04,quantile,0.6,33.4
2022-02-07,1 wk ahead inc flu hosp,2022-02-12,25,quantile,0.6,85.3
2022-02-07,1 wk ahead inc flu hosp,2022-02-12,55,quantile,0.6,22.8
2022-02-07,1 wk ahead inc flu hosp,2022-02-12,48,quantile,0.6,207.5
2022-02-07,1 wk ahead inc flu hosp,2022-02-12,31,quantile,0.6,22.1
2022-02-07,1 wk ahead inc flu hosp,2022-02-12,49,quantile,0.6,3.9
2022-02-07,1 wk ahead inc flu hosp,2022-02-12,41,quantile,0.6,1.4
2022-02-07,1 wk ahead inc flu hosp,2022-02-12,12,quantile,0.6,75.3
2022-02-07,1 wk ahead inc flu hosp,2022-02-12,36,quantile,0.6,24.6
2022-02-07,1 wk ahead inc flu hosp,2022-02-12,44,quantile,0.6,1.3
2022-02-07,1 wk ahead inc flu hosp,2022-02-12,13,quantile,0.6,43.3
2022-02-07,1 wk ahead inc flu hosp,2022-02-12,33,quantile,0.6,8.3
2022-02-07,1 wk ahead inc flu hosp,2022-02-12,37,quantile,0.6,34.3
2022-02-07,1 wk ahead inc flu hosp,2022-02-12,34,quantile,0.6,35
2022-02-07,1 wk ahead inc flu hosp,2022-02-12,08,quantile,0.6,34.3
2022-02-07,1 wk ahead inc flu hosp,2022-02-12,24,quantile,0.6,12.3
2022-02-07,1 wk ahead inc flu hosp,2022-02-12,32,quantile,0.6,6.4
2022-02-07,1 wk ahead inc flu hosp,2022-02-12,47,quantile,0.6,37.9
2022-02-07,1 wk ahead inc flu hosp,2022-02-12,15,quantile,0.6,0
2022-02-07,1 wk ahead inc flu hosp,2022-02-12,18,quantile,0.6,41.4
2022-02-07,1 wk ahead inc flu hosp,2022-02-12,21,quantile,0.6,18.5
2022-02-07,1 wk ahead inc flu hosp,2022-02-12,27,quantile,0.6,43.3
2022-02-07,1 wk ahead inc flu hosp,2022-02-12,40,quantile,0.6,74.7
2022-02-07,1 wk ahead inc flu hosp,2022-02-12,42,quantile,0.6,57.5
2022-02-07,1 wk ahead inc flu hosp,2022-02-12,45,quantile,0.6,22.7
2022-02-07,1 wk ahead inc flu hosp,2022-02-12,11,quantile,0.6,0.3
2022-02-07,1 wk ahead inc flu hosp,2022-02-12,20,quantile,0.6,23.3
2022-02-07,1 wk ahead inc flu hosp,2022-02-12,29,quantile,0.6,39.5
2022-02-07,1 wk ahead inc flu hosp,2022-02-12,50,quantile,0.6,0
2022-02-07,1 wk ahead inc flu hosp,2022-02-12,51,quantile,0.6,34.1
2022-02-07,1 wk ahead inc flu hosp,2022-02-12,09,quantile,0.6,2.1
2022-02-07,1 wk ahead inc flu hosp,2022-02-12,19,quantile,0.6,48.5
2022-02-07,1 wk ahead inc flu hosp,2022-02-12,22,quantile,0.6,31.6
2022-02-07,1 wk ahead inc flu hosp,2022-02-12,39,quantile,0.6,41.7
2022-02-07,1 wk ahead inc flu hosp,2022-02-12,26,quantile,0.6,36.8
2022-02-07,1 wk ahead inc flu hosp,2022-02-12,46,quantile,0.6,11.2
2022-02-07,1 wk ahead inc flu hosp,2022-02-12,05,quantile,0.6,23.8
2022-02-07,1 wk ahead inc flu hosp,2022-02-12,10,quantile,0.6,4.5
2022-02-07,1 wk ahead inc flu hosp,2022-02-12,28,quantile,0.6,12.6
2022-02-07,1 wk ahead inc flu hosp,2022-02-12,35,quantile,0.6,12.6
2022-02-07,1 wk ahead inc flu hosp,2022-02-12,38,quantile,0.6,9.7
2022-02-07,1 wk ahead inc flu hosp,2022-02-12,56,quantile,0.6,4.6
2022-02-07,1 wk ahead inc flu hosp,2022-02-12,02,quantile,0.6,3
2022-02-07,1 wk ahead inc flu hosp,2022-02-12,23,quantile,0.6,7
2022-02-07,1 wk ahead inc flu hosp,2022-02-12,01,quantile,0.6,17.5
2022-02-07,1 wk ahead inc flu hosp,2022-02-12,16,quantile,0.6,1.1
2022-02-07,1 wk ahead inc flu hosp,2022-02-12,30,quantile,0.6,11.7
2022-02-07,1 wk ahead inc flu hosp,2022-02-12,72,quantile,0.6,14.7
2022-02-07,1 wk ahead inc flu hosp,2022-02-12,78,quantile,0.6,0
2022-02-07,1 wk ahead inc flu hosp,2022-02-12,54,quantile,0.6,7.5
2022-02-07,2 wk ahead inc flu hosp,2022-02-19,53,quantile,0.6,11
2022-02-07,2 wk ahead inc flu hosp,2022-02-19,17,quantile,0.6,27.9
2022-02-07,2 wk ahead inc flu hosp,2022-02-19,06,quantile,0.6,52.6
2022-02-07,2 wk ahead inc flu hosp,2022-02-19,04,quantile,0.6,52.4
2022-02-07,2 wk ahead inc flu hosp,2022-02-19,25,quantile,0.6,59.4
2022-02-07,2 wk ahead inc flu hosp,2022-02-19,55,quantile,0.6,22.2
2022-02-07,2 wk ahead inc flu hosp,2022-02-19,48,quantile,0.6,220.2
2022-02-07,2 wk ahead inc flu hosp,2022-02-19,31,quantile,0.6,48.4
2022-02-07,2 wk ahead inc flu hosp,2022-02-19,49,quantile,0.6,8
2022-02-07,2 wk ahead inc flu hosp,2022-02-19,41,quantile,0.6,1.4
2022-02-07,2 wk ahead inc flu hosp,2022-02-19,12,quantile,0.6,60.8
2022-02-07,2 wk ahead inc flu hosp,2022-02-19,36,quantile,0.6,22.9
2022-02-07,2 wk ahead inc flu hosp,2022-02-19,44,quantile,0.6,0.7
2022-02-07,2 wk ahead inc flu hosp,2022-02-19,13,quantile,0.6,22.3
2022-02-07,2 wk ahead inc flu hosp,2022-02-19,33,quantile,0.6,6.7
2022-02-07,2 wk ahead inc flu hosp,2022-02-19,37,quantile,0.6,47.8
2022-02-07,2 wk ahead inc flu hosp,2022-02-19,34,quantile,0.6,33.1
2022-02-07,2 wk ahead inc flu hosp,2022-02-19,08,quantile,0.6,23.3
2022-02-07,2 wk ahead inc flu hosp,2022-02-19,24,quantile,0.6,12.2
2022-02-07,2 wk ahead inc flu hosp,2022-02-19,32,quantile,0.6,6.2
2022-02-07,2 wk ahead inc flu hosp,2022-02-19,47,quantile,0.6,29.7
2022-02-07,2 wk ahead inc flu hosp,2022-02-19,15,quantile,0.6,0
2022-02-07,2 wk ahead inc flu hosp,2022-02-19,18,quantile,0.6,34.1
2022-02-07,2 wk ahead inc flu hosp,2022-02-19,21,quantile,0.6,13.2
2022-02-07,2 wk ahead inc flu hosp,2022-02-19,27,quantile,0.6,39.7
2022-02-07,2 wk ahead inc flu hosp,2022-02-19,40,quantile,0.6,75.3
2022-02-07,2 wk ahead inc flu hosp,2022-02-19,42,quantile,0.6,59.8
2022-02-07,2 wk ahead inc flu hosp,2022-02-19,45,quantile,0.6,28.9
2022-02-07,2 wk ahead inc flu hosp,2022-02-19,11,quantile,0.6,1.2
2022-02-07,2 wk ahead inc flu hosp,2022-02-19,20,quantile,0.6,17.1
2022-02-07,2 wk ahead inc flu hosp,2022-02-19,29,quantile,0.6,36.8
2022-02-07,2 wk ahead inc flu hosp,2022-02-19,50,quantile,0.6,0
2022-02-07,2 wk ahead inc flu hosp,2022-02-19,51,quantile,0.6,34.1
2022-02-07,2 wk ahead inc flu hosp,2022-02-19,09,quantile,0.6,1.9
2022-02-07,2 wk ahead inc flu hosp,2022-02-19,19,quantile,0.6,61.9
2022-02-07,2 wk ahead inc flu hosp,2022-02-19,22,quantile,0.6,29.3
2022-02-07,2 wk ahead inc flu hosp,2022-02-19,39,quantile,0.6,34.4
2022-02-07,2 wk ahead inc flu hosp,2022-02-19,26,quantile,0.6,40.2
2022-02-07,2 wk ahead inc flu hosp,2022-02-19,46,quantile,0.6,10.4
2022-02-07,2 wk ahead inc flu hosp,2022-02-19,05,quantile,0.6,32
2022-02-07,2 wk ahead inc flu hosp,2022-02-19,10,quantile,0.6,3.1
2022-02-07,2 wk ahead inc flu hosp,2022-02-19,28,quantile,0.6,17.5
2022-02-07,2 wk ahead inc flu hosp,2022-02-19,35,quantile,0.6,12.6
2022-02-07,2 wk ahead inc flu hosp,2022-02-19,38,quantile,0.6,12.8
2022-02-07,2 wk ahead inc flu hosp,2022-02-19,56,quantile,0.6,4.3
2022-02-07,2 wk ahead inc flu hosp,2022-02-19,02,quantile,0.6,6.7
2022-02-07,2 wk ahead inc flu hosp,2022-02-19,23,quantile,0.6,7.6
2022-02-07,2 wk ahead inc flu hosp,2022-02-19,01,quantile,0.6,6.4
2022-02-07,2 wk ahead inc flu hosp,2022-02-19,16,quantile,0.6,1.3
2022-02-07,2 wk ahead inc flu hosp,2022-02-19,30,quantile,0.6,15.3
2022-02-07,2 wk ahead inc flu hosp,2022-02-19,72,quantile,0.6,9.9
2022-02-07,2 wk ahead inc flu hosp,2022-02-19,78,quantile,0.6,0
2022-02-07,2 wk ahead inc flu hosp,2022-02-19,54,quantile,0.6,4.1
2022-02-07,3 wk ahead inc flu hosp,2022-02-26,53,quantile,0.6,15.6
2022-02-07,3 wk ahead inc flu hosp,2022-02-26,17,quantile,0.6,31.4
2022-02-07,3 wk ahead inc flu hosp,2022-02-26,06,quantile,0.6,39.5
2022-02-07,3 wk ahead inc flu hosp,2022-02-26,04,quantile,0.6,51
2022-02-07,3 wk ahead inc flu hosp,2022-02-26,25,quantile,0.6,89.1
2022-02-07,3 wk ahead inc flu hosp,2022-02-26,55,quantile,0.6,32
2022-02-07,3 wk ahead inc flu hosp,2022-02-26,48,quantile,0.6,179.1
2022-02-07,3 wk ahead inc flu hosp,2022-02-26,31,quantile,0.6,7.7
2022-02-07,3 wk ahead inc flu hosp,2022-02-26,49,quantile,0.6,3.3
2022-02-07,3 wk ahead inc flu hosp,2022-02-26,41,quantile,0.6,4.2
2022-02-07,3 wk ahead inc flu hosp,2022-02-26,12,quantile,0.6,67.9
2022-02-07,3 wk ahead inc flu hosp,2022-02-26,36,quantile,0.6,20.9
2022-02-07,3 wk ahead inc flu hosp,2022-02-26,44,quantile,0.6,1
2022-02-07,3 wk ahead inc flu hosp,2022-02-26,13,quantile,0.6,27.9
2022-02-07,3 wk ahead inc flu hosp,2022-02-26,33,quantile,0.6,5.7
2022-02-07,3 wk ahead inc flu hosp,2022-02-26,37,quantile,0.6,42.6
2022-02-07,3 wk ahead inc flu hosp,2022-02-26,34,quantile,0.6,38.6
2022-02-07,3 wk ahead inc flu hosp,2022-02-26,08,quantile,0.6,14.9
2022-02-07,3 wk ahead inc flu hosp,2022-02-26,24,quantile,0.6,16.7
2022-02-07,3 wk ahead inc flu hosp,2022-02-26,32,quantile,0.6,8
2022-02-07,3 wk ahead inc flu hosp,2022-02-26,47,quantile,0.6,19.1
2022-02-07,3 wk ahead inc flu hosp,2022-02-26,15,quantile,0.6,0
2022-02-07,3 wk ahead inc flu hosp,2022-02-26,18,quantile,0.6,21.5
2022-02-07,3 wk ahead inc flu hosp,2022-02-26,21,quantile,0.6,27.2
2022-02-07,3 wk ahead inc flu hosp,2022-02-26,27,quantile,0.6,30
2022-02-07,3 wk ahead inc flu hosp,2022-02-26,40,quantile,0.6,38.5
2022-02-07,3 wk ahead inc flu hosp,2022-02-26,42,quantile,0.6,42
2022-02-07,3 wk ahead inc flu hosp,2022-02-26,45,quantile,0.6,25.9
2022-02-07,3 wk ahead inc flu hosp,2022-02-26,11,quantile,0.6,2.8
2022-02-07,3 wk ahead inc flu hosp,2022-02-26,20,quantile,0.6,14.4
2022-02-07,3 wk ahead inc flu hosp,2022-02-26,29,quantile,0.6,36.8
2022-02-07,3 wk ahead inc flu hosp,2022-02-26,50,quantile,0.6,0
2022-02-07,3 wk ahead inc flu hosp,2022-02-26,51,quantile,0.6,29.6
2022-02-07,3 wk ahead inc flu hosp,2022-02-26,09,quantile,0.6,3.6
2022-02-07,3 wk ahead inc flu hosp,2022-02-26,19,quantile,0.6,34.7
2022-02-07,3 wk ahead inc flu hosp,2022-02-26,22,quantile,0.6,48.5
2022-02-07,3 wk ahead inc flu hosp,2022-02-26,39,quantile,0.6,45.6
2022-02-07,3 wk ahead inc flu hosp,2022-02-26,26,quantile,0.6,36.3
2022-02-07,3 wk ahead inc flu hosp,2022-02-26,46,quantile,0.6,10.4
2022-02-07,3 wk ahead inc flu hosp,2022-02-26,05,quantile,0.6,20.5
2022-02-07,3 wk ahead inc flu hosp,2022-02-26,10,quantile,0.6,2.4
2022-02-07,3 wk ahead inc flu hosp,2022-02-26,28,quantile,0.6,14.1
2022-02-07,3 wk ahead inc flu hosp,2022-02-26,35,quantile,0.6,19.1
2022-02-07,3 wk ahead inc flu hosp,2022-02-26,38,quantile,0.6,7.2
2022-02-07,3 wk ahead inc flu hosp,2022-02-26,56,quantile,0.6,4
2022-02-07,3 wk ahead inc flu hosp,2022-02-26,02,quantile,0.6,3.6
2022-02-07,3 wk ahead inc flu hosp,2022-02-26,23,quantile,0.6,8
2022-02-07,3 wk ahead inc flu hosp,2022-02-26,01,quantile,0.6,18.3
2022-02-07,3 wk ahead inc flu hosp,2022-02-26,16,quantile,0.6,1.8
2022-02-07,3 wk ahead inc flu hosp,2022-02-26,30,quantile,0.6,9.2
2022-02-07,3 wk ahead inc flu hosp,2022-02-26,72,quantile,0.6,7.2
2022-02-07,3 wk ahead inc flu hosp,2022-02-26,78,quantile,0.6,0
2022-02-07,3 wk ahead inc flu hosp,2022-02-26,54,quantile,0.6,3.2
2022-02-07,4 wk ahead inc flu hosp,2022-03-05,53,quantile,0.6,24.4
2022-02-07,4 wk ahead inc flu hosp,2022-03-05,17,quantile,0.6,12.9
2022-02-07,4 wk ahead inc flu hosp,2022-03-05,06,quantile,0.6,39.5
2022-02-07,4 wk ahead inc flu hosp,2022-03-05,04,quantile,0.6,43.7
2022-02-07,4 wk ahead inc flu hosp,2022-03-05,25,quantile,0.6,45.2
2022-02-07,4 wk ahead inc flu hosp,2022-03-05,55,quantile,0.6,17.5
2022-02-07,4 wk ahead inc flu hosp,2022-03-05,48,quantile,0.6,148.2
2022-02-07,4 wk ahead inc flu hosp,2022-03-05,31,quantile,0.6,21
2022-02-07,4 wk ahead inc flu hosp,2022-03-05,49,quantile,0.6,9.1
2022-02-07,4 wk ahead inc flu hosp,2022-03-05,41,quantile,0.6,4.9
2022-02-07,4 wk ahead inc flu hosp,2022-03-05,12,quantile,0.6,89.9
2022-02-07,4 wk ahead inc flu hosp,2022-03-05,36,quantile,0.6,37.9
2022-02-07,4 wk ahead inc flu hosp,2022-03-05,44,quantile,0.6,1.1
2022-02-07,4 wk ahead inc flu hosp,2022-03-05,13,quantile,0.6,21.2
2022-02-07,4 wk ahead inc flu hosp,2022-03-05,33,quantile,0.6,5.4
2022-02-07,4 wk ahead inc flu hosp,2022-03-05,37,quantile,0.6,28
2022-02-07,4 wk ahead inc flu hosp,2022-03-05,34,quantile,0.6,36.1
2022-02-07,4 wk ahead inc flu hosp,2022-03-05,08,quantile,0.6,15
2022-02-07,4 wk ahead inc flu hosp,2022-03-05,24,quantile,0.6,15.5
2022-02-07,4 wk ahead inc flu hosp,2022-03-05,32,quantile,0.6,12.2
2022-02-07,4 wk ahead inc flu hosp,2022-03-05,47,quantile,0.6,56.8
2022-02-07,4 wk ahead inc flu hosp,2022-03-05,15,quantile,0.6,0
2022-02-07,4 wk ahead inc flu hosp,2022-03-05,18,quantile,0.6,28.6
2022-02-07,4 wk ahead inc flu hosp,2022-03-05,21,quantile,0.6,23.6
2022-02-07,4 wk ahead inc flu hosp,2022-03-05,27,quantile,0.6,24.2
2022-02-07,4 wk ahead inc flu hosp,2022-03-05,40,quantile,0.6,36.5
2022-02-07,4 wk ahead inc flu hosp,2022-03-05,42,quantile,0.6,64.6
2022-02-07,4 wk ahead inc flu hosp,2022-03-05,45,quantile,0.6,24.4
2022-02-07,4 wk ahead inc flu hosp,2022-03-05,11,quantile,0.6,4.7
2022-02-07,4 wk ahead inc flu hosp,2022-03-05,20,quantile,0.6,14.4
2022-02-07,4 wk ahead inc flu hosp,2022-03-05,29,quantile,0.6,40.3
2022-02-07,4 wk ahead inc flu hosp,2022-03-05,50,quantile,0.6,0
2022-02-07,4 wk ahead inc flu hosp,2022-03-05,51,quantile,0.6,17.8
2022-02-07,4 wk ahead inc flu hosp,2022-03-05,09,quantile,0.6,4.1
2022-02-07,4 wk ahead inc flu hosp,2022-03-05,19,quantile,0.6,25.2
2022-02-07,4 wk ahead inc flu hosp,2022-03-05,22,quantile,0.6,21.8
2022-02-07,4 wk ahead inc flu hosp,2022-03-05,39,quantile,0.6,35.1
2022-02-07,4 wk ahead inc flu hosp,2022-03-05,26,quantile,0.6,56.8
2022-02-07,4 wk ahead inc flu hosp,2022-03-05,46,quantile,0.6,10.5
2022-02-07,4 wk ahead inc flu hosp,2022-03-05,05,quantile,0.6,11.7
2022-02-07,4 wk ahead inc flu hosp,2022-03-05,10,quantile,0.6,1
2022-02-07,4 wk ahead inc flu hosp,2022-03-05,28,quantile,0.6,10.5
2022-02-07,4 wk ahead inc flu hosp,2022-03-05,35,quantile,0.6,21.1
2022-02-07,4 wk ahead inc flu hosp,2022-03-05,38,quantile,0.6,11.7
2022-02-07,4 wk ahead inc flu hosp,2022-03-05,56,quantile,0.6,1.1
2022-02-07,4 wk ahead inc flu hosp,2022-03-05,02,quantile,0.6,1.6
2022-02-07,4 wk ahead inc flu hosp,2022-03-05,23,quantile,0.6,18.4
2022-02-07,4 wk ahead inc flu hosp,2022-03-05,01,quantile,0.6,25.9
2022-02-07,4 wk ahead inc flu hosp,2022-03-05,16,quantile,0.6,1.8
2022-02-07,4 wk ahead inc flu hosp,2022-03-05,30,quantile,0.6,8.5
2022-02-07,4 wk ahead inc flu hosp,2022-03-05,72,quantile,0.6,18.3
2022-02-07,4 wk ahead inc flu hosp,2022-03-05,78,quantile,0.6,0
2022-02-07,4 wk ahead inc flu hosp,2022-03-05,54,quantile,0.6,6.3
2022-02-07,1 wk ahead inc flu hosp,2022-02-12,53,quantile,0.65,9.9
2022-02-07,1 wk ahead inc flu hosp,2022-02-12,17,quantile,0.65,18
2022-02-07,1 wk ahead inc flu hosp,2022-02-12,06,quantile,0.65,34.8
2022-02-07,1 wk ahead inc flu hosp,2022-02-12,04,quantile,0.65,41.9
2022-02-07,1 wk ahead inc flu hosp,2022-02-12,25,quantile,0.65,97.9
2022-02-07,1 wk ahead inc flu hosp,2022-02-12,55,quantile,0.65,24.9
2022-02-07,1 wk ahead inc flu hosp,2022-02-12,48,quantile,0.65,219
2022-02-07,1 wk ahead inc flu hosp,2022-02-12,31,quantile,0.65,25
2022-02-07,1 wk ahead inc flu hosp,2022-02-12,49,quantile,0.65,4.7
2022-02-07,1 wk ahead inc flu hosp,2022-02-12,41,quantile,0.65,1.5
2022-02-07,1 wk ahead inc flu hosp,2022-02-12,12,quantile,0.65,88.4
2022-02-07,1 wk ahead inc flu hosp,2022-02-12,36,quantile,0.65,29.7
2022-02-07,1 wk ahead inc flu hosp,2022-02-12,44,quantile,0.65,3.1
2022-02-07,1 wk ahead inc flu hosp,2022-02-12,13,quantile,0.65,46.1
2022-02-07,1 wk ahead inc flu hosp,2022-02-12,33,quantile,0.65,9.1
2022-02-07,1 wk ahead inc flu hosp,2022-02-12,37,quantile,0.65,36.5
2022-02-07,1 wk ahead inc flu hosp,2022-02-12,34,quantile,0.65,39.1
2022-02-07,1 wk ahead inc flu hosp,2022-02-12,08,quantile,0.65,39.7
2022-02-07,1 wk ahead inc flu hosp,2022-02-12,24,quantile,0.65,13
2022-02-07,1 wk ahead inc flu hosp,2022-02-12,32,quantile,0.65,6.8
2022-02-07,1 wk ahead inc flu hosp,2022-02-12,47,quantile,0.65,41.3
2022-02-07,1 wk ahead inc flu hosp,2022-02-12,15,quantile,0.65,0
2022-02-07,1 wk ahead inc flu hosp,2022-02-12,18,quantile,0.65,44.6
2022-02-07,1 wk ahead inc flu hosp,2022-02-12,21,quantile,0.65,20.9
2022-02-07,1 wk ahead inc flu hosp,2022-02-12,27,quantile,0.65,44.7
2022-02-07,1 wk ahead inc flu hosp,2022-02-12,40,quantile,0.65,78.6
2022-02-07,1 wk ahead inc flu hosp,2022-02-12,42,quantile,0.65,61.1
2022-02-07,1 wk ahead inc flu hosp,2022-02-12,45,quantile,0.65,24.1
2022-02-07,1 wk ahead inc flu hosp,2022-02-12,11,quantile,0.65,0.7
2022-02-07,1 wk ahead inc flu hosp,2022-02-12,20,quantile,0.65,23.3
2022-02-07,1 wk ahead inc flu hosp,2022-02-12,29,quantile,0.65,40.3
2022-02-07,1 wk ahead inc flu hosp,2022-02-12,50,quantile,0.65,0
2022-02-07,1 wk ahead inc flu hosp,2022-02-12,51,quantile,0.65,34.1
2022-02-07,1 wk ahead inc flu hosp,2022-02-12,09,quantile,0.65,2.1
2022-02-07,1 wk ahead inc flu hosp,2022-02-12,19,quantile,0.65,52.5
2022-02-07,1 wk ahead inc flu hosp,2022-02-12,22,quantile,0.65,36.2
2022-02-07,1 wk ahead inc flu hosp,2022-02-12,39,quantile,0.65,43.3
2022-02-07,1 wk ahead inc flu hosp,2022-02-12,26,quantile,0.65,40.9
2022-02-07,1 wk ahead inc flu hosp,2022-02-12,46,quantile,0.65,11.5
2022-02-07,1 wk ahead inc flu hosp,2022-02-12,05,quantile,0.65,24.1
2022-02-07,1 wk ahead inc flu hosp,2022-02-12,10,quantile,0.65,6.1
2022-02-07,1 wk ahead inc flu hosp,2022-02-12,28,quantile,0.65,16.4
2022-02-07,1 wk ahead inc flu hosp,2022-02-12,35,quantile,0.65,13
2022-02-07,1 wk ahead inc flu hosp,2022-02-12,38,quantile,0.65,12.2
2022-02-07,1 wk ahead inc flu hosp,2022-02-12,56,quantile,0.65,4.7
2022-02-07,1 wk ahead inc flu hosp,2022-02-12,02,quantile,0.65,3.6
2022-02-07,1 wk ahead inc flu hosp,2022-02-12,23,quantile,0.65,7.4
2022-02-07,1 wk ahead inc flu hosp,2022-02-12,01,quantile,0.65,17.7
2022-02-07,1 wk ahead inc flu hosp,2022-02-12,16,quantile,0.65,1.2
2022-02-07,1 wk ahead inc flu hosp,2022-02-12,30,quantile,0.65,12.5
2022-02-07,1 wk ahead inc flu hosp,2022-02-12,72,quantile,0.65,15.7
2022-02-07,1 wk ahead inc flu hosp,2022-02-12,78,quantile,0.65,0
2022-02-07,1 wk ahead inc flu hosp,2022-02-12,54,quantile,0.65,7.9
2022-02-07,2 wk ahead inc flu hosp,2022-02-19,53,quantile,0.65,11.9
2022-02-07,2 wk ahead inc flu hosp,2022-02-19,17,quantile,0.65,29
2022-02-07,2 wk ahead inc flu hosp,2022-02-19,06,quantile,0.65,58.2
2022-02-07,2 wk ahead inc flu hosp,2022-02-19,04,quantile,0.65,57.6
2022-02-07,2 wk ahead inc flu hosp,2022-02-19,25,quantile,0.65,126.3
2022-02-07,2 wk ahead inc flu hosp,2022-02-19,55,quantile,0.65,25.1
2022-02-07,2 wk ahead inc flu hosp,2022-02-19,48,quantile,0.65,239.2
2022-02-07,2 wk ahead inc flu hosp,2022-02-19,31,quantile,0.65,48.4
2022-02-07,2 wk ahead inc flu hosp,2022-02-19,49,quantile,0.65,8.7
2022-02-07,2 wk ahead inc flu hosp,2022-02-19,41,quantile,0.65,1.8
2022-02-07,2 wk ahead inc flu hosp,2022-02-19,12,quantile,0.65,63.5
2022-02-07,2 wk ahead inc flu hosp,2022-02-19,36,quantile,0.65,28.6
2022-02-07,2 wk ahead inc flu hosp,2022-02-19,44,quantile,0.65,1.2
2022-02-07,2 wk ahead inc flu hosp,2022-02-19,13,quantile,0.65,22.7
2022-02-07,2 wk ahead inc flu hosp,2022-02-19,33,quantile,0.65,6.8
2022-02-07,2 wk ahead inc flu hosp,2022-02-19,37,quantile,0.65,49.9
2022-02-07,2 wk ahead inc flu hosp,2022-02-19,34,quantile,0.65,35.8
2022-02-07,2 wk ahead inc flu hosp,2022-02-19,08,quantile,0.65,25.5
2022-02-07,2 wk ahead inc flu hosp,2022-02-19,24,quantile,0.65,12.7
2022-02-07,2 wk ahead inc flu hosp,2022-02-19,32,quantile,0.65,6.9
2022-02-07,2 wk ahead inc flu hosp,2022-02-19,47,quantile,0.65,33.7
2022-02-07,2 wk ahead inc flu hosp,2022-02-19,15,quantile,0.65,0
2022-02-07,2 wk ahead inc flu hosp,2022-02-19,18,quantile,0.65,40.4
2022-02-07,2 wk ahead inc flu hosp,2022-02-19,21,quantile,0.65,15.2
2022-02-07,2 wk ahead inc flu hosp,2022-02-19,27,quantile,0.65,40.2
2022-02-07,2 wk ahead inc flu hosp,2022-02-19,40,quantile,0.65,79.1
2022-02-07,2 wk ahead inc flu hosp,2022-02-19,42,quantile,0.65,63.5
2022-02-07,2 wk ahead inc flu hosp,2022-02-19,45,quantile,0.65,29.9
2022-02-07,2 wk ahead inc flu hosp,2022-02-19,11,quantile,0.65,1.4
2022-02-07,2 wk ahead inc flu hosp,2022-02-19,20,quantile,0.65,20
2022-02-07,2 wk ahead inc flu hosp,2022-02-19,29,quantile,0.65,36.8
2022-02-07,2 wk ahead inc flu hosp,2022-02-19,50,quantile,0.65,0
2022-02-07,2 wk ahead inc flu hosp,2022-02-19,51,quantile,0.65,34.1
2022-02-07,2 wk ahead inc flu hosp,2022-02-19,09,quantile,0.65,2.5
2022-02-07,2 wk ahead inc flu hosp,2022-02-19,19,quantile,0.65,63.1
2022-02-07,2 wk ahead inc flu hosp,2022-02-19,22,quantile,0.65,31.2
2022-02-07,2 wk ahead inc flu hosp,2022-02-19,39,quantile,0.65,40.4
2022-02-07,2 wk ahead inc flu hosp,2022-02-19,26,quantile,0.65,44.2
2022-02-07,2 wk ahead inc flu hosp,2022-02-19,46,quantile,0.65,11.3
2022-02-07,2 wk ahead inc flu hosp,2022-02-19,05,quantile,0.65,36.2
2022-02-07,2 wk ahead inc flu hosp,2022-02-19,10,quantile,0.65,3.3
2022-02-07,2 wk ahead inc flu hosp,2022-02-19,28,quantile,0.65,19.4
2022-02-07,2 wk ahead inc flu hosp,2022-02-19,35,quantile,0.65,12.6
2022-02-07,2 wk ahead inc flu hosp,2022-02-19,38,quantile,0.65,14.6
2022-02-07,2 wk ahead inc flu hosp,2022-02-19,56,quantile,0.65,4.6
2022-02-07,2 wk ahead inc flu hosp,2022-02-19,02,quantile,0.65,6.8
2022-02-07,2 wk ahead inc flu hosp,2022-02-19,23,quantile,0.65,8.1
2022-02-07,2 wk ahead inc flu hosp,2022-02-19,01,quantile,0.65,7.5
2022-02-07,2 wk ahead inc flu hosp,2022-02-19,16,quantile,0.65,1.9
2022-02-07,2 wk ahead inc flu hosp,2022-02-19,30,quantile,0.65,17.4
2022-02-07,2 wk ahead inc flu hosp,2022-02-19,72,quantile,0.65,11.8
2022-02-07,2 wk ahead inc flu hosp,2022-02-19,78,quantile,0.65,0
2022-02-07,2 wk ahead inc flu hosp,2022-02-19,54,quantile,0.65,4.4
2022-02-07,3 wk ahead inc flu hosp,2022-02-26,53,quantile,0.65,17.3
2022-02-07,3 wk ahead inc flu hosp,2022-02-26,17,quantile,0.65,33.1
2022-02-07,3 wk ahead inc flu hosp,2022-02-26,06,quantile,0.65,39.5
2022-02-07,3 wk ahead inc flu hosp,2022-02-26,04,quantile,0.65,51.6
2022-02-07,3 wk ahead inc flu hosp,2022-02-26,25,quantile,0.65,101.6
2022-02-07,3 wk ahead inc flu hosp,2022-02-26,55,quantile,0.65,33.8
2022-02-07,3 wk ahead inc flu hosp,2022-02-26,48,quantile,0.65,190.5
2022-02-07,3 wk ahead inc flu hosp,2022-02-26,31,quantile,0.65,7.7
2022-02-07,3 wk ahead inc flu hosp,2022-02-26,49,quantile,0.65,4.2
2022-02-07,3 wk ahead inc flu hosp,2022-02-26,41,quantile,0.65,4.2
2022-02-07,3 wk ahead inc flu hosp,2022-02-26,12,quantile,0.65,75.5
2022-02-07,3 wk ahead inc flu hosp,2022-02-26,36,quantile,0.65,25.3
2022-02-07,3 wk ahead inc flu hosp,2022-02-26,44,quantile,0.65,1
2022-02-07,3 wk ahead inc flu hosp,2022-02-26,13,quantile,0.65,33.2
2022-02-07,3 wk ahead inc flu hosp,2022-02-26,33,quantile,0.65,7.2
2022-02-07,3 wk ahead inc flu hosp,2022-02-26,37,quantile,0.65,45.9
2022-02-07,3 wk ahead inc flu hosp,2022-02-26,34,quantile,0.65,43.2
2022-02-07,3 wk ahead inc flu hosp,2022-02-26,08,quantile,0.65,19.3
2022-02-07,3 wk ahead inc flu hosp,2022-02-26,24,quantile,0.65,18.4
2022-02-07,3 wk ahead inc flu hosp,2022-02-26,32,quantile,0.65,9.6
2022-02-07,3 wk ahead inc flu hosp,2022-02-26,47,quantile,0.65,25.2
2022-02-07,3 wk ahead inc flu hosp,2022-02-26,15,quantile,0.65,0
2022-02-07,3 wk ahead inc flu hosp,2022-02-26,18,quantile,0.65,26
2022-02-07,3 wk ahead inc flu hosp,2022-02-26,21,quantile,0.65,30.3
2022-02-07,3 wk ahead inc flu hosp,2022-02-26,27,quantile,0.65,30.6
2022-02-07,3 wk ahead inc flu hosp,2022-02-26,40,quantile,0.65,42.1
2022-02-07,3 wk ahead inc flu hosp,2022-02-26,42,quantile,0.65,46.1
2022-02-07,3 wk ahead inc flu hosp,2022-02-26,45,quantile,0.65,28.2
2022-02-07,3 wk ahead inc flu hosp,2022-02-26,11,quantile,0.65,3.4
2022-02-07,3 wk ahead inc flu hosp,2022-02-26,20,quantile,0.65,15.2
2022-02-07,3 wk ahead inc flu hosp,2022-02-26,29,quantile,0.65,37.7
2022-02-07,3 wk ahead inc flu hosp,2022-02-26,50,quantile,0.65,0
2022-02-07,3 wk ahead inc flu hosp,2022-02-26,51,quantile,0.65,33
2022-02-07,3 wk ahead inc flu hosp,2022-02-26,09,quantile,0.65,3.7
2022-02-07,3 wk ahead inc flu hosp,2022-02-26,19,quantile,0.65,34.7
2022-02-07,3 wk ahead inc flu hosp,2022-02-26,22,quantile,0.65,53.2
2022-02-07,3 wk ahead inc flu hosp,2022-02-26,39,quantile,0.65,47.6
2022-02-07,3 wk ahead inc flu hosp,2022-02-26,26,quantile,0.65,43.3
2022-02-07,3 wk ahead inc flu hosp,2022-02-26,46,quantile,0.65,10.6
2022-02-07,3 wk ahead inc flu hosp,2022-02-26,05,quantile,0.65,21.2
2022-02-07,3 wk ahead inc flu hosp,2022-02-26,10,quantile,0.65,2.4
2022-02-07,3 wk ahead inc flu hosp,2022-02-26,28,quantile,0.65,15.9
2022-02-07,3 wk ahead inc flu hosp,2022-02-26,35,quantile,0.65,19.7
2022-02-07,3 wk ahead inc flu hosp,2022-02-26,38,quantile,0.65,7.5
2022-02-07,3 wk ahead inc flu hosp,2022-02-26,56,quantile,0.65,4.5
2022-02-07,3 wk ahead inc flu hosp,2022-02-26,02,quantile,0.65,3.9
2022-02-07,3 wk ahead inc flu hosp,2022-02-26,23,quantile,0.65,9.2
2022-02-07,3 wk ahead inc flu hosp,2022-02-26,01,quantile,0.65,21.5
2022-02-07,3 wk ahead inc flu hosp,2022-02-26,16,quantile,0.65,1.8
2022-02-07,3 wk ahead inc flu hosp,2022-02-26,30,quantile,0.65,9.4
2022-02-07,3 wk ahead inc flu hosp,2022-02-26,72,quantile,0.65,8.2
2022-02-07,3 wk ahead inc flu hosp,2022-02-26,78,quantile,0.65,0
2022-02-07,3 wk ahead inc flu hosp,2022-02-26,54,quantile,0.65,3.7
2022-02-07,4 wk ahead inc flu hosp,2022-03-05,53,quantile,0.65,27.5
2022-02-07,4 wk ahead inc flu hosp,2022-03-05,17,quantile,0.65,14.3
2022-02-07,4 wk ahead inc flu hosp,2022-03-05,06,quantile,0.65,39.5
2022-02-07,4 wk ahead inc flu hosp,2022-03-05,04,quantile,0.65,44.3
2022-02-07,4 wk ahead inc flu hosp,2022-03-05,25,quantile,0.65,51.3
2022-02-07,4 wk ahead inc flu hosp,2022-03-05,55,quantile,0.65,23.8
2022-02-07,4 wk ahead inc flu hosp,2022-03-05,48,quantile,0.65,187.8
2022-02-07,4 wk ahead inc flu hosp,2022-03-05,31,quantile,0.65,21.3
2022-02-07,4 wk ahead inc flu hosp,2022-03-05,49,quantile,0.65,10.4
2022-02-07,4 wk ahead inc flu hosp,2022-03-05,41,quantile,0.65,5.2
2022-02-07,4 wk ahead inc flu hosp,2022-03-05,12,quantile,0.65,94.3
2022-02-07,4 wk ahead inc flu hosp,2022-03-05,36,quantile,0.65,40.9
2022-02-07,4 wk ahead inc flu hosp,2022-03-05,44,quantile,0.65,1.1
2022-02-07,4 wk ahead inc flu hosp,2022-03-05,13,quantile,0.65,21.2
2022-02-07,4 wk ahead inc flu hosp,2022-03-05,33,quantile,0.65,6
2022-02-07,4 wk ahead inc flu hosp,2022-03-05,37,quantile,0.65,32.3
2022-02-07,4 wk ahead inc flu hosp,2022-03-05,34,quantile,0.65,38.8
2022-02-07,4 wk ahead inc flu hosp,2022-03-05,08,quantile,0.65,17.3
2022-02-07,4 wk ahead inc flu hosp,2022-03-05,24,quantile,0.65,17
2022-02-07,4 wk ahead inc flu hosp,2022-03-05,32,quantile,0.65,13.3
2022-02-07,4 wk ahead inc flu hosp,2022-03-05,47,quantile,0.65,61.1
2022-02-07,4 wk ahead inc flu hosp,2022-03-05,15,quantile,0.65,0
2022-02-07,4 wk ahead inc flu hosp,2022-03-05,18,quantile,0.65,31.2
2022-02-07,4 wk ahead inc flu hosp,2022-03-05,21,quantile,0.65,24.3
2022-02-07,4 wk ahead inc flu hosp,2022-03-05,27,quantile,0.65,24.8
2022-02-07,4 wk ahead inc flu hosp,2022-03-05,40,quantile,0.65,39.5
2022-02-07,4 wk ahead inc flu hosp,2022-03-05,42,quantile,0.65,74.8
2022-02-07,4 wk ahead inc flu hosp,2022-03-05,45,quantile,0.65,26.5
2022-02-07,4 wk ahead inc flu hosp,2022-03-05,11,quantile,0.65,6.3
2022-02-07,4 wk ahead inc flu hosp,2022-03-05,20,quantile,0.65,14.7
2022-02-07,4 wk ahead inc flu hosp,2022-03-05,29,quantile,0.65,42.9
2022-02-07,4 wk ahead inc flu hosp,2022-03-05,50,quantile,0.65,0
2022-02-07,4 wk ahead inc flu hosp,2022-03-05,51,quantile,0.65,21
2022-02-07,4 wk ahead inc flu hosp,2022-03-05,09,quantile,0.65,5
2022-02-07,4 wk ahead inc flu hosp,2022-03-05,19,quantile,0.65,26.5
2022-02-07,4 wk ahead inc flu hosp,2022-03-05,22,quantile,0.65,25.8
2022-02-07,4 wk ahead inc flu hosp,2022-03-05,39,quantile,0.65,35.1
2022-02-07,4 wk ahead inc flu hosp,2022-03-05,26,quantile,0.65,68.2
2022-02-07,4 wk ahead inc flu hosp,2022-03-05,46,quantile,0.65,10.9
2022-02-07,4 wk ahead inc flu hosp,2022-03-05,05,quantile,0.65,14.2
2022-02-07,4 wk ahead inc flu hosp,2022-03-05,10,quantile,0.65,1.1
2022-02-07,4 wk ahead inc flu hosp,2022-03-05,28,quantile,0.65,11.6
2022-02-07,4 wk ahead inc flu hosp,2022-03-05,35,quantile,0.65,23.7
2022-02-07,4 wk ahead inc flu hosp,2022-03-05,38,quantile,0.65,12.6
2022-02-07,4 wk ahead inc flu hosp,2022-03-05,56,quantile,0.65,1.5
2022-02-07,4 wk ahead inc flu hosp,2022-03-05,02,quantile,0.65,2.5
2022-02-07,4 wk ahead inc flu hosp,2022-03-05,23,quantile,0.65,20.5
2022-02-07,4 wk ahead inc flu hosp,2022-03-05,01,quantile,0.65,26.6
2022-02-07,4 wk ahead inc flu hosp,2022-03-05,16,quantile,0.65,1.8
2022-02-07,4 wk ahead inc flu hosp,2022-03-05,30,quantile,0.65,8.9
2022-02-07,4 wk ahead inc flu hosp,2022-03-05,72,quantile,0.65,20.1
2022-02-07,4 wk ahead inc flu hosp,2022-03-05,78,quantile,0.65,0
2022-02-07,4 wk ahead inc flu hosp,2022-03-05,54,quantile,0.65,7.2
2022-02-07,1 wk ahead inc flu hosp,2022-02-12,53,quantile,0.7,11.8
2022-02-07,1 wk ahead inc flu hosp,2022-02-12,17,quantile,0.7,20.9
2022-02-07,1 wk ahead inc flu hosp,2022-02-12,06,quantile,0.7,36.7
2022-02-07,1 wk ahead inc flu hosp,2022-02-12,04,quantile,0.7,43.7
2022-02-07,1 wk ahead inc flu hosp,2022-02-12,25,quantile,0.7,127.1
2022-02-07,1 wk ahead inc flu hosp,2022-02-12,55,quantile,0.7,26.4
2022-02-07,1 wk ahead inc flu hosp,2022-02-12,48,quantile,0.7,301.3
2022-02-07,1 wk ahead inc flu hosp,2022-02-12,31,quantile,0.7,30.4
2022-02-07,1 wk ahead inc flu hosp,2022-02-12,49,quantile,0.7,5.8
2022-02-07,1 wk ahead inc flu hosp,2022-02-12,41,quantile,0.7,1.7
2022-02-07,1 wk ahead inc flu hosp,2022-02-12,12,quantile,0.7,112.5
2022-02-07,1 wk ahead inc flu hosp,2022-02-12,36,quantile,0.7,37.5
2022-02-07,1 wk ahead inc flu hosp,2022-02-12,44,quantile,0.7,4.8
2022-02-07,1 wk ahead inc flu hosp,2022-02-12,13,quantile,0.7,47.5
2022-02-07,1 wk ahead inc flu hosp,2022-02-12,33,quantile,0.7,9.9
2022-02-07,1 wk ahead inc flu hosp,2022-02-12,37,quantile,0.7,43
2022-02-07,1 wk ahead inc flu hosp,2022-02-12,34,quantile,0.7,42.1
2022-02-07,1 wk ahead inc flu hosp,2022-02-12,08,quantile,0.7,40.7
2022-02-07,1 wk ahead inc flu hosp,2022-02-12,24,quantile,0.7,13
2022-02-07,1 wk ahead inc flu hosp,2022-02-12,32,quantile,0.7,7.4
2022-02-07,1 wk ahead inc flu hosp,2022-02-12,47,quantile,0.7,42.5
2022-02-07,1 wk ahead inc flu hosp,2022-02-12,15,quantile,0.7,1.4
2022-02-07,1 wk ahead inc flu hosp,2022-02-12,18,quantile,0.7,48.7
2022-02-07,1 wk ahead inc flu hosp,2022-02-12,21,quantile,0.7,25.4
2022-02-07,1 wk ahead inc flu hosp,2022-02-12,27,quantile,0.7,49.7
2022-02-07,1 wk ahead inc flu hosp,2022-02-12,40,quantile,0.7,80.8
2022-02-07,1 wk ahead inc flu hosp,2022-02-12,42,quantile,0.7,64.6
2022-02-07,1 wk ahead inc flu hosp,2022-02-12,45,quantile,0.7,25.1
2022-02-07,1 wk ahead inc flu hosp,2022-02-12,11,quantile,0.7,1.2
2022-02-07,1 wk ahead inc flu hosp,2022-02-12,20,quantile,0.7,23.3
2022-02-07,1 wk ahead inc flu hosp,2022-02-12,29,quantile,0.7,41.2
2022-02-07,1 wk ahead inc flu hosp,2022-02-12,50,quantile,0.7,0.6
2022-02-07,1 wk ahead inc flu hosp,2022-02-12,51,quantile,0.7,34.6
2022-02-07,1 wk ahead inc flu hosp,2022-02-12,09,quantile,0.7,2.4
2022-02-07,1 wk ahead inc flu hosp,2022-02-12,19,quantile,0.7,54.8
2022-02-07,1 wk ahead inc flu hosp,2022-02-12,22,quantile,0.7,38.9
2022-02-07,1 wk ahead inc flu hosp,2022-02-12,39,quantile,0.7,45.4
2022-02-07,1 wk ahead inc flu hosp,2022-02-12,26,quantile,0.7,44.5
2022-02-07,1 wk ahead inc flu hosp,2022-02-12,46,quantile,0.7,11.6
2022-02-07,1 wk ahead inc flu hosp,2022-02-12,05,quantile,0.7,24.1
2022-02-07,1 wk ahead inc flu hosp,2022-02-12,10,quantile,0.7,6.2
2022-02-07,1 wk ahead inc flu hosp,2022-02-12,28,quantile,0.7,17.5
2022-02-07,1 wk ahead inc flu hosp,2022-02-12,35,quantile,0.7,14.1
2022-02-07,1 wk ahead inc flu hosp,2022-02-12,38,quantile,0.7,15.9
2022-02-07,1 wk ahead inc flu hosp,2022-02-12,56,quantile,0.7,5.2
2022-02-07,1 wk ahead inc flu hosp,2022-02-12,02,quantile,0.7,6.3
2022-02-07,1 wk ahead inc flu hosp,2022-02-12,23,quantile,0.7,7.9
2022-02-07,1 wk ahead inc flu hosp,2022-02-12,01,quantile,0.7,18.3
2022-02-07,1 wk ahead inc flu hosp,2022-02-12,16,quantile,0.7,1.4
2022-02-07,1 wk ahead inc flu hosp,2022-02-12,30,quantile,0.7,13.2
2022-02-07,1 wk ahead inc flu hosp,2022-02-12,72,quantile,0.7,17.4
2022-02-07,1 wk ahead inc flu hosp,2022-02-12,78,quantile,0.7,0.1
2022-02-07,1 wk ahead inc flu hosp,2022-02-12,54,quantile,0.7,8.4
2022-02-07,2 wk ahead inc flu hosp,2022-02-19,53,quantile,0.7,12
2022-02-07,2 wk ahead inc flu hosp,2022-02-19,17,quantile,0.7,31
2022-02-07,2 wk ahead inc flu hosp,2022-02-19,06,quantile,0.7,69.1
2022-02-07,2 wk ahead inc flu hosp,2022-02-19,04,quantile,0.7,58.2
2022-02-07,2 wk ahead inc flu hosp,2022-02-19,25,quantile,0.7,189.2
2022-02-07,2 wk ahead inc flu hosp,2022-02-19,55,quantile,0.7,27
2022-02-07,2 wk ahead inc flu hosp,2022-02-19,48,quantile,0.7,264.6
2022-02-07,2 wk ahead inc flu hosp,2022-02-19,31,quantile,0.7,48.4
2022-02-07,2 wk ahead inc flu hosp,2022-02-19,49,quantile,0.7,9.3
2022-02-07,2 wk ahead inc flu hosp,2022-02-19,41,quantile,0.7,2.1
2022-02-07,2 wk ahead inc flu hosp,2022-02-19,12,quantile,0.7,65.4
2022-02-07,2 wk ahead inc flu hosp,2022-02-19,36,quantile,0.7,36
2022-02-07,2 wk ahead inc flu hosp,2022-02-19,44,quantile,0.7,1.9
2022-02-07,2 wk ahead inc flu hosp,2022-02-19,13,quantile,0.7,24.2
2022-02-07,2 wk ahead inc flu hosp,2022-02-19,33,quantile,0.7,6.9
2022-02-07,2 wk ahead inc flu hosp,2022-02-19,37,quantile,0.7,53.6
2022-02-07,2 wk ahead inc flu hosp,2022-02-19,34,quantile,0.7,36.7
2022-02-07,2 wk ahead inc flu hosp,2022-02-19,08,quantile,0.7,27.9
2022-02-07,2 wk ahead inc flu hosp,2022-02-19,24,quantile,0.7,12.8
2022-02-07,2 wk ahead inc flu hosp,2022-02-19,32,quantile,0.7,8.9
2022-02-07,2 wk ahead inc flu hosp,2022-02-19,47,quantile,0.7,38.3
2022-02-07,2 wk ahead inc flu hosp,2022-02-19,15,quantile,0.7,0
2022-02-07,2 wk ahead inc flu hosp,2022-02-19,18,quantile,0.7,42.8
2022-02-07,2 wk ahead inc flu hosp,2022-02-19,21,quantile,0.7,16.5
2022-02-07,2 wk ahead inc flu hosp,2022-02-19,27,quantile,0.7,42.1
2022-02-07,2 wk ahead inc flu hosp,2022-02-19,40,quantile,0.7,79.1
2022-02-07,2 wk ahead inc flu hosp,2022-02-19,42,quantile,0.7,73.9
2022-02-07,2 wk ahead inc flu hosp,2022-02-19,45,quantile,0.7,30.6
2022-02-07,2 wk ahead inc flu hosp,2022-02-19,11,quantile,0.7,1.7
2022-02-07,2 wk ahead inc flu hosp,2022-02-19,20,quantile,0.7,21.7
2022-02-07,2 wk ahead inc flu hosp,2022-02-19,29,quantile,0.7,36.8
2022-02-07,2 wk ahead inc flu hosp,2022-02-19,50,quantile,0.7,0
2022-02-07,2 wk ahead inc flu hosp,2022-02-19,51,quantile,0.7,34.1
2022-02-07,2 wk ahead inc flu hosp,2022-02-19,09,quantile,0.7,3.8
2022-02-07,2 wk ahead inc flu hosp,2022-02-19,19,quantile,0.7,63.1
2022-02-07,2 wk ahead inc flu hosp,2022-02-19,22,quantile,0.7,33.4
2022-02-07,2 wk ahead inc flu hosp,2022-02-19,39,quantile,0.7,42.2
2022-02-07,2 wk ahead inc flu hosp,2022-02-19,26,quantile,0.7,49
2022-02-07,2 wk ahead inc flu hosp,2022-02-19,46,quantile,0.7,11.9
2022-02-07,2 wk ahead inc flu hosp,2022-02-19,05,quantile,0.7,36.2
2022-02-07,2 wk ahead inc flu hosp,2022-02-19,10,quantile,0.7,3.6
2022-02-07,2 wk ahead inc flu hosp,2022-02-19,28,quantile,0.7,20.4
2022-02-07,2 wk ahead inc flu hosp,2022-02-19,35,quantile,0.7,12.6
2022-02-07,2 wk ahead inc flu hosp,2022-02-19,38,quantile,0.7,16.1
2022-02-07,2 wk ahead inc flu hosp,2022-02-19,56,quantile,0.7,4.9
2022-02-07,2 wk ahead inc flu hosp,2022-02-19,02,quantile,0.7,7.1
2022-02-07,2 wk ahead inc flu hosp,2022-02-19,23,quantile,0.7,8.2
2022-02-07,2 wk ahead inc flu hosp,2022-02-19,01,quantile,0.7,9.6
2022-02-07,2 wk ahead inc flu hosp,2022-02-19,16,quantile,0.7,2.9
2022-02-07,2 wk ahead inc flu hosp,2022-02-19,30,quantile,0.7,18.7
2022-02-07,2 wk ahead inc flu hosp,2022-02-19,72,quantile,0.7,12.6
2022-02-07,2 wk ahead inc flu hosp,2022-02-19,78,quantile,0.7,0
2022-02-07,2 wk ahead inc flu hosp,2022-02-19,54,quantile,0.7,5
2022-02-07,3 wk ahead inc flu hosp,2022-02-26,53,quantile,0.7,20.6
2022-02-07,3 wk ahead inc flu hosp,2022-02-26,17,quantile,0.7,36.6
2022-02-07,3 wk ahead inc flu hosp,2022-02-26,06,quantile,0.7,39.9
2022-02-07,3 wk ahead inc flu hosp,2022-02-26,04,quantile,0.7,54.1
2022-02-07,3 wk ahead inc flu hosp,2022-02-26,25,quantile,0.7,128.4
2022-02-07,3 wk ahead inc flu hosp,2022-02-26,55,quantile,0.7,35.5
2022-02-07,3 wk ahead inc flu hosp,2022-02-26,48,quantile,0.7,199.6
2022-02-07,3 wk ahead inc flu hosp,2022-02-26,31,quantile,0.7,7.7
2022-02-07,3 wk ahead inc flu hosp,2022-02-26,49,quantile,0.7,5.6
2022-02-07,3 wk ahead inc flu hosp,2022-02-26,41,quantile,0.7,4.4
2022-02-07,3 wk ahead inc flu hosp,2022-02-26,12,quantile,0.7,85.9
2022-02-07,3 wk ahead inc flu hosp,2022-02-26,36,quantile,0.7,27.3
2022-02-07,3 wk ahead inc flu hosp,2022-02-26,44,quantile,0.7,1.1
2022-02-07,3 wk ahead inc flu hosp,2022-02-26,13,quantile,0.7,42.3
2022-02-07,3 wk ahead inc flu hosp,2022-02-26,33,quantile,0.7,7.9
2022-02-07,3 wk ahead inc flu hosp,2022-02-26,37,quantile,0.7,48.9
2022-02-07,3 wk ahead inc flu hosp,2022-02-26,34,quantile,0.7,46.9
2022-02-07,3 wk ahead inc flu hosp,2022-02-26,08,quantile,0.7,24
2022-02-07,3 wk ahead inc flu hosp,2022-02-26,24,quantile,0.7,20.1
2022-02-07,3 wk ahead inc flu hosp,2022-02-26,32,quantile,0.7,11.5
2022-02-07,3 wk ahead inc flu hosp,2022-02-26,47,quantile,0.7,30.8
2022-02-07,3 wk ahead inc flu hosp,2022-02-26,15,quantile,0.7,0
2022-02-07,3 wk ahead inc flu hosp,2022-02-26,18,quantile,0.7,28.6
2022-02-07,3 wk ahead inc flu hosp,2022-02-26,21,quantile,0.7,33.1
2022-02-07,3 wk ahead inc flu hosp,2022-02-26,27,quantile,0.7,30.6
2022-02-07,3 wk ahead inc flu hosp,2022-02-26,40,quantile,0.7,43.5
2022-02-07,3 wk ahead inc flu hosp,2022-02-26,42,quantile,0.7,53
2022-02-07,3 wk ahead inc flu hosp,2022-02-26,45,quantile,0.7,30.6
2022-02-07,3 wk ahead inc flu hosp,2022-02-26,11,quantile,0.7,4.1
2022-02-07,3 wk ahead inc flu hosp,2022-02-26,20,quantile,0.7,16.7
2022-02-07,3 wk ahead inc flu hosp,2022-02-26,29,quantile,0.7,39.3
2022-02-07,3 wk ahead inc flu hosp,2022-02-26,50,quantile,0.7,0
2022-02-07,3 wk ahead inc flu hosp,2022-02-26,51,quantile,0.7,34.1
2022-02-07,3 wk ahead inc flu hosp,2022-02-26,09,quantile,0.7,4.9
2022-02-07,3 wk ahead inc flu hosp,2022-02-26,19,quantile,0.7,34.7
2022-02-07,3 wk ahead inc flu hosp,2022-02-26,22,quantile,0.7,54.6
2022-02-07,3 wk ahead inc flu hosp,2022-02-26,39,quantile,0.7,49.6
2022-02-07,3 wk ahead inc flu hosp,2022-02-26,26,quantile,0.7,45.7
2022-02-07,3 wk ahead inc flu hosp,2022-02-26,46,quantile,0.7,10.6
2022-02-07,3 wk ahead inc flu hosp,2022-02-26,05,quantile,0.7,21.6
2022-02-07,3 wk ahead inc flu hosp,2022-02-26,10,quantile,0.7,2.6
2022-02-07,3 wk ahead inc flu hosp,2022-02-26,28,quantile,0.7,17.3
2022-02-07,3 wk ahead inc flu hosp,2022-02-26,35,quantile,0.7,21.8
2022-02-07,3 wk ahead inc flu hosp,2022-02-26,38,quantile,0.7,8.4
2022-02-07,3 wk ahead inc flu hosp,2022-02-26,56,quantile,0.7,4.5
2022-02-07,3 wk ahead inc flu hosp,2022-02-26,02,quantile,0.7,4
2022-02-07,3 wk ahead inc flu hosp,2022-02-26,23,quantile,0.7,10
2022-02-07,3 wk ahead inc flu hosp,2022-02-26,01,quantile,0.7,24.1
2022-02-07,3 wk ahead inc flu hosp,2022-02-26,16,quantile,0.7,1.9
2022-02-07,3 wk ahead inc flu hosp,2022-02-26,30,quantile,0.7,11
2022-02-07,3 wk ahead inc flu hosp,2022-02-26,72,quantile,0.7,9.4
2022-02-07,3 wk ahead inc flu hosp,2022-02-26,78,quantile,0.7,0
2022-02-07,3 wk ahead inc flu hosp,2022-02-26,54,quantile,0.7,4
2022-02-07,4 wk ahead inc flu hosp,2022-03-05,53,quantile,0.7,31.6
2022-02-07,4 wk ahead inc flu hosp,2022-03-05,17,quantile,0.7,14.8
2022-02-07,4 wk ahead inc flu hosp,2022-03-05,06,quantile,0.7,41.7
2022-02-07,4 wk ahead inc flu hosp,2022-03-05,04,quantile,0.7,47.4
2022-02-07,4 wk ahead inc flu hosp,2022-03-05,25,quantile,0.7,60
2022-02-07,4 wk ahead inc flu hosp,2022-03-05,55,quantile,0.7,27.9
2022-02-07,4 wk ahead inc flu hosp,2022-03-05,48,quantile,0.7,236.5
2022-02-07,4 wk ahead inc flu hosp,2022-03-05,31,quantile,0.7,21.3
2022-02-07,4 wk ahead inc flu hosp,2022-03-05,49,quantile,0.7,10.8
2022-02-07,4 wk ahead inc flu hosp,2022-03-05,41,quantile,0.7,7
2022-02-07,4 wk ahead inc flu hosp,2022-03-05,12,quantile,0.7,100.7
2022-02-07,4 wk ahead inc flu hosp,2022-03-05,36,quantile,0.7,46.4
2022-02-07,4 wk ahead inc flu hosp,2022-03-05,44,quantile,0.7,1.1
2022-02-07,4 wk ahead inc flu hosp,2022-03-05,13,quantile,0.7,21.2
2022-02-07,4 wk ahead inc flu hosp,2022-03-05,33,quantile,0.7,6.6
2022-02-07,4 wk ahead inc flu hosp,2022-03-05,37,quantile,0.7,36.4
2022-02-07,4 wk ahead inc flu hosp,2022-03-05,34,quantile,0.7,40.8
2022-02-07,4 wk ahead inc flu hosp,2022-03-05,08,quantile,0.7,21.4
2022-02-07,4 wk ahead inc flu hosp,2022-03-05,24,quantile,0.7,18.2
2022-02-07,4 wk ahead inc flu hosp,2022-03-05,32,quantile,0.7,14.2
2022-02-07,4 wk ahead inc flu hosp,2022-03-05,47,quantile,0.7,64.3
2022-02-07,4 wk ahead inc flu hosp,2022-03-05,15,quantile,0.7,0
2022-02-07,4 wk ahead inc flu hosp,2022-03-05,18,quantile,0.7,36.2
2022-02-07,4 wk ahead inc flu hosp,2022-03-05,21,quantile,0.7,24.5
2022-02-07,4 wk ahead inc flu hosp,2022-03-05,27,quantile,0.7,24.9
2022-02-07,4 wk ahead inc flu hosp,2022-03-05,40,quantile,0.7,41.2
2022-02-07,4 wk ahead inc flu hosp,2022-03-05,42,quantile,0.7,84.8
2022-02-07,4 wk ahead inc flu hosp,2022-03-05,45,quantile,0.7,28.5
2022-02-07,4 wk ahead inc flu hosp,2022-03-05,11,quantile,0.7,11.5
2022-02-07,4 wk ahead inc flu hosp,2022-03-05,20,quantile,0.7,15.6
2022-02-07,4 wk ahead inc flu hosp,2022-03-05,29,quantile,0.7,44.8
2022-02-07,4 wk ahead inc flu hosp,2022-03-05,50,quantile,0.7,0
2022-02-07,4 wk ahead inc flu hosp,2022-03-05,51,quantile,0.7,24.5
2022-02-07,4 wk ahead inc flu hosp,2022-03-05,09,quantile,0.7,7.5
2022-02-07,4 wk ahead inc flu hosp,2022-03-05,19,quantile,0.7,32
2022-02-07,4 wk ahead inc flu hosp,2022-03-05,22,quantile,0.7,31.4
2022-02-07,4 wk ahead inc flu hosp,2022-03-05,39,quantile,0.7,35.1
2022-02-07,4 wk ahead inc flu hosp,2022-03-05,26,quantile,0.7,77.6
2022-02-07,4 wk ahead inc flu hosp,2022-03-05,46,quantile,0.7,11.5
2022-02-07,4 wk ahead inc flu hosp,2022-03-05,05,quantile,0.7,16.5
2022-02-07,4 wk ahead inc flu hosp,2022-03-05,10,quantile,0.7,1.4
2022-02-07,4 wk ahead inc flu hosp,2022-03-05,28,quantile,0.7,13.2
2022-02-07,4 wk ahead inc flu hosp,2022-03-05,35,quantile,0.7,29.8
2022-02-07,4 wk ahead inc flu hosp,2022-03-05,38,quantile,0.7,14.1
2022-02-07,4 wk ahead inc flu hosp,2022-03-05,56,quantile,0.7,1.7
2022-02-07,4 wk ahead inc flu hosp,2022-03-05,02,quantile,0.7,3.5
2022-02-07,4 wk ahead inc flu hosp,2022-03-05,23,quantile,0.7,23
2022-02-07,4 wk ahead inc flu hosp,2022-03-05,01,quantile,0.7,27.6
2022-02-07,4 wk ahead inc flu hosp,2022-03-05,16,quantile,0.7,1.8
2022-02-07,4 wk ahead inc flu hosp,2022-03-05,30,quantile,0.7,10.5
2022-02-07,4 wk ahead inc flu hosp,2022-03-05,72,quantile,0.7,21.6
2022-02-07,4 wk ahead inc flu hosp,2022-03-05,78,quantile,0.7,0
2022-02-07,4 wk ahead inc flu hosp,2022-03-05,54,quantile,0.7,8.2
2022-02-07,1 wk ahead inc flu hosp,2022-02-12,53,quantile,0.75,14.4
2022-02-07,1 wk ahead inc flu hosp,2022-02-12,17,quantile,0.75,24.4
2022-02-07,1 wk ahead inc flu hosp,2022-02-12,06,quantile,0.75,39.5
2022-02-07,1 wk ahead inc flu hosp,2022-02-12,04,quantile,0.75,45.9
2022-02-07,1 wk ahead inc flu hosp,2022-02-12,25,quantile,0.75,199
2022-02-07,1 wk ahead inc flu hosp,2022-02-12,55,quantile,0.75,27.7
2022-02-07,1 wk ahead inc flu hosp,2022-02-12,48,quantile,0.75,388.5
2022-02-07,1 wk ahead inc flu hosp,2022-02-12,31,quantile,0.75,32.7
2022-02-07,1 wk ahead inc flu hosp,2022-02-12,49,quantile,0.75,6.5
2022-02-07,1 wk ahead inc flu hosp,2022-02-12,41,quantile,0.75,2
2022-02-07,1 wk ahead inc flu hosp,2022-02-12,12,quantile,0.75,115.5
2022-02-07,1 wk ahead inc flu hosp,2022-02-12,36,quantile,0.75,38.9
2022-02-07,1 wk ahead inc flu hosp,2022-02-12,44,quantile,0.75,4.9
2022-02-07,1 wk ahead inc flu hosp,2022-02-12,13,quantile,0.75,50.1
2022-02-07,1 wk ahead inc flu hosp,2022-02-12,33,quantile,0.75,10.5
2022-02-07,1 wk ahead inc flu hosp,2022-02-12,37,quantile,0.75,50.5
2022-02-07,1 wk ahead inc flu hosp,2022-02-12,34,quantile,0.75,47.3
2022-02-07,1 wk ahead inc flu hosp,2022-02-12,08,quantile,0.75,42.1
2022-02-07,1 wk ahead inc flu hosp,2022-02-12,24,quantile,0.75,14.2
2022-02-07,1 wk ahead inc flu hosp,2022-02-12,32,quantile,0.75,8.7
2022-02-07,1 wk ahead inc flu hosp,2022-02-12,47,quantile,0.75,44.9
2022-02-07,1 wk ahead inc flu hosp,2022-02-12,15,quantile,0.75,1.4
2022-02-07,1 wk ahead inc flu hosp,2022-02-12,18,quantile,0.75,51.6
2022-02-07,1 wk ahead inc flu hosp,2022-02-12,21,quantile,0.75,31
2022-02-07,1 wk ahead inc flu hosp,2022-02-12,27,quantile,0.75,54.2
2022-02-07,1 wk ahead inc flu hosp,2022-02-12,40,quantile,0.75,80.8
2022-02-07,1 wk ahead inc flu hosp,2022-02-12,42,quantile,0.75,68.8
2022-02-07,1 wk ahead inc flu hosp,2022-02-12,45,quantile,0.75,27.1
2022-02-07,1 wk ahead inc flu hosp,2022-02-12,11,quantile,0.75,1.6
2022-02-07,1 wk ahead inc flu hosp,2022-02-12,20,quantile,0.75,23.5
2022-02-07,1 wk ahead inc flu hosp,2022-02-12,29,quantile,0.75,43.1
2022-02-07,1 wk ahead inc flu hosp,2022-02-12,50,quantile,0.75,0.6
2022-02-07,1 wk ahead inc flu hosp,2022-02-12,51,quantile,0.75,36.1
2022-02-07,1 wk ahead inc flu hosp,2022-02-12,09,quantile,0.75,2.7
2022-02-07,1 wk ahead inc flu hosp,2022-02-12,19,quantile,0.75,59.6
2022-02-07,1 wk ahead inc flu hosp,2022-02-12,22,quantile,0.75,40.7
2022-02-07,1 wk ahead inc flu hosp,2022-02-12,39,quantile,0.75,49.2
2022-02-07,1 wk ahead inc flu hosp,2022-02-12,26,quantile,0.75,46.2
2022-02-07,1 wk ahead inc flu hosp,2022-02-12,46,quantile,0.75,11.6
2022-02-07,1 wk ahead inc flu hosp,2022-02-12,05,quantile,0.75,25.2
2022-02-07,1 wk ahead inc flu hosp,2022-02-12,10,quantile,0.75,6.5
2022-02-07,1 wk ahead inc flu hosp,2022-02-12,28,quantile,0.75,18.4
2022-02-07,1 wk ahead inc flu hosp,2022-02-12,35,quantile,0.75,14.8
2022-02-07,1 wk ahead inc flu hosp,2022-02-12,38,quantile,0.75,16.2
2022-02-07,1 wk ahead inc flu hosp,2022-02-12,56,quantile,0.75,6
2022-02-07,1 wk ahead inc flu hosp,2022-02-12,02,quantile,0.75,7
2022-02-07,1 wk ahead inc flu hosp,2022-02-12,23,quantile,0.75,8.5
2022-02-07,1 wk ahead inc flu hosp,2022-02-12,01,quantile,0.75,20
2022-02-07,1 wk ahead inc flu hosp,2022-02-12,16,quantile,0.75,1.6
2022-02-07,1 wk ahead inc flu hosp,2022-02-12,30,quantile,0.75,14.9
2022-02-07,1 wk ahead inc flu hosp,2022-02-12,72,quantile,0.75,19.1
2022-02-07,1 wk ahead inc flu hosp,2022-02-12,78,quantile,0.75,0.1
2022-02-07,1 wk ahead inc flu hosp,2022-02-12,54,quantile,0.75,8.4
2022-02-07,2 wk ahead inc flu hosp,2022-02-19,53,quantile,0.75,12
2022-02-07,2 wk ahead inc flu hosp,2022-02-19,17,quantile,0.75,33.9
2022-02-07,2 wk ahead inc flu hosp,2022-02-19,06,quantile,0.75,94.9
2022-02-07,2 wk ahead inc flu hosp,2022-02-19,04,quantile,0.75,58.2
2022-02-07,2 wk ahead inc flu hosp,2022-02-19,25,quantile,0.75,231.3
2022-02-07,2 wk ahead inc flu hosp,2022-02-19,55,quantile,0.75,28.8
2022-02-07,2 wk ahead inc flu hosp,2022-02-19,48,quantile,0.75,298.8
2022-02-07,2 wk ahead inc flu hosp,2022-02-19,31,quantile,0.75,48.4
2022-02-07,2 wk ahead inc flu hosp,2022-02-19,49,quantile,0.75,9.6
2022-02-07,2 wk ahead inc flu hosp,2022-02-19,41,quantile,0.75,2.7
2022-02-07,2 wk ahead inc flu hosp,2022-02-19,12,quantile,0.75,69.4
2022-02-07,2 wk ahead inc flu hosp,2022-02-19,36,quantile,0.75,38.9
2022-02-07,2 wk ahead inc flu hosp,2022-02-19,44,quantile,0.75,2.3
2022-02-07,2 wk ahead inc flu hosp,2022-02-19,13,quantile,0.75,25.8
2022-02-07,2 wk ahead inc flu hosp,2022-02-19,33,quantile,0.75,7.1
2022-02-07,2 wk ahead inc flu hosp,2022-02-19,37,quantile,0.75,56.4
2022-02-07,2 wk ahead inc flu hosp,2022-02-19,34,quantile,0.75,38.3
2022-02-07,2 wk ahead inc flu hosp,2022-02-19,08,quantile,0.75,30.5
2022-02-07,2 wk ahead inc flu hosp,2022-02-19,24,quantile,0.75,13.8
2022-02-07,2 wk ahead inc flu hosp,2022-02-19,32,quantile,0.75,10.2
2022-02-07,2 wk ahead inc flu hosp,2022-02-19,47,quantile,0.75,44.2
2022-02-07,2 wk ahead inc flu hosp,2022-02-19,15,quantile,0.75,0
2022-02-07,2 wk ahead inc flu hosp,2022-02-19,18,quantile,0.75,45.4
2022-02-07,2 wk ahead inc flu hosp,2022-02-19,21,quantile,0.75,18.1
2022-02-07,2 wk ahead inc flu hosp,2022-02-19,27,quantile,0.75,42.7
2022-02-07,2 wk ahead inc flu hosp,2022-02-19,40,quantile,0.75,79.1
2022-02-07,2 wk ahead inc flu hosp,2022-02-19,42,quantile,0.75,79.4
2022-02-07,2 wk ahead inc flu hosp,2022-02-19,45,quantile,0.75,30.9
2022-02-07,2 wk ahead inc flu hosp,2022-02-19,11,quantile,0.75,2.1
2022-02-07,2 wk ahead inc flu hosp,2022-02-19,20,quantile,0.75,22.5
2022-02-07,2 wk ahead inc flu hosp,2022-02-19,29,quantile,0.75,39.7
2022-02-07,2 wk ahead inc flu hosp,2022-02-19,50,quantile,0.75,0
2022-02-07,2 wk ahead inc flu hosp,2022-02-19,51,quantile,0.75,34.1
2022-02-07,2 wk ahead inc flu hosp,2022-02-19,09,quantile,0.75,5.5
2022-02-07,2 wk ahead inc flu hosp,2022-02-19,19,quantile,0.75,63.1
2022-02-07,2 wk ahead inc flu hosp,2022-02-19,22,quantile,0.75,34.2
2022-02-07,2 wk ahead inc flu hosp,2022-02-19,39,quantile,0.75,44.4
2022-02-07,2 wk ahead inc flu hosp,2022-02-19,26,quantile,0.75,53.3
2022-02-07,2 wk ahead inc flu hosp,2022-02-19,46,quantile,0.75,12.2
2022-02-07,2 wk ahead inc flu hosp,2022-02-19,05,quantile,0.75,36.2
2022-02-07,2 wk ahead inc flu hosp,2022-02-19,10,quantile,0.75,3.9
2022-02-07,2 wk ahead inc flu hosp,2022-02-19,28,quantile,0.75,21.4
2022-02-07,2 wk ahead inc flu hosp,2022-02-19,35,quantile,0.75,12.6
2022-02-07,2 wk ahead inc flu hosp,2022-02-19,38,quantile,0.75,17.7
2022-02-07,2 wk ahead inc flu hosp,2022-02-19,56,quantile,0.75,5.6
2022-02-07,2 wk ahead inc flu hosp,2022-02-19,02,quantile,0.75,7.3
2022-02-07,2 wk ahead inc flu hosp,2022-02-19,23,quantile,0.75,8.8
2022-02-07,2 wk ahead inc flu hosp,2022-02-19,01,quantile,0.75,11.1
2022-02-07,2 wk ahead inc flu hosp,2022-02-19,16,quantile,0.75,3.2
2022-02-07,2 wk ahead inc flu hosp,2022-02-19,30,quantile,0.75,19.3
2022-02-07,2 wk ahead inc flu hosp,2022-02-19,72,quantile,0.75,13.6
2022-02-07,2 wk ahead inc flu hosp,2022-02-19,78,quantile,0.75,0
2022-02-07,2 wk ahead inc flu hosp,2022-02-19,54,quantile,0.75,5.5
2022-02-07,3 wk ahead inc flu hosp,2022-02-26,53,quantile,0.75,23.1
2022-02-07,3 wk ahead inc flu hosp,2022-02-26,17,quantile,0.75,40.2
2022-02-07,3 wk ahead inc flu hosp,2022-02-26,06,quantile,0.75,47.6
2022-02-07,3 wk ahead inc flu hosp,2022-02-26,04,quantile,0.75,54.1
2022-02-07,3 wk ahead inc flu hosp,2022-02-26,25,quantile,0.75,172.1
2022-02-07,3 wk ahead inc flu hosp,2022-02-26,55,quantile,0.75,40.3
2022-02-07,3 wk ahead inc flu hosp,2022-02-26,48,quantile,0.75,217.5
2022-02-07,3 wk ahead inc flu hosp,2022-02-26,31,quantile,0.75,10.2
2022-02-07,3 wk ahead inc flu hosp,2022-02-26,49,quantile,0.75,6.5
2022-02-07,3 wk ahead inc flu hosp,2022-02-26,41,quantile,0.75,5.8
2022-02-07,3 wk ahead inc flu hosp,2022-02-26,12,quantile,0.75,94.1
2022-02-07,3 wk ahead inc flu hosp,2022-02-26,36,quantile,0.75,34.5
2022-02-07,3 wk ahead inc flu hosp,2022-02-26,44,quantile,0.75,1.2
2022-02-07,3 wk ahead inc flu hosp,2022-02-26,13,quantile,0.75,53.2
2022-02-07,3 wk ahead inc flu hosp,2022-02-26,33,quantile,0.75,9
2022-02-07,3 wk ahead inc flu hosp,2022-02-26,37,quantile,0.75,54.4
2022-02-07,3 wk ahead inc flu hosp,2022-02-26,34,quantile,0.75,56.7
2022-02-07,3 wk ahead inc flu hosp,2022-02-26,08,quantile,0.75,28.7
2022-02-07,3 wk ahead inc flu hosp,2022-02-26,24,quantile,0.75,24
2022-02-07,3 wk ahead inc flu hosp,2022-02-26,32,quantile,0.75,12.4
2022-02-07,3 wk ahead inc flu hosp,2022-02-26,47,quantile,0.75,34.3
2022-02-07,3 wk ahead inc flu hosp,2022-02-26,15,quantile,0.75,0
2022-02-07,3 wk ahead inc flu hosp,2022-02-26,18,quantile,0.75,35.4
2022-02-07,3 wk ahead inc flu hosp,2022-02-26,21,quantile,0.75,35
2022-02-07,3 wk ahead inc flu hosp,2022-02-26,27,quantile,0.75,31.4
2022-02-07,3 wk ahead inc flu hosp,2022-02-26,40,quantile,0.75,43.6
2022-02-07,3 wk ahead inc flu hosp,2022-02-26,42,quantile,0.75,58.4
2022-02-07,3 wk ahead inc flu hosp,2022-02-26,45,quantile,0.75,33.6
2022-02-07,3 wk ahead inc flu hosp,2022-02-26,11,quantile,0.75,4.7
2022-02-07,3 wk ahead inc flu hosp,2022-02-26,20,quantile,0.75,19.4
2022-02-07,3 wk ahead inc flu hosp,2022-02-26,29,quantile,0.75,39.5
2022-02-07,3 wk ahead inc flu hosp,2022-02-26,50,quantile,0.75,0
2022-02-07,3 wk ahead inc flu hosp,2022-02-26,51,quantile,0.75,34.1
2022-02-07,3 wk ahead inc flu hosp,2022-02-26,09,quantile,0.75,5.7
2022-02-07,3 wk ahead inc flu hosp,2022-02-26,19,quantile,0.75,34.9
2022-02-07,3 wk ahead inc flu hosp,2022-02-26,22,quantile,0.75,54.6
2022-02-07,3 wk ahead inc flu hosp,2022-02-26,39,quantile,0.75,51.4
2022-02-07,3 wk ahead inc flu hosp,2022-02-26,26,quantile,0.75,47
2022-02-07,3 wk ahead inc flu hosp,2022-02-26,46,quantile,0.75,10.9
2022-02-07,3 wk ahead inc flu hosp,2022-02-26,05,quantile,0.75,23
2022-02-07,3 wk ahead inc flu hosp,2022-02-26,10,quantile,0.75,2.6
2022-02-07,3 wk ahead inc flu hosp,2022-02-26,28,quantile,0.75,19.7
2022-02-07,3 wk ahead inc flu hosp,2022-02-26,35,quantile,0.75,24.4
2022-02-07,3 wk ahead inc flu hosp,2022-02-26,38,quantile,0.75,10.3
2022-02-07,3 wk ahead inc flu hosp,2022-02-26,56,quantile,0.75,4.8
2022-02-07,3 wk ahead inc flu hosp,2022-02-26,02,quantile,0.75,4.1
2022-02-07,3 wk ahead inc flu hosp,2022-02-26,23,quantile,0.75,11.3
2022-02-07,3 wk ahead inc flu hosp,2022-02-26,01,quantile,0.75,28.6
2022-02-07,3 wk ahead inc flu hosp,2022-02-26,16,quantile,0.75,2.7
2022-02-07,3 wk ahead inc flu hosp,2022-02-26,30,quantile,0.75,13.9
2022-02-07,3 wk ahead inc flu hosp,2022-02-26,72,quantile,0.75,11.5
2022-02-07,3 wk ahead inc flu hosp,2022-02-26,78,quantile,0.75,0
2022-02-07,3 wk ahead inc flu hosp,2022-02-26,54,quantile,0.75,4.5
2022-02-07,4 wk ahead inc flu hosp,2022-03-05,53,quantile,0.75,36
2022-02-07,4 wk ahead inc flu hosp,2022-03-05,17,quantile,0.75,18.2
2022-02-07,4 wk ahead inc flu hosp,2022-03-05,06,quantile,0.75,52.6
2022-02-07,4 wk ahead inc flu hosp,2022-03-05,04,quantile,0.75,50.5
2022-02-07,4 wk ahead inc flu hosp,2022-03-05,25,quantile,0.75,78.3
2022-02-07,4 wk ahead inc flu hosp,2022-03-05,55,quantile,0.75,29.7
2022-02-07,4 wk ahead inc flu hosp,2022-03-05,48,quantile,0.75,270
2022-02-07,4 wk ahead inc flu hosp,2022-03-05,31,quantile,0.75,21.9
2022-02-07,4 wk ahead inc flu hosp,2022-03-05,49,quantile,0.75,12.7
2022-02-07,4 wk ahead inc flu hosp,2022-03-05,41,quantile,0.75,9.5
2022-02-07,4 wk ahead inc flu hosp,2022-03-05,12,quantile,0.75,109.5
2022-02-07,4 wk ahead inc flu hosp,2022-03-05,36,quantile,0.75,52.6
2022-02-07,4 wk ahead inc flu hosp,2022-03-05,44,quantile,0.75,1.1
2022-02-07,4 wk ahead inc flu hosp,2022-03-05,13,quantile,0.75,21.2
2022-02-07,4 wk ahead inc flu hosp,2022-03-05,33,quantile,0.75,7.9
2022-02-07,4 wk ahead inc flu hosp,2022-03-05,37,quantile,0.75,41.5
2022-02-07,4 wk ahead inc flu hosp,2022-03-05,34,quantile,0.75,43.7
2022-02-07,4 wk ahead inc flu hosp,2022-03-05,08,quantile,0.75,27.5
2022-02-07,4 wk ahead inc flu hosp,2022-03-05,24,quantile,0.75,21.2
2022-02-07,4 wk ahead inc flu hosp,2022-03-05,32,quantile,0.75,16.1
2022-02-07,4 wk ahead inc flu hosp,2022-03-05,47,quantile,0.75,66.5
2022-02-07,4 wk ahead inc flu hosp,2022-03-05,15,quantile,0.75,1.4
2022-02-07,4 wk ahead inc flu hosp,2022-03-05,18,quantile,0.75,41.5
2022-02-07,4 wk ahead inc flu hosp,2022-03-05,21,quantile,0.75,26.2
2022-02-07,4 wk ahead inc flu hosp,2022-03-05,27,quantile,0.75,25.6
2022-02-07,4 wk ahead inc flu hosp,2022-03-05,40,quantile,0.75,44
2022-02-07,4 wk ahead inc flu hosp,2022-03-05,42,quantile,0.75,93.6
2022-02-07,4 wk ahead inc flu hosp,2022-03-05,45,quantile,0.75,30.7
2022-02-07,4 wk ahead inc flu hosp,2022-03-05,11,quantile,0.75,15.8
2022-02-07,4 wk ahead inc flu hosp,2022-03-05,20,quantile,0.75,17.9
2022-02-07,4 wk ahead inc flu hosp,2022-03-05,29,quantile,0.75,49.3
2022-02-07,4 wk ahead inc flu hosp,2022-03-05,50,quantile,0.75,0.6
2022-02-07,4 wk ahead inc flu hosp,2022-03-05,51,quantile,0.75,26.9
2022-02-07,4 wk ahead inc flu hosp,2022-03-05,09,quantile,0.75,11
2022-02-07,4 wk ahead inc flu hosp,2022-03-05,19,quantile,0.75,36
2022-02-07,4 wk ahead inc flu hosp,2022-03-05,22,quantile,0.75,41.7
2022-02-07,4 wk ahead inc flu hosp,2022-03-05,39,quantile,0.75,35.1
2022-02-07,4 wk ahead inc flu hosp,2022-03-05,26,quantile,0.75,85
2022-02-07,4 wk ahead inc flu hosp,2022-03-05,46,quantile,0.75,12.3
2022-02-07,4 wk ahead inc flu hosp,2022-03-05,05,quantile,0.75,21.1
2022-02-07,4 wk ahead inc flu hosp,2022-03-05,10,quantile,0.75,2
2022-02-07,4 wk ahead inc flu hosp,2022-03-05,28,quantile,0.75,14.8
2022-02-07,4 wk ahead inc flu hosp,2022-03-05,35,quantile,0.75,38.4
2022-02-07,4 wk ahead inc flu hosp,2022-03-05,38,quantile,0.75,15.1
2022-02-07,4 wk ahead inc flu hosp,2022-03-05,56,quantile,0.75,2.1
2022-02-07,4 wk ahead inc flu hosp,2022-03-05,02,quantile,0.75,3.9
2022-02-07,4 wk ahead inc flu hosp,2022-03-05,23,quantile,0.75,26.7
2022-02-07,4 wk ahead inc flu hosp,2022-03-05,01,quantile,0.75,28.7
2022-02-07,4 wk ahead inc flu hosp,2022-03-05,16,quantile,0.75,2
2022-02-07,4 wk ahead inc flu hosp,2022-03-05,30,quantile,0.75,10.9
2022-02-07,4 wk ahead inc flu hosp,2022-03-05,72,quantile,0.75,23.9
2022-02-07,4 wk ahead inc flu hosp,2022-03-05,78,quantile,0.75,0.1
2022-02-07,4 wk ahead inc flu hosp,2022-03-05,54,quantile,0.75,9.3
2022-02-07,1 wk ahead inc flu hosp,2022-02-12,53,quantile,0.8,15.4
2022-02-07,1 wk ahead inc flu hosp,2022-02-12,17,quantile,0.8,28
2022-02-07,1 wk ahead inc flu hosp,2022-02-12,06,quantile,0.8,42.9
2022-02-07,1 wk ahead inc flu hosp,2022-02-12,04,quantile,0.8,51.8
2022-02-07,1 wk ahead inc flu hosp,2022-02-12,25,quantile,0.8,230.5
2022-02-07,1 wk ahead inc flu hosp,2022-02-12,55,quantile,0.8,32.3
2022-02-07,1 wk ahead inc flu hosp,2022-02-12,48,quantile,0.8,419.9
2022-02-07,1 wk ahead inc flu hosp,2022-02-12,31,quantile,0.8,35.8
2022-02-07,1 wk ahead inc flu hosp,2022-02-12,49,quantile,0.8,7.5
2022-02-07,1 wk ahead inc flu hosp,2022-02-12,41,quantile,0.8,2.2
2022-02-07,1 wk ahead inc flu hosp,2022-02-12,12,quantile,0.8,118.6
2022-02-07,1 wk ahead inc flu hosp,2022-02-12,36,quantile,0.8,39.7
2022-02-07,1 wk ahead inc flu hosp,2022-02-12,44,quantile,0.8,5
2022-02-07,1 wk ahead inc flu hosp,2022-02-12,13,quantile,0.8,52.3
2022-02-07,1 wk ahead inc flu hosp,2022-02-12,33,quantile,0.8,10.9
2022-02-07,1 wk ahead inc flu hosp,2022-02-12,37,quantile,0.8,54.3
2022-02-07,1 wk ahead inc flu hosp,2022-02-12,34,quantile,0.8,53.7
2022-02-07,1 wk ahead inc flu hosp,2022-02-12,08,quantile,0.8,45.1
2022-02-07,1 wk ahead inc flu hosp,2022-02-12,24,quantile,0.8,15.4
2022-02-07,1 wk ahead inc flu hosp,2022-02-12,32,quantile,0.8,9.6
2022-02-07,1 wk ahead inc flu hosp,2022-02-12,47,quantile,0.8,49.5
2022-02-07,1 wk ahead inc flu hosp,2022-02-12,15,quantile,0.8,2.8
2022-02-07,1 wk ahead inc flu hosp,2022-02-12,18,quantile,0.8,52.8
2022-02-07,1 wk ahead inc flu hosp,2022-02-12,21,quantile,0.8,36.9
2022-02-07,1 wk ahead inc flu hosp,2022-02-12,27,quantile,0.8,54.8
2022-02-07,1 wk ahead inc flu hosp,2022-02-12,40,quantile,0.8,82.5
2022-02-07,1 wk ahead inc flu hosp,2022-02-12,42,quantile,0.8,72.8
2022-02-07,1 wk ahead inc flu hosp,2022-02-12,45,quantile,0.8,28.8
2022-02-07,1 wk ahead inc flu hosp,2022-02-12,11,quantile,0.8,1.9
2022-02-07,1 wk ahead inc flu hosp,2022-02-12,20,quantile,0.8,26.2
2022-02-07,1 wk ahead inc flu hosp,2022-02-12,29,quantile,0.8,43.9
2022-02-07,1 wk ahead inc flu hosp,2022-02-12,50,quantile,0.8,1.2
2022-02-07,1 wk ahead inc flu hosp,2022-02-12,51,quantile,0.8,36.6
2022-02-07,1 wk ahead inc flu hosp,2022-02-12,09,quantile,0.8,3
2022-02-07,1 wk ahead inc flu hosp,2022-02-12,19,quantile,0.8,64.9
2022-02-07,1 wk ahead inc flu hosp,2022-02-12,22,quantile,0.8,42
2022-02-07,1 wk ahead inc flu hosp,2022-02-12,39,quantile,0.8,53
2022-02-07,1 wk ahead inc flu hosp,2022-02-12,26,quantile,0.8,48.1
2022-02-07,1 wk ahead inc flu hosp,2022-02-12,46,quantile,0.8,11.8
2022-02-07,1 wk ahead inc flu hosp,2022-02-12,05,quantile,0.8,27.7
2022-02-07,1 wk ahead inc flu hosp,2022-02-12,10,quantile,0.8,6.7
2022-02-07,1 wk ahead inc flu hosp,2022-02-12,28,quantile,0.8,20.4
2022-02-07,1 wk ahead inc flu hosp,2022-02-12,35,quantile,0.8,15.3
2022-02-07,1 wk ahead inc flu hosp,2022-02-12,38,quantile,0.8,18.7
2022-02-07,1 wk ahead inc flu hosp,2022-02-12,56,quantile,0.8,6.7
2022-02-07,1 wk ahead inc flu hosp,2022-02-12,02,quantile,0.8,8
2022-02-07,1 wk ahead inc flu hosp,2022-02-12,23,quantile,0.8,9.1
2022-02-07,1 wk ahead inc flu hosp,2022-02-12,01,quantile,0.8,22.2
2022-02-07,1 wk ahead inc flu hosp,2022-02-12,16,quantile,0.8,1.7
2022-02-07,1 wk ahead inc flu hosp,2022-02-12,30,quantile,0.8,15.1
2022-02-07,1 wk ahead inc flu hosp,2022-02-12,72,quantile,0.8,21.6
2022-02-07,1 wk ahead inc flu hosp,2022-02-12,78,quantile,0.8,0.2
2022-02-07,1 wk ahead inc flu hosp,2022-02-12,54,quantile,0.8,8.8
2022-02-07,2 wk ahead inc flu hosp,2022-02-19,53,quantile,0.8,12.5
2022-02-07,2 wk ahead inc flu hosp,2022-02-19,17,quantile,0.8,40.1
2022-02-07,2 wk ahead inc flu hosp,2022-02-19,06,quantile,0.8,116.6
2022-02-07,2 wk ahead inc flu hosp,2022-02-19,04,quantile,0.8,59
2022-02-07,2 wk ahead inc flu hosp,2022-02-19,25,quantile,0.8,244.2
2022-02-07,2 wk ahead inc flu hosp,2022-02-19,55,quantile,0.8,31.9
2022-02-07,2 wk ahead inc flu hosp,2022-02-19,48,quantile,0.8,366.1
2022-02-07,2 wk ahead inc flu hosp,2022-02-19,31,quantile,0.8,48.4
2022-02-07,2 wk ahead inc flu hosp,2022-02-19,49,quantile,0.8,9.6
2022-02-07,2 wk ahead inc flu hosp,2022-02-19,41,quantile,0.8,3.1
2022-02-07,2 wk ahead inc flu hosp,2022-02-19,12,quantile,0.8,74.5
2022-02-07,2 wk ahead inc flu hosp,2022-02-19,36,quantile,0.8,38.9
2022-02-07,2 wk ahead inc flu hosp,2022-02-19,44,quantile,0.8,2.3
2022-02-07,2 wk ahead inc flu hosp,2022-02-19,13,quantile,0.8,30.9
2022-02-07,2 wk ahead inc flu hosp,2022-02-19,33,quantile,0.8,8.2
2022-02-07,2 wk ahead inc flu hosp,2022-02-19,37,quantile,0.8,59.6
2022-02-07,2 wk ahead inc flu hosp,2022-02-19,34,quantile,0.8,43.4
2022-02-07,2 wk ahead inc flu hosp,2022-02-19,08,quantile,0.8,34.2
2022-02-07,2 wk ahead inc flu hosp,2022-02-19,24,quantile,0.8,15.1
2022-02-07,2 wk ahead inc flu hosp,2022-02-19,32,quantile,0.8,12.2
2022-02-07,2 wk ahead inc flu hosp,2022-02-19,47,quantile,0.8,49.5
2022-02-07,2 wk ahead inc flu hosp,2022-02-19,15,quantile,0.8,1.4
2022-02-07,2 wk ahead inc flu hosp,2022-02-19,18,quantile,0.8,48
2022-02-07,2 wk ahead inc flu hosp,2022-02-19,21,quantile,0.8,20
2022-02-07,2 wk ahead inc flu hosp,2022-02-19,27,quantile,0.8,45.1
2022-02-07,2 wk ahead inc flu hosp,2022-02-19,40,quantile,0.8,79.1
2022-02-07,2 wk ahead inc flu hosp,2022-02-19,42,quantile,0.8,83.3
2022-02-07,2 wk ahead inc flu hosp,2022-02-19,45,quantile,0.8,30.9
2022-02-07,2 wk ahead inc flu hosp,2022-02-19,11,quantile,0.8,2.3
2022-02-07,2 wk ahead inc flu hosp,2022-02-19,20,quantile,0.8,23
2022-02-07,2 wk ahead inc flu hosp,2022-02-19,29,quantile,0.8,42.6
2022-02-07,2 wk ahead inc flu hosp,2022-02-19,50,quantile,0.8,0.6
2022-02-07,2 wk ahead inc flu hosp,2022-02-19,51,quantile,0.8,34.3
2022-02-07,2 wk ahead inc flu hosp,2022-02-19,09,quantile,0.8,7.4
2022-02-07,2 wk ahead inc flu hosp,2022-02-19,19,quantile,0.8,63.1
2022-02-07,2 wk ahead inc flu hosp,2022-02-19,22,quantile,0.8,36.5
2022-02-07,2 wk ahead inc flu hosp,2022-02-19,39,quantile,0.8,48.7
2022-02-07,2 wk ahead inc flu hosp,2022-02-19,26,quantile,0.8,59.2
2022-02-07,2 wk ahead inc flu hosp,2022-02-19,46,quantile,0.8,12.6
2022-02-07,2 wk ahead inc flu hosp,2022-02-19,05,quantile,0.8,47.3
2022-02-07,2 wk ahead inc flu hosp,2022-02-19,10,quantile,0.8,4.4
2022-02-07,2 wk ahead inc flu hosp,2022-02-19,28,quantile,0.8,23
2022-02-07,2 wk ahead inc flu hosp,2022-02-19,35,quantile,0.8,13.1
2022-02-07,2 wk ahead inc flu hosp,2022-02-19,38,quantile,0.8,17.8
2022-02-07,2 wk ahead inc flu hosp,2022-02-19,56,quantile,0.8,5.9
2022-02-07,2 wk ahead inc flu hosp,2022-02-19,02,quantile,0.8,7.5
2022-02-07,2 wk ahead inc flu hosp,2022-02-19,23,quantile,0.8,8.8
2022-02-07,2 wk ahead inc flu hosp,2022-02-19,01,quantile,0.8,13
2022-02-07,2 wk ahead inc flu hosp,2022-02-19,16,quantile,0.8,3.7
2022-02-07,2 wk ahead inc flu hosp,2022-02-19,30,quantile,0.8,20.9
2022-02-07,2 wk ahead inc flu hosp,2022-02-19,72,quantile,0.8,15.5
2022-02-07,2 wk ahead inc flu hosp,2022-02-19,78,quantile,0.8,0.1
2022-02-07,2 wk ahead inc flu hosp,2022-02-19,54,quantile,0.8,6.2
2022-02-07,3 wk ahead inc flu hosp,2022-02-26,53,quantile,0.8,24.5
2022-02-07,3 wk ahead inc flu hosp,2022-02-26,17,quantile,0.8,43.7
2022-02-07,3 wk ahead inc flu hosp,2022-02-26,06,quantile,0.8,65
2022-02-07,3 wk ahead inc flu hosp,2022-02-26,04,quantile,0.8,54.1
2022-02-07,3 wk ahead inc flu hosp,2022-02-26,25,quantile,0.8,190.6
2022-02-07,3 wk ahead inc flu hosp,2022-02-26,55,quantile,0.8,47.4
2022-02-07,3 wk ahead inc flu hosp,2022-02-26,48,quantile,0.8,299.6
2022-02-07,3 wk ahead inc flu hosp,2022-02-26,31,quantile,0.8,17.5
2022-02-07,3 wk ahead inc flu hosp,2022-02-26,49,quantile,0.8,7.7
2022-02-07,3 wk ahead inc flu hosp,2022-02-26,41,quantile,0.8,7.3
2022-02-07,3 wk ahead inc flu hosp,2022-02-26,12,quantile,0.8,98.2
2022-02-07,3 wk ahead inc flu hosp,2022-02-26,36,quantile,0.8,40.7
2022-02-07,3 wk ahead inc flu hosp,2022-02-26,44,quantile,0.8,1.7
2022-02-07,3 wk ahead inc flu hosp,2022-02-26,13,quantile,0.8,71.9
2022-02-07,3 wk ahead inc flu hosp,2022-02-26,33,quantile,0.8,9.9
2022-02-07,3 wk ahead inc flu hosp,2022-02-26,37,quantile,0.8,57.7
2022-02-07,3 wk ahead inc flu hosp,2022-02-26,34,quantile,0.8,58.8
2022-02-07,3 wk ahead inc flu hosp,2022-02-26,08,quantile,0.8,31.3
2022-02-07,3 wk ahead inc flu hosp,2022-02-26,24,quantile,0.8,25.4
2022-02-07,3 wk ahead inc flu hosp,2022-02-26,32,quantile,0.8,13.9
2022-02-07,3 wk ahead inc flu hosp,2022-02-26,47,quantile,0.8,41.1
2022-02-07,3 wk ahead inc flu hosp,2022-02-26,15,quantile,0.8,1.4
2022-02-07,3 wk ahead inc flu hosp,2022-02-26,18,quantile,0.8,39.2
2022-02-07,3 wk ahead inc flu hosp,2022-02-26,21,quantile,0.8,36.8
2022-02-07,3 wk ahead inc flu hosp,2022-02-26,27,quantile,0.8,32.2
2022-02-07,3 wk ahead inc flu hosp,2022-02-26,40,quantile,0.8,44.9
2022-02-07,3 wk ahead inc flu hosp,2022-02-26,42,quantile,0.8,60.8
2022-02-07,3 wk ahead inc flu hosp,2022-02-26,45,quantile,0.8,36.9
2022-02-07,3 wk ahead inc flu hosp,2022-02-26,11,quantile,0.8,5.5
2022-02-07,3 wk ahead inc flu hosp,2022-02-26,20,quantile,0.8,21
2022-02-07,3 wk ahead inc flu hosp,2022-02-26,29,quantile,0.8,43
2022-02-07,3 wk ahead inc flu hosp,2022-02-26,50,quantile,0.8,0.6
2022-02-07,3 wk ahead inc flu hosp,2022-02-26,51,quantile,0.8,36.2
2022-02-07,3 wk ahead inc flu hosp,2022-02-26,09,quantile,0.8,8
2022-02-07,3 wk ahead inc flu hosp,2022-02-26,19,quantile,0.8,37.1
2022-02-07,3 wk ahead inc flu hosp,2022-02-26,22,quantile,0.8,55.4
2022-02-07,3 wk ahead inc flu hosp,2022-02-26,39,quantile,0.8,56.8
2022-02-07,3 wk ahead inc flu hosp,2022-02-26,26,quantile,0.8,56
2022-02-07,3 wk ahead inc flu hosp,2022-02-26,46,quantile,0.8,12
2022-02-07,3 wk ahead inc flu hosp,2022-02-26,05,quantile,0.8,25.1
2022-02-07,3 wk ahead inc flu hosp,2022-02-26,10,quantile,0.8,3.2
2022-02-07,3 wk ahead inc flu hosp,2022-02-26,28,quantile,0.8,20.7
2022-02-07,3 wk ahead inc flu hosp,2022-02-26,35,quantile,0.8,24.6
2022-02-07,3 wk ahead inc flu hosp,2022-02-26,38,quantile,0.8,12.4
2022-02-07,3 wk ahead inc flu hosp,2022-02-26,56,quantile,0.8,5.1
2022-02-07,3 wk ahead inc flu hosp,2022-02-26,02,quantile,0.8,4.3
2022-02-07,3 wk ahead inc flu hosp,2022-02-26,23,quantile,0.8,12.4
2022-02-07,3 wk ahead inc flu hosp,2022-02-26,01,quantile,0.8,33.8
2022-02-07,3 wk ahead inc flu hosp,2022-02-26,16,quantile,0.8,4.1
2022-02-07,3 wk ahead inc flu hosp,2022-02-26,30,quantile,0.8,14.4
2022-02-07,3 wk ahead inc flu hosp,2022-02-26,72,quantile,0.8,14
2022-02-07,3 wk ahead inc flu hosp,2022-02-26,78,quantile,0.8,0.1
2022-02-07,3 wk ahead inc flu hosp,2022-02-26,54,quantile,0.8,5.1
2022-02-07,4 wk ahead inc flu hosp,2022-03-05,53,quantile,0.8,42.9
2022-02-07,4 wk ahead inc flu hosp,2022-03-05,17,quantile,0.8,25.6
2022-02-07,4 wk ahead inc flu hosp,2022-03-05,06,quantile,0.8,62.6
2022-02-07,4 wk ahead inc flu hosp,2022-03-05,04,quantile,0.8,56.1
2022-02-07,4 wk ahead inc flu hosp,2022-03-05,25,quantile,0.8,96.1
2022-02-07,4 wk ahead inc flu hosp,2022-03-05,55,quantile,0.8,34
2022-02-07,4 wk ahead inc flu hosp,2022-03-05,48,quantile,0.8,320.2
2022-02-07,4 wk ahead inc flu hosp,2022-03-05,31,quantile,0.8,23
2022-02-07,4 wk ahead inc flu hosp,2022-03-05,49,quantile,0.8,14.1
2022-02-07,4 wk ahead inc flu hosp,2022-03-05,41,quantile,0.8,13.1
2022-02-07,4 wk ahead inc flu hosp,2022-03-05,12,quantile,0.8,119.6
2022-02-07,4 wk ahead inc flu hosp,2022-03-05,36,quantile,0.8,62.2
2022-02-07,4 wk ahead inc flu hosp,2022-03-05,44,quantile,0.8,1.1
2022-02-07,4 wk ahead inc flu hosp,2022-03-05,13,quantile,0.8,21.2
2022-02-07,4 wk ahead inc flu hosp,2022-03-05,33,quantile,0.8,9.6
2022-02-07,4 wk ahead inc flu hosp,2022-03-05,37,quantile,0.8,44.9
2022-02-07,4 wk ahead inc flu hosp,2022-03-05,34,quantile,0.8,48.1
2022-02-07,4 wk ahead inc flu hosp,2022-03-05,08,quantile,0.8,34
2022-02-07,4 wk ahead inc flu hosp,2022-03-05,24,quantile,0.8,26.5
2022-02-07,4 wk ahead inc flu hosp,2022-03-05,32,quantile,0.8,18.8
2022-02-07,4 wk ahead inc flu hosp,2022-03-05,47,quantile,0.8,68.6
2022-02-07,4 wk ahead inc flu hosp,2022-03-05,15,quantile,0.8,1.4
2022-02-07,4 wk ahead inc flu hosp,2022-03-05,18,quantile,0.8,44
2022-02-07,4 wk ahead inc flu hosp,2022-03-05,21,quantile,0.8,29.5
2022-02-07,4 wk ahead inc flu hosp,2022-03-05,27,quantile,0.8,27.4
2022-02-07,4 wk ahead inc flu hosp,2022-03-05,40,quantile,0.8,50.4
2022-02-07,4 wk ahead inc flu hosp,2022-03-05,42,quantile,0.8,105.4
2022-02-07,4 wk ahead inc flu hosp,2022-03-05,45,quantile,0.8,32.7
2022-02-07,4 wk ahead inc flu hosp,2022-03-05,11,quantile,0.8,16.2
2022-02-07,4 wk ahead inc flu hosp,2022-03-05,20,quantile,0.8,20.3
2022-02-07,4 wk ahead inc flu hosp,2022-03-05,29,quantile,0.8,56.6
2022-02-07,4 wk ahead inc flu hosp,2022-03-05,50,quantile,0.8,0.6
2022-02-07,4 wk ahead inc flu hosp,2022-03-05,51,quantile,0.8,28.8
2022-02-07,4 wk ahead inc flu hosp,2022-03-05,09,quantile,0.8,14.4
2022-02-07,4 wk ahead inc flu hosp,2022-03-05,19,quantile,0.8,40.4
2022-02-07,4 wk ahead inc flu hosp,2022-03-05,22,quantile,0.8,52.7
2022-02-07,4 wk ahead inc flu hosp,2022-03-05,39,quantile,0.8,40.4
2022-02-07,4 wk ahead inc flu hosp,2022-03-05,26,quantile,0.8,93.6
2022-02-07,4 wk ahead inc flu hosp,2022-03-05,46,quantile,0.8,13.9
2022-02-07,4 wk ahead inc flu hosp,2022-03-05,05,quantile,0.8,27.9
2022-02-07,4 wk ahead inc flu hosp,2022-03-05,10,quantile,0.8,2.6
2022-02-07,4 wk ahead inc flu hosp,2022-03-05,28,quantile,0.8,16
2022-02-07,4 wk ahead inc flu hosp,2022-03-05,35,quantile,0.8,41.4
2022-02-07,4 wk ahead inc flu hosp,2022-03-05,38,quantile,0.8,15.7
2022-02-07,4 wk ahead inc flu hosp,2022-03-05,56,quantile,0.8,2.8
2022-02-07,4 wk ahead inc flu hosp,2022-03-05,02,quantile,0.8,4.4
2022-02-07,4 wk ahead inc flu hosp,2022-03-05,23,quantile,0.8,27.6
2022-02-07,4 wk ahead inc flu hosp,2022-03-05,01,quantile,0.8,29.4
2022-02-07,4 wk ahead inc flu hosp,2022-03-05,16,quantile,0.8,2.9
2022-02-07,4 wk ahead inc flu hosp,2022-03-05,30,quantile,0.8,11.9
2022-02-07,4 wk ahead inc flu hosp,2022-03-05,72,quantile,0.8,25.7
2022-02-07,4 wk ahead inc flu hosp,2022-03-05,78,quantile,0.8,0.1
2022-02-07,4 wk ahead inc flu hosp,2022-03-05,54,quantile,0.8,10.9
2022-02-07,1 wk ahead inc flu hosp,2022-02-12,53,quantile,0.85,15.8
2022-02-07,1 wk ahead inc flu hosp,2022-02-12,17,quantile,0.85,67.5
2022-02-07,1 wk ahead inc flu hosp,2022-02-12,06,quantile,0.85,48.3
2022-02-07,1 wk ahead inc flu hosp,2022-02-12,04,quantile,0.85,57.6
2022-02-07,1 wk ahead inc flu hosp,2022-02-12,25,quantile,0.85,283.9
2022-02-07,1 wk ahead inc flu hosp,2022-02-12,55,quantile,0.85,36.3
2022-02-07,1 wk ahead inc flu hosp,2022-02-12,48,quantile,0.85,536.6
2022-02-07,1 wk ahead inc flu hosp,2022-02-12,31,quantile,0.85,39.4
2022-02-07,1 wk ahead inc flu hosp,2022-02-12,49,quantile,0.85,8
2022-02-07,1 wk ahead inc flu hosp,2022-02-12,41,quantile,0.85,3.2
2022-02-07,1 wk ahead inc flu hosp,2022-02-12,12,quantile,0.85,125.1
2022-02-07,1 wk ahead inc flu hosp,2022-02-12,36,quantile,0.85,42.3
2022-02-07,1 wk ahead inc flu hosp,2022-02-12,44,quantile,0.85,6.7
2022-02-07,1 wk ahead inc flu hosp,2022-02-12,13,quantile,0.85,58.9
2022-02-07,1 wk ahead inc flu hosp,2022-02-12,33,quantile,0.85,10.9
2022-02-07,1 wk ahead inc flu hosp,2022-02-12,37,quantile,0.85,57.5
2022-02-07,1 wk ahead inc flu hosp,2022-02-12,34,quantile,0.85,62.8
2022-02-07,1 wk ahead inc flu hosp,2022-02-12,08,quantile,0.85,50.8
2022-02-07,1 wk ahead inc flu hosp,2022-02-12,24,quantile,0.85,18.1
2022-02-07,1 wk ahead inc flu hosp,2022-02-12,32,quantile,0.85,10.5
2022-02-07,1 wk ahead inc flu hosp,2022-02-12,47,quantile,0.85,53.9
2022-02-07,1 wk ahead inc flu hosp,2022-02-12,15,quantile,0.85,8.5
2022-02-07,1 wk ahead inc flu hosp,2022-02-12,18,quantile,0.85,58.4
2022-02-07,1 wk ahead inc flu hosp,2022-02-12,21,quantile,0.85,39.3
2022-02-07,1 wk ahead inc flu hosp,2022-02-12,27,quantile,0.85,61
2022-02-07,1 wk ahead inc flu hosp,2022-02-12,40,quantile,0.85,87.6
2022-02-07,1 wk ahead inc flu hosp,2022-02-12,42,quantile,0.85,76.4
2022-02-07,1 wk ahead inc flu hosp,2022-02-12,45,quantile,0.85,31.9
2022-02-07,1 wk ahead inc flu hosp,2022-02-12,11,quantile,0.85,2.4
2022-02-07,1 wk ahead inc flu hosp,2022-02-12,20,quantile,0.85,28.1
2022-02-07,1 wk ahead inc flu hosp,2022-02-12,29,quantile,0.85,49.2
2022-02-07,1 wk ahead inc flu hosp,2022-02-12,50,quantile,0.85,3.7
2022-02-07,1 wk ahead inc flu hosp,2022-02-12,51,quantile,0.85,36.6
2022-02-07,1 wk ahead inc flu hosp,2022-02-12,09,quantile,0.85,3.3
2022-02-07,1 wk ahead inc flu hosp,2022-02-12,19,quantile,0.85,75.5
2022-02-07,1 wk ahead inc flu hosp,2022-02-12,22,quantile,0.85,42.9
2022-02-07,1 wk ahead inc flu hosp,2022-02-12,39,quantile,0.85,55.8
2022-02-07,1 wk ahead inc flu hosp,2022-02-12,26,quantile,0.85,49.9
2022-02-07,1 wk ahead inc flu hosp,2022-02-12,46,quantile,0.85,12.9
2022-02-07,1 wk ahead inc flu hosp,2022-02-12,05,quantile,0.85,32
2022-02-07,1 wk ahead inc flu hosp,2022-02-12,10,quantile,0.85,8.3
2022-02-07,1 wk ahead inc flu hosp,2022-02-12,28,quantile,0.85,22.6
2022-02-07,1 wk ahead inc flu hosp,2022-02-12,35,quantile,0.85,16.3
2022-02-07,1 wk ahead inc flu hosp,2022-02-12,38,quantile,0.85,20.2
2022-02-07,1 wk ahead inc flu hosp,2022-02-12,56,quantile,0.85,8.3
2022-02-07,1 wk ahead inc flu hosp,2022-02-12,02,quantile,0.85,12.1
2022-02-07,1 wk ahead inc flu hosp,2022-02-12,23,quantile,0.85,9.7
2022-02-07,1 wk ahead inc flu hosp,2022-02-12,01,quantile,0.85,23.9
2022-02-07,1 wk ahead inc flu hosp,2022-02-12,16,quantile,0.85,1.8
2022-02-07,1 wk ahead inc flu hosp,2022-02-12,30,quantile,0.85,15.7
2022-02-07,1 wk ahead inc flu hosp,2022-02-12,72,quantile,0.85,22.8
2022-02-07,1 wk ahead inc flu hosp,2022-02-12,78,quantile,0.85,0.6
2022-02-07,1 wk ahead inc flu hosp,2022-02-12,54,quantile,0.85,9.2
2022-02-07,2 wk ahead inc flu hosp,2022-02-19,53,quantile,0.85,15.3
2022-02-07,2 wk ahead inc flu hosp,2022-02-19,17,quantile,0.85,46.4
2022-02-07,2 wk ahead inc flu hosp,2022-02-19,06,quantile,0.85,141.8
2022-02-07,2 wk ahead inc flu hosp,2022-02-19,04,quantile,0.85,77
2022-02-07,2 wk ahead inc flu hosp,2022-02-19,25,quantile,0.85,247.2
2022-02-07,2 wk ahead inc flu hosp,2022-02-19,55,quantile,0.85,35.1
2022-02-07,2 wk ahead inc flu hosp,2022-02-19,48,quantile,0.85,408.9
2022-02-07,2 wk ahead inc flu hosp,2022-02-19,31,quantile,0.85,48.4
2022-02-07,2 wk ahead inc flu hosp,2022-02-19,49,quantile,0.85,10.2
2022-02-07,2 wk ahead inc flu hosp,2022-02-19,41,quantile,0.85,3.9
2022-02-07,2 wk ahead inc flu hosp,2022-02-19,12,quantile,0.85,78.9
2022-02-07,2 wk ahead inc flu hosp,2022-02-19,36,quantile,0.85,38.9
2022-02-07,2 wk ahead inc flu hosp,2022-02-19,44,quantile,0.85,2.4
2022-02-07,2 wk ahead inc flu hosp,2022-02-19,13,quantile,0.85,36.1
2022-02-07,2 wk ahead inc flu hosp,2022-02-19,33,quantile,0.85,9.2
2022-02-07,2 wk ahead inc flu hosp,2022-02-19,37,quantile,0.85,72.5
2022-02-07,2 wk ahead inc flu hosp,2022-02-19,34,quantile,0.85,47.1
2022-02-07,2 wk ahead inc flu hosp,2022-02-19,08,quantile,0.85,40.5
2022-02-07,2 wk ahead inc flu hosp,2022-02-19,24,quantile,0.85,17.5
2022-02-07,2 wk ahead inc flu hosp,2022-02-19,32,quantile,0.85,14
2022-02-07,2 wk ahead inc flu hosp,2022-02-19,47,quantile,0.85,59.1
2022-02-07,2 wk ahead inc flu hosp,2022-02-19,15,quantile,0.85,1.4
2022-02-07,2 wk ahead inc flu hosp,2022-02-19,18,quantile,0.85,54.3
2022-02-07,2 wk ahead inc flu hosp,2022-02-19,21,quantile,0.85,24.1
2022-02-07,2 wk ahead inc flu hosp,2022-02-19,27,quantile,0.85,45.1
2022-02-07,2 wk ahead inc flu hosp,2022-02-19,40,quantile,0.85,79.1
2022-02-07,2 wk ahead inc flu hosp,2022-02-19,42,quantile,0.85,94.7
2022-02-07,2 wk ahead inc flu hosp,2022-02-19,45,quantile,0.85,30.9
2022-02-07,2 wk ahead inc flu hosp,2022-02-19,11,quantile,0.85,3
2022-02-07,2 wk ahead inc flu hosp,2022-02-19,20,quantile,0.85,24.9
2022-02-07,2 wk ahead inc flu hosp,2022-02-19,29,quantile,0.85,45.6
2022-02-07,2 wk ahead inc flu hosp,2022-02-19,50,quantile,0.85,0.6
2022-02-07,2 wk ahead inc flu hosp,2022-02-19,51,quantile,0.85,37.1
2022-02-07,2 wk ahead inc flu hosp,2022-02-19,09,quantile,0.85,10.7
2022-02-07,2 wk ahead inc flu hosp,2022-02-19,19,quantile,0.85,63.1
2022-02-07,2 wk ahead inc flu hosp,2022-02-19,22,quantile,0.85,42.5
2022-02-07,2 wk ahead inc flu hosp,2022-02-19,39,quantile,0.85,51
2022-02-07,2 wk ahead inc flu hosp,2022-02-19,26,quantile,0.85,69.5
2022-02-07,2 wk ahead inc flu hosp,2022-02-19,46,quantile,0.85,14.6
2022-02-07,2 wk ahead inc flu hosp,2022-02-19,05,quantile,0.85,60.4
2022-02-07,2 wk ahead inc flu hosp,2022-02-19,10,quantile,0.85,5.3
2022-02-07,2 wk ahead inc flu hosp,2022-02-19,28,quantile,0.85,24.7
2022-02-07,2 wk ahead inc flu hosp,2022-02-19,35,quantile,0.85,15.2
2022-02-07,2 wk ahead inc flu hosp,2022-02-19,38,quantile,0.85,19
2022-02-07,2 wk ahead inc flu hosp,2022-02-19,56,quantile,0.85,6
2022-02-07,2 wk ahead inc flu hosp,2022-02-19,02,quantile,0.85,7.7
2022-02-07,2 wk ahead inc flu hosp,2022-02-19,23,quantile,0.85,9.6
2022-02-07,2 wk ahead inc flu hosp,2022-02-19,01,quantile,0.85,15.7
2022-02-07,2 wk ahead inc flu hosp,2022-02-19,16,quantile,0.85,4.6
2022-02-07,2 wk ahead inc flu hosp,2022-02-19,30,quantile,0.85,22.8
2022-02-07,2 wk ahead inc flu hosp,2022-02-19,72,quantile,0.85,18.3
2022-02-07,2 wk ahead inc flu hosp,2022-02-19,78,quantile,0.85,0.1
2022-02-07,2 wk ahead inc flu hosp,2022-02-19,54,quantile,0.85,7.4
2022-02-07,3 wk ahead inc flu hosp,2022-02-26,53,quantile,0.85,27.4
2022-02-07,3 wk ahead inc flu hosp,2022-02-26,17,quantile,0.85,52
2022-02-07,3 wk ahead inc flu hosp,2022-02-26,06,quantile,0.85,96.4
2022-02-07,3 wk ahead inc flu hosp,2022-02-26,04,quantile,0.85,57.5
2022-02-07,3 wk ahead inc flu hosp,2022-02-26,25,quantile,0.85,194.6
2022-02-07,3 wk ahead inc flu hosp,2022-02-26,55,quantile,0.85,54.3
2022-02-07,3 wk ahead inc flu hosp,2022-02-26,48,quantile,0.85,391.1
2022-02-07,3 wk ahead inc flu hosp,2022-02-26,31,quantile,0.85,21.3
2022-02-07,3 wk ahead inc flu hosp,2022-02-26,49,quantile,0.85,9.5
2022-02-07,3 wk ahead inc flu hosp,2022-02-26,41,quantile,0.85,12.3
2022-02-07,3 wk ahead inc flu hosp,2022-02-26,12,quantile,0.85,104.6
2022-02-07,3 wk ahead inc flu hosp,2022-02-26,36,quantile,0.85,49.4
2022-02-07,3 wk ahead inc flu hosp,2022-02-26,44,quantile,0.85,2.7
2022-02-07,3 wk ahead inc flu hosp,2022-02-26,13,quantile,0.85,91.2
2022-02-07,3 wk ahead inc flu hosp,2022-02-26,33,quantile,0.85,10.8
2022-02-07,3 wk ahead inc flu hosp,2022-02-26,37,quantile,0.85,63.1
2022-02-07,3 wk ahead inc flu hosp,2022-02-26,34,quantile,0.85,63.2
2022-02-07,3 wk ahead inc flu hosp,2022-02-26,08,quantile,0.85,37.4
2022-02-07,3 wk ahead inc flu hosp,2022-02-26,24,quantile,0.85,30.4
2022-02-07,3 wk ahead inc flu hosp,2022-02-26,32,quantile,0.85,15.4
2022-02-07,3 wk ahead inc flu hosp,2022-02-26,47,quantile,0.85,46.8
2022-02-07,3 wk ahead inc flu hosp,2022-02-26,15,quantile,0.85,1.4
2022-02-07,3 wk ahead inc flu hosp,2022-02-26,18,quantile,0.85,40.9
2022-02-07,3 wk ahead inc flu hosp,2022-02-26,21,quantile,0.85,37
2022-02-07,3 wk ahead inc flu hosp,2022-02-26,27,quantile,0.85,32.4
2022-02-07,3 wk ahead inc flu hosp,2022-02-26,40,quantile,0.85,48.9
2022-02-07,3 wk ahead inc flu hosp,2022-02-26,42,quantile,0.85,70.6
2022-02-07,3 wk ahead inc flu hosp,2022-02-26,45,quantile,0.85,43.3
2022-02-07,3 wk ahead inc flu hosp,2022-02-26,11,quantile,0.85,6.6
2022-02-07,3 wk ahead inc flu hosp,2022-02-26,20,quantile,0.85,22.6
2022-02-07,3 wk ahead inc flu hosp,2022-02-26,29,quantile,0.85,46.5
2022-02-07,3 wk ahead inc flu hosp,2022-02-26,50,quantile,0.85,0.6
2022-02-07,3 wk ahead inc flu hosp,2022-02-26,51,quantile,0.85,37.8
2022-02-07,3 wk ahead inc flu hosp,2022-02-26,09,quantile,0.85,12.1
2022-02-07,3 wk ahead inc flu hosp,2022-02-26,19,quantile,0.85,44.7
2022-02-07,3 wk ahead inc flu hosp,2022-02-26,22,quantile,0.85,56.6
2022-02-07,3 wk ahead inc flu hosp,2022-02-26,39,quantile,0.85,59.5
2022-02-07,3 wk ahead inc flu hosp,2022-02-26,26,quantile,0.85,68.1
2022-02-07,3 wk ahead inc flu hosp,2022-02-26,46,quantile,0.85,14.6
2022-02-07,3 wk ahead inc flu hosp,2022-02-26,05,quantile,0.85,28.4
2022-02-07,3 wk ahead inc flu hosp,2022-02-26,10,quantile,0.85,4
2022-02-07,3 wk ahead inc flu hosp,2022-02-26,28,quantile,0.85,22.1
2022-02-07,3 wk ahead inc flu hosp,2022-02-26,35,quantile,0.85,24.9
2022-02-07,3 wk ahead inc flu hosp,2022-02-26,38,quantile,0.85,14.3
2022-02-07,3 wk ahead inc flu hosp,2022-02-26,56,quantile,0.85,5.2
2022-02-07,3 wk ahead inc flu hosp,2022-02-26,02,quantile,0.85,4.4
2022-02-07,3 wk ahead inc flu hosp,2022-02-26,23,quantile,0.85,14.3
2022-02-07,3 wk ahead inc flu hosp,2022-02-26,01,quantile,0.85,38.3
2022-02-07,3 wk ahead inc flu hosp,2022-02-26,16,quantile,0.85,6.2
2022-02-07,3 wk ahead inc flu hosp,2022-02-26,30,quantile,0.85,18.3
2022-02-07,3 wk ahead inc flu hosp,2022-02-26,72,quantile,0.85,16.4
2022-02-07,3 wk ahead inc flu hosp,2022-02-26,78,quantile,0.85,0.1
2022-02-07,3 wk ahead inc flu hosp,2022-02-26,54,quantile,0.85,6.3
2022-02-07,4 wk ahead inc flu hosp,2022-03-05,53,quantile,0.85,62.1
2022-02-07,4 wk ahead inc flu hosp,2022-03-05,17,quantile,0.85,31.3
2022-02-07,4 wk ahead inc flu hosp,2022-03-05,06,quantile,0.85,83.1
2022-02-07,4 wk ahead inc flu hosp,2022-03-05,04,quantile,0.85,58.2
2022-02-07,4 wk ahead inc flu hosp,2022-03-05,25,quantile,0.85,110.5
2022-02-07,4 wk ahead inc flu hosp,2022-03-05,55,quantile,0.85,39.9
2022-02-07,4 wk ahead inc flu hosp,2022-03-05,48,quantile,0.85,371.1
2022-02-07,4 wk ahead inc flu hosp,2022-03-05,31,quantile,0.85,27.4
2022-02-07,4 wk ahead inc flu hosp,2022-03-05,49,quantile,0.85,15.8
2022-02-07,4 wk ahead inc flu hosp,2022-03-05,41,quantile,0.85,16.2
2022-02-07,4 wk ahead inc flu hosp,2022-03-05,12,quantile,0.85,131.5
2022-02-07,4 wk ahead inc flu hosp,2022-03-05,36,quantile,0.85,69
2022-02-07,4 wk ahead inc flu hosp,2022-03-05,44,quantile,0.85,2.2
2022-02-07,4 wk ahead inc flu hosp,2022-03-05,13,quantile,0.85,21.7
2022-02-07,4 wk ahead inc flu hosp,2022-03-05,33,quantile,0.85,10.7
2022-02-07,4 wk ahead inc flu hosp,2022-03-05,37,quantile,0.85,51.8
2022-02-07,4 wk ahead inc flu hosp,2022-03-05,34,quantile,0.85,57
2022-02-07,4 wk ahead inc flu hosp,2022-03-05,08,quantile,0.85,38.4
2022-02-07,4 wk ahead inc flu hosp,2022-03-05,24,quantile,0.85,28.4
2022-02-07,4 wk ahead inc flu hosp,2022-03-05,32,quantile,0.85,22.4
2022-02-07,4 wk ahead inc flu hosp,2022-03-05,47,quantile,0.85,71.3
2022-02-07,4 wk ahead inc flu hosp,2022-03-05,15,quantile,0.85,1.4
2022-02-07,4 wk ahead inc flu hosp,2022-03-05,18,quantile,0.85,46.6
2022-02-07,4 wk ahead inc flu hosp,2022-03-05,21,quantile,0.85,32.7
2022-02-07,4 wk ahead inc flu hosp,2022-03-05,27,quantile,0.85,30.8
2022-02-07,4 wk ahead inc flu hosp,2022-03-05,40,quantile,0.85,61.1
2022-02-07,4 wk ahead inc flu hosp,2022-03-05,42,quantile,0.85,112.6
2022-02-07,4 wk ahead inc flu hosp,2022-03-05,45,quantile,0.85,38.8
2022-02-07,4 wk ahead inc flu hosp,2022-03-05,11,quantile,0.85,16.2
2022-02-07,4 wk ahead inc flu hosp,2022-03-05,20,quantile,0.85,21.9
2022-02-07,4 wk ahead inc flu hosp,2022-03-05,29,quantile,0.85,68.2
2022-02-07,4 wk ahead inc flu hosp,2022-03-05,50,quantile,0.85,0.6
2022-02-07,4 wk ahead inc flu hosp,2022-03-05,51,quantile,0.85,32.4
2022-02-07,4 wk ahead inc flu hosp,2022-03-05,09,quantile,0.85,15.9
2022-02-07,4 wk ahead inc flu hosp,2022-03-05,19,quantile,0.85,54.7
2022-02-07,4 wk ahead inc flu hosp,2022-03-05,22,quantile,0.85,66.7
2022-02-07,4 wk ahead inc flu hosp,2022-03-05,39,quantile,0.85,47.5
2022-02-07,4 wk ahead inc flu hosp,2022-03-05,26,quantile,0.85,94.3
2022-02-07,4 wk ahead inc flu hosp,2022-03-05,46,quantile,0.85,16.6
2022-02-07,4 wk ahead inc flu hosp,2022-03-05,05,quantile,0.85,32.2
2022-02-07,4 wk ahead inc flu hosp,2022-03-05,10,quantile,0.85,3.3
2022-02-07,4 wk ahead inc flu hosp,2022-03-05,28,quantile,0.85,19.9
2022-02-07,4 wk ahead inc flu hosp,2022-03-05,35,quantile,0.85,43.4
2022-02-07,4 wk ahead inc flu hosp,2022-03-05,38,quantile,0.85,17
2022-02-07,4 wk ahead inc flu hosp,2022-03-05,56,quantile,0.85,3.4
2022-02-07,4 wk ahead inc flu hosp,2022-03-05,02,quantile,0.85,4.4
2022-02-07,4 wk ahead inc flu hosp,2022-03-05,23,quantile,0.85,29.5
2022-02-07,4 wk ahead inc flu hosp,2022-03-05,01,quantile,0.85,33
2022-02-07,4 wk ahead inc flu hosp,2022-03-05,16,quantile,0.85,4.4
2022-02-07,4 wk ahead inc flu hosp,2022-03-05,30,quantile,0.85,13.6
2022-02-07,4 wk ahead inc flu hosp,2022-03-05,72,quantile,0.85,29
2022-02-07,4 wk ahead inc flu hosp,2022-03-05,78,quantile,0.85,0.1
2022-02-07,4 wk ahead inc flu hosp,2022-03-05,54,quantile,0.85,12.6
2022-02-07,1 wk ahead inc flu hosp,2022-02-12,53,quantile,0.9,16.8
2022-02-07,1 wk ahead inc flu hosp,2022-02-12,17,quantile,0.9,71.7
2022-02-07,1 wk ahead inc flu hosp,2022-02-12,06,quantile,0.9,68.3
2022-02-07,1 wk ahead inc flu hosp,2022-02-12,04,quantile,0.9,69.3
2022-02-07,1 wk ahead inc flu hosp,2022-02-12,25,quantile,0.9,314.1
2022-02-07,1 wk ahead inc flu hosp,2022-02-12,55,quantile,0.9,46.8
2022-02-07,1 wk ahead inc flu hosp,2022-02-12,48,quantile,0.9,584.8
2022-02-07,1 wk ahead inc flu hosp,2022-02-12,31,quantile,0.9,42.5
2022-02-07,1 wk ahead inc flu hosp,2022-02-12,49,quantile,0.9,9.4
2022-02-07,1 wk ahead inc flu hosp,2022-02-12,41,quantile,0.9,4.1
2022-02-07,1 wk ahead inc flu hosp,2022-02-12,12,quantile,0.9,132.8
2022-02-07,1 wk ahead inc flu hosp,2022-02-12,36,quantile,0.9,58.5
2022-02-07,1 wk ahead inc flu hosp,2022-02-12,44,quantile,0.9,6.7
2022-02-07,1 wk ahead inc flu hosp,2022-02-12,13,quantile,0.9,64.4
2022-02-07,1 wk ahead inc flu hosp,2022-02-12,33,quantile,0.9,11
2022-02-07,1 wk ahead inc flu hosp,2022-02-12,37,quantile,0.9,67.1
2022-02-07,1 wk ahead inc flu hosp,2022-02-12,34,quantile,0.9,79.1
2022-02-07,1 wk ahead inc flu hosp,2022-02-12,08,quantile,0.9,55.1
2022-02-07,1 wk ahead inc flu hosp,2022-02-12,24,quantile,0.9,18.1
2022-02-07,1 wk ahead inc flu hosp,2022-02-12,32,quantile,0.9,12.3
2022-02-07,1 wk ahead inc flu hosp,2022-02-12,47,quantile,0.9,66.3
2022-02-07,1 wk ahead inc flu hosp,2022-02-12,15,quantile,0.9,11.3
2022-02-07,1 wk ahead inc flu hosp,2022-02-12,18,quantile,0.9,64.6
2022-02-07,1 wk ahead inc flu hosp,2022-02-12,21,quantile,0.9,47.5
2022-02-07,1 wk ahead inc flu hosp,2022-02-12,27,quantile,0.9,67.7
2022-02-07,1 wk ahead inc flu hosp,2022-02-12,40,quantile,0.9,91
2022-02-07,1 wk ahead inc flu hosp,2022-02-12,42,quantile,0.9,97.8
2022-02-07,1 wk ahead inc flu hosp,2022-02-12,45,quantile,0.9,33.9
2022-02-07,1 wk ahead inc flu hosp,2022-02-12,11,quantile,0.9,3.1
2022-02-07,1 wk ahead inc flu hosp,2022-02-12,20,quantile,0.9,36.4
2022-02-07,1 wk ahead inc flu hosp,2022-02-12,29,quantile,0.9,59.6
2022-02-07,1 wk ahead inc flu hosp,2022-02-12,50,quantile,0.9,5
2022-02-07,1 wk ahead inc flu hosp,2022-02-12,51,quantile,0.9,36.6
2022-02-07,1 wk ahead inc flu hosp,2022-02-12,09,quantile,0.9,4
2022-02-07,1 wk ahead inc flu hosp,2022-02-12,19,quantile,0.9,82
2022-02-07,1 wk ahead inc flu hosp,2022-02-12,22,quantile,0.9,47.5
2022-02-07,1 wk ahead inc flu hosp,2022-02-12,39,quantile,0.9,58.3
2022-02-07,1 wk ahead inc flu hosp,2022-02-12,26,quantile,0.9,50.6
2022-02-07,1 wk ahead inc flu hosp,2022-02-12,46,quantile,0.9,15.7
2022-02-07,1 wk ahead inc flu hosp,2022-02-12,05,quantile,0.9,40.8
2022-02-07,1 wk ahead inc flu hosp,2022-02-12,10,quantile,0.9,12.1
2022-02-07,1 wk ahead inc flu hosp,2022-02-12,28,quantile,0.9,25.2
2022-02-07,1 wk ahead inc flu hosp,2022-02-12,35,quantile,0.9,16.7
2022-02-07,1 wk ahead inc flu hosp,2022-02-12,38,quantile,0.9,24.6
2022-02-07,1 wk ahead inc flu hosp,2022-02-12,56,quantile,0.9,9.8
2022-02-07,1 wk ahead inc flu hosp,2022-02-12,02,quantile,0.9,12.1
2022-02-07,1 wk ahead inc flu hosp,2022-02-12,23,quantile,0.9,10.5
2022-02-07,1 wk ahead inc flu hosp,2022-02-12,01,quantile,0.9,27
2022-02-07,1 wk ahead inc flu hosp,2022-02-12,16,quantile,0.9,2
2022-02-07,1 wk ahead inc flu hosp,2022-02-12,30,quantile,0.9,17.9
2022-02-07,1 wk ahead inc flu hosp,2022-02-12,72,quantile,0.9,32.9
2022-02-07,1 wk ahead inc flu hosp,2022-02-12,78,quantile,0.9,0.8
2022-02-07,1 wk ahead inc flu hosp,2022-02-12,54,quantile,0.9,9.8
2022-02-07,2 wk ahead inc flu hosp,2022-02-19,53,quantile,0.9,16.6
2022-02-07,2 wk ahead inc flu hosp,2022-02-19,17,quantile,0.9,58.3
2022-02-07,2 wk ahead inc flu hosp,2022-02-19,06,quantile,0.9,179
2022-02-07,2 wk ahead inc flu hosp,2022-02-19,04,quantile,0.9,105.3
2022-02-07,2 wk ahead inc flu hosp,2022-02-19,25,quantile,0.9,248.2
2022-02-07,2 wk ahead inc flu hosp,2022-02-19,55,quantile,0.9,37.9
2022-02-07,2 wk ahead inc flu hosp,2022-02-19,48,quantile,0.9,514.5
2022-02-07,2 wk ahead inc flu hosp,2022-02-19,31,quantile,0.9,49.4
2022-02-07,2 wk ahead inc flu hosp,2022-02-19,49,quantile,0.9,11.8
2022-02-07,2 wk ahead inc flu hosp,2022-02-19,41,quantile,0.9,4.9
2022-02-07,2 wk ahead inc flu hosp,2022-02-19,12,quantile,0.9,88.3
2022-02-07,2 wk ahead inc flu hosp,2022-02-19,36,quantile,0.9,39.9
2022-02-07,2 wk ahead inc flu hosp,2022-02-19,44,quantile,0.9,2.7
2022-02-07,2 wk ahead inc flu hosp,2022-02-19,13,quantile,0.9,46.2
2022-02-07,2 wk ahead inc flu hosp,2022-02-19,33,quantile,0.9,11
2022-02-07,2 wk ahead inc flu hosp,2022-02-19,37,quantile,0.9,90.3
2022-02-07,2 wk ahead inc flu hosp,2022-02-19,34,quantile,0.9,52
2022-02-07,2 wk ahead inc flu hosp,2022-02-19,08,quantile,0.9,48
2022-02-07,2 wk ahead inc flu hosp,2022-02-19,24,quantile,0.9,22.3
2022-02-07,2 wk ahead inc flu hosp,2022-02-19,32,quantile,0.9,15.2
2022-02-07,2 wk ahead inc flu hosp,2022-02-19,47,quantile,0.9,69.3
2022-02-07,2 wk ahead inc flu hosp,2022-02-19,15,quantile,0.9,2.8
2022-02-07,2 wk ahead inc flu hosp,2022-02-19,18,quantile,0.9,61.3
2022-02-07,2 wk ahead inc flu hosp,2022-02-19,21,quantile,0.9,32.2
2022-02-07,2 wk ahead inc flu hosp,2022-02-19,27,quantile,0.9,45.1
2022-02-07,2 wk ahead inc flu hosp,2022-02-19,40,quantile,0.9,85.5
2022-02-07,2 wk ahead inc flu hosp,2022-02-19,42,quantile,0.9,106.2
2022-02-07,2 wk ahead inc flu hosp,2022-02-19,45,quantile,0.9,35.3
2022-02-07,2 wk ahead inc flu hosp,2022-02-19,11,quantile,0.9,4.3
2022-02-07,2 wk ahead inc flu hosp,2022-02-19,20,quantile,0.9,31.6
2022-02-07,2 wk ahead inc flu hosp,2022-02-19,29,quantile,0.9,49.3
2022-02-07,2 wk ahead inc flu hosp,2022-02-19,50,quantile,0.9,1.2
2022-02-07,2 wk ahead inc flu hosp,2022-02-19,51,quantile,0.9,44.1
2022-02-07,2 wk ahead inc flu hosp,2022-02-19,09,quantile,0.9,10.7
2022-02-07,2 wk ahead inc flu hosp,2022-02-19,19,quantile,0.9,63.8
2022-02-07,2 wk ahead inc flu hosp,2022-02-19,22,quantile,0.9,47.5
2022-02-07,2 wk ahead inc flu hosp,2022-02-19,39,quantile,0.9,54.5
2022-02-07,2 wk ahead inc flu hosp,2022-02-19,26,quantile,0.9,84.1
2022-02-07,2 wk ahead inc flu hosp,2022-02-19,46,quantile,0.9,16.4
2022-02-07,2 wk ahead inc flu hosp,2022-02-19,05,quantile,0.9,61.6
2022-02-07,2 wk ahead inc flu hosp,2022-02-19,10,quantile,0.9,7.7
2022-02-07,2 wk ahead inc flu hosp,2022-02-19,28,quantile,0.9,36.2
2022-02-07,2 wk ahead inc flu hosp,2022-02-19,35,quantile,0.9,17.6
2022-02-07,2 wk ahead inc flu hosp,2022-02-19,38,quantile,0.9,21.3
2022-02-07,2 wk ahead inc flu hosp,2022-02-19,56,quantile,0.9,6.6
2022-02-07,2 wk ahead inc flu hosp,2022-02-19,02,quantile,0.9,8
2022-02-07,2 wk ahead inc flu hosp,2022-02-19,23,quantile,0.9,11.8
2022-02-07,2 wk ahead inc flu hosp,2022-02-19,01,quantile,0.9,19.9
2022-02-07,2 wk ahead inc flu hosp,2022-02-19,16,quantile,0.9,5.7
2022-02-07,2 wk ahead inc flu hosp,2022-02-19,30,quantile,0.9,24
2022-02-07,2 wk ahead inc flu hosp,2022-02-19,72,quantile,0.9,22.9
2022-02-07,2 wk ahead inc flu hosp,2022-02-19,78,quantile,0.9,0.2
2022-02-07,2 wk ahead inc flu hosp,2022-02-19,54,quantile,0.9,9
2022-02-07,3 wk ahead inc flu hosp,2022-02-26,53,quantile,0.9,35.3
2022-02-07,3 wk ahead inc flu hosp,2022-02-26,17,quantile,0.9,63.5
2022-02-07,3 wk ahead inc flu hosp,2022-02-26,06,quantile,0.9,140.5
2022-02-07,3 wk ahead inc flu hosp,2022-02-26,04,quantile,0.9,60.3
2022-02-07,3 wk ahead inc flu hosp,2022-02-26,25,quantile,0.9,194.6
2022-02-07,3 wk ahead inc flu hosp,2022-02-26,55,quantile,0.9,58.1
2022-02-07,3 wk ahead inc flu hosp,2022-02-26,48,quantile,0.9,481.5
2022-02-07,3 wk ahead inc flu hosp,2022-02-26,31,quantile,0.9,24.3
2022-02-07,3 wk ahead inc flu hosp,2022-02-26,49,quantile,0.9,10.5
2022-02-07,3 wk ahead inc flu hosp,2022-02-26,41,quantile,0.9,17.8
2022-02-07,3 wk ahead inc flu hosp,2022-02-26,12,quantile,0.9,116.1
2022-02-07,3 wk ahead inc flu hosp,2022-02-26,36,quantile,0.9,59.3
2022-02-07,3 wk ahead inc flu hosp,2022-02-26,44,quantile,0.9,4.5
2022-02-07,3 wk ahead inc flu hosp,2022-02-26,13,quantile,0.9,110
2022-02-07,3 wk ahead inc flu hosp,2022-02-26,33,quantile,0.9,12.9
2022-02-07,3 wk ahead inc flu hosp,2022-02-26,37,quantile,0.9,73
2022-02-07,3 wk ahead inc flu hosp,2022-02-26,34,quantile,0.9,70.4
2022-02-07,3 wk ahead inc flu hosp,2022-02-26,08,quantile,0.9,44.4
2022-02-07,3 wk ahead inc flu hosp,2022-02-26,24,quantile,0.9,33.8
2022-02-07,3 wk ahead inc flu hosp,2022-02-26,32,quantile,0.9,17.4
2022-02-07,3 wk ahead inc flu hosp,2022-02-26,47,quantile,0.9,60.9
2022-02-07,3 wk ahead inc flu hosp,2022-02-26,15,quantile,0.9,1.4
2022-02-07,3 wk ahead inc flu hosp,2022-02-26,18,quantile,0.9,45.6
2022-02-07,3 wk ahead inc flu hosp,2022-02-26,21,quantile,0.9,39.7
2022-02-07,3 wk ahead inc flu hosp,2022-02-26,27,quantile,0.9,35.3
2022-02-07,3 wk ahead inc flu hosp,2022-02-26,40,quantile,0.9,56.8
2022-02-07,3 wk ahead inc flu hosp,2022-02-26,42,quantile,0.9,79.4
2022-02-07,3 wk ahead inc flu hosp,2022-02-26,45,quantile,0.9,53.9
2022-02-07,3 wk ahead inc flu hosp,2022-02-26,11,quantile,0.9,8.1
2022-02-07,3 wk ahead inc flu hosp,2022-02-26,20,quantile,0.9,23.7
2022-02-07,3 wk ahead inc flu hosp,2022-02-26,29,quantile,0.9,50.5
2022-02-07,3 wk ahead inc flu hosp,2022-02-26,50,quantile,0.9,0.6
2022-02-07,3 wk ahead inc flu hosp,2022-02-26,51,quantile,0.9,39.6
2022-02-07,3 wk ahead inc flu hosp,2022-02-26,09,quantile,0.9,21.7
2022-02-07,3 wk ahead inc flu hosp,2022-02-26,19,quantile,0.9,57.7
2022-02-07,3 wk ahead inc flu hosp,2022-02-26,22,quantile,0.9,62.8
2022-02-07,3 wk ahead inc flu hosp,2022-02-26,39,quantile,0.9,64.1
2022-02-07,3 wk ahead inc flu hosp,2022-02-26,26,quantile,0.9,82.9
2022-02-07,3 wk ahead inc flu hosp,2022-02-26,46,quantile,0.9,17.9
2022-02-07,3 wk ahead inc flu hosp,2022-02-26,05,quantile,0.9,34.2
2022-02-07,3 wk ahead inc flu hosp,2022-02-26,10,quantile,0.9,5.6
2022-02-07,3 wk ahead inc flu hosp,2022-02-26,28,quantile,0.9,27
2022-02-07,3 wk ahead inc flu hosp,2022-02-26,35,quantile,0.9,25.3
2022-02-07,3 wk ahead inc flu hosp,2022-02-26,38,quantile,0.9,17.5
2022-02-07,3 wk ahead inc flu hosp,2022-02-26,56,quantile,0.9,5.8
2022-02-07,3 wk ahead inc flu hosp,2022-02-26,02,quantile,0.9,4.4
2022-02-07,3 wk ahead inc flu hosp,2022-02-26,23,quantile,0.9,16
2022-02-07,3 wk ahead inc flu hosp,2022-02-26,01,quantile,0.9,42
2022-02-07,3 wk ahead inc flu hosp,2022-02-26,16,quantile,0.9,10.9
2022-02-07,3 wk ahead inc flu hosp,2022-02-26,30,quantile,0.9,20
2022-02-07,3 wk ahead inc flu hosp,2022-02-26,72,quantile,0.9,20.3
2022-02-07,3 wk ahead inc flu hosp,2022-02-26,78,quantile,0.9,0.1
2022-02-07,3 wk ahead inc flu hosp,2022-02-26,54,quantile,0.9,8.2
2022-02-07,4 wk ahead inc flu hosp,2022-03-05,53,quantile,0.9,104.2
2022-02-07,4 wk ahead inc flu hosp,2022-03-05,17,quantile,0.9,38.2
2022-02-07,4 wk ahead inc flu hosp,2022-03-05,06,quantile,0.9,110.5
2022-02-07,4 wk ahead inc flu hosp,2022-03-05,04,quantile,0.9,63.3
2022-02-07,4 wk ahead inc flu hosp,2022-03-05,25,quantile,0.9,140.5
2022-02-07,4 wk ahead inc flu hosp,2022-03-05,55,quantile,0.9,45.3
2022-02-07,4 wk ahead inc flu hosp,2022-03-05,48,quantile,0.9,405.5
2022-02-07,4 wk ahead inc flu hosp,2022-03-05,31,quantile,0.9,35.2
2022-02-07,4 wk ahead inc flu hosp,2022-03-05,49,quantile,0.9,16.3
2022-02-07,4 wk ahead inc flu hosp,2022-03-05,41,quantile,0.9,20.4
2022-02-07,4 wk ahead inc flu hosp,2022-03-05,12,quantile,0.9,151.5
2022-02-07,4 wk ahead inc flu hosp,2022-03-05,36,quantile,0.9,82.6
2022-02-07,4 wk ahead inc flu hosp,2022-03-05,44,quantile,0.9,3.9
2022-02-07,4 wk ahead inc flu hosp,2022-03-05,13,quantile,0.9,33.8
2022-02-07,4 wk ahead inc flu hosp,2022-03-05,33,quantile,0.9,11.6
2022-02-07,4 wk ahead inc flu hosp,2022-03-05,37,quantile,0.9,64.8
2022-02-07,4 wk ahead inc flu hosp,2022-03-05,34,quantile,0.9,62
2022-02-07,4 wk ahead inc flu hosp,2022-03-05,08,quantile,0.9,44.9
2022-02-07,4 wk ahead inc flu hosp,2022-03-05,24,quantile,0.9,35
2022-02-07,4 wk ahead inc flu hosp,2022-03-05,32,quantile,0.9,41.3
2022-02-07,4 wk ahead inc flu hosp,2022-03-05,47,quantile,0.9,77.5
2022-02-07,4 wk ahead inc flu hosp,2022-03-05,15,quantile,0.9,2.8
2022-02-07,4 wk ahead inc flu hosp,2022-03-05,18,quantile,0.9,52.1
2022-02-07,4 wk ahead inc flu hosp,2022-03-05,21,quantile,0.9,35.3
2022-02-07,4 wk ahead inc flu hosp,2022-03-05,27,quantile,0.9,37.3
2022-02-07,4 wk ahead inc flu hosp,2022-03-05,40,quantile,0.9,71.6
2022-02-07,4 wk ahead inc flu hosp,2022-03-05,42,quantile,0.9,122.1
2022-02-07,4 wk ahead inc flu hosp,2022-03-05,45,quantile,0.9,47
2022-02-07,4 wk ahead inc flu hosp,2022-03-05,11,quantile,0.9,16.2
2022-02-07,4 wk ahead inc flu hosp,2022-03-05,20,quantile,0.9,25.6
2022-02-07,4 wk ahead inc flu hosp,2022-03-05,29,quantile,0.9,85.4
2022-02-07,4 wk ahead inc flu hosp,2022-03-05,50,quantile,0.9,1.2
2022-02-07,4 wk ahead inc flu hosp,2022-03-05,51,quantile,0.9,41.9
2022-02-07,4 wk ahead inc flu hosp,2022-03-05,09,quantile,0.9,19.7
2022-02-07,4 wk ahead inc flu hosp,2022-03-05,19,quantile,0.9,62.7
2022-02-07,4 wk ahead inc flu hosp,2022-03-05,22,quantile,0.9,84.4
2022-02-07,4 wk ahead inc flu hosp,2022-03-05,39,quantile,0.9,56.2
2022-02-07,4 wk ahead inc flu hosp,2022-03-05,26,quantile,0.9,95.7
2022-02-07,4 wk ahead inc flu hosp,2022-03-05,46,quantile,0.9,19.5
2022-02-07,4 wk ahead inc flu hosp,2022-03-05,05,quantile,0.9,36.9
2022-02-07,4 wk ahead inc flu hosp,2022-03-05,10,quantile,0.9,4.6
2022-02-07,4 wk ahead inc flu hosp,2022-03-05,28,quantile,0.9,22.4
2022-02-07,4 wk ahead inc flu hosp,2022-03-05,35,quantile,0.9,51.7
2022-02-07,4 wk ahead inc flu hosp,2022-03-05,38,quantile,0.9,20
2022-02-07,4 wk ahead inc flu hosp,2022-03-05,56,quantile,0.9,4.3
2022-02-07,4 wk ahead inc flu hosp,2022-03-05,02,quantile,0.9,5.2
2022-02-07,4 wk ahead inc flu hosp,2022-03-05,23,quantile,0.9,29.6
2022-02-07,4 wk ahead inc flu hosp,2022-03-05,01,quantile,0.9,37.1
2022-02-07,4 wk ahead inc flu hosp,2022-03-05,16,quantile,0.9,6.1
2022-02-07,4 wk ahead inc flu hosp,2022-03-05,30,quantile,0.9,16.7
2022-02-07,4 wk ahead inc flu hosp,2022-03-05,72,quantile,0.9,33.9
2022-02-07,4 wk ahead inc flu hosp,2022-03-05,78,quantile,0.9,0.2
2022-02-07,4 wk ahead inc flu hosp,2022-03-05,54,quantile,0.9,14.8
2022-02-07,1 wk ahead inc flu hosp,2022-02-12,53,quantile,0.95,19.1
2022-02-07,1 wk ahead inc flu hosp,2022-02-12,17,quantile,0.95,80.8
2022-02-07,1 wk ahead inc flu hosp,2022-02-12,06,quantile,0.95,203.1
2022-02-07,1 wk ahead inc flu hosp,2022-02-12,04,quantile,0.95,87.3
2022-02-07,1 wk ahead inc flu hosp,2022-02-12,25,quantile,0.95,332.6
2022-02-07,1 wk ahead inc flu hosp,2022-02-12,55,quantile,0.95,59.7
2022-02-07,1 wk ahead inc flu hosp,2022-02-12,48,quantile,0.95,778.7
2022-02-07,1 wk ahead inc flu hosp,2022-02-12,31,quantile,0.95,49
2022-02-07,1 wk ahead inc flu hosp,2022-02-12,49,quantile,0.95,11.3
2022-02-07,1 wk ahead inc flu hosp,2022-02-12,41,quantile,0.95,7.2
2022-02-07,1 wk ahead inc flu hosp,2022-02-12,12,quantile,0.95,161.9
2022-02-07,1 wk ahead inc flu hosp,2022-02-12,36,quantile,0.95,76.6
2022-02-07,1 wk ahead inc flu hosp,2022-02-12,44,quantile,0.95,10.4
2022-02-07,1 wk ahead inc flu hosp,2022-02-12,13,quantile,0.95,85.4
2022-02-07,1 wk ahead inc flu hosp,2022-02-12,33,quantile,0.95,12
2022-02-07,1 wk ahead inc flu hosp,2022-02-12,37,quantile,0.95,73.5
2022-02-07,1 wk ahead inc flu hosp,2022-02-12,34,quantile,0.95,82.6
2022-02-07,1 wk ahead inc flu hosp,2022-02-12,08,quantile,0.95,57.1
2022-02-07,1 wk ahead inc flu hosp,2022-02-12,24,quantile,0.95,22.9
2022-02-07,1 wk ahead inc flu hosp,2022-02-12,32,quantile,0.95,13.9
2022-02-07,1 wk ahead inc flu hosp,2022-02-12,47,quantile,0.95,85.2
2022-02-07,1 wk ahead inc flu hosp,2022-02-12,15,quantile,0.95,14.2
2022-02-07,1 wk ahead inc flu hosp,2022-02-12,18,quantile,0.95,75.5
2022-02-07,1 wk ahead inc flu hosp,2022-02-12,21,quantile,0.95,55.6
2022-02-07,1 wk ahead inc flu hosp,2022-02-12,27,quantile,0.95,73.3
2022-02-07,1 wk ahead inc flu hosp,2022-02-12,40,quantile,0.95,100.8
2022-02-07,1 wk ahead inc flu hosp,2022-02-12,42,quantile,0.95,107.9
2022-02-07,1 wk ahead inc flu hosp,2022-02-12,45,quantile,0.95,39
2022-02-07,1 wk ahead inc flu hosp,2022-02-12,11,quantile,0.95,4
2022-02-07,1 wk ahead inc flu hosp,2022-02-12,20,quantile,0.95,41.5
2022-02-07,1 wk ahead inc flu hosp,2022-02-12,29,quantile,0.95,71.3
2022-02-07,1 wk ahead inc flu hosp,2022-02-12,50,quantile,0.95,6.2
2022-02-07,1 wk ahead inc flu hosp,2022-02-12,51,quantile,0.95,40.5
2022-02-07,1 wk ahead inc flu hosp,2022-02-12,09,quantile,0.95,8.8
2022-02-07,1 wk ahead inc flu hosp,2022-02-12,19,quantile,0.95,84.3
2022-02-07,1 wk ahead inc flu hosp,2022-02-12,22,quantile,0.95,56.5
2022-02-07,1 wk ahead inc flu hosp,2022-02-12,39,quantile,0.95,78.7
2022-02-07,1 wk ahead inc flu hosp,2022-02-12,26,quantile,0.95,60.3
2022-02-07,1 wk ahead inc flu hosp,2022-02-12,46,quantile,0.95,20.2
2022-02-07,1 wk ahead inc flu hosp,2022-02-12,05,quantile,0.95,54.5
2022-02-07,1 wk ahead inc flu hosp,2022-02-12,10,quantile,0.95,12.6
2022-02-07,1 wk ahead inc flu hosp,2022-02-12,28,quantile,0.95,37.2
2022-02-07,1 wk ahead inc flu hosp,2022-02-12,35,quantile,0.95,18.8
2022-02-07,1 wk ahead inc flu hosp,2022-02-12,38,quantile,0.95,26.9
2022-02-07,1 wk ahead inc flu hosp,2022-02-12,56,quantile,0.95,11
2022-02-07,1 wk ahead inc flu hosp,2022-02-12,02,quantile,0.95,13.8
2022-02-07,1 wk ahead inc flu hosp,2022-02-12,23,quantile,0.95,12.1
2022-02-07,1 wk ahead inc flu hosp,2022-02-12,01,quantile,0.95,42.3
2022-02-07,1 wk ahead inc flu hosp,2022-02-12,16,quantile,0.95,4.5
2022-02-07,1 wk ahead inc flu hosp,2022-02-12,30,quantile,0.95,23.3
2022-02-07,1 wk ahead inc flu hosp,2022-02-12,72,quantile,0.95,38.3
2022-02-07,1 wk ahead inc flu hosp,2022-02-12,78,quantile,0.95,1
2022-02-07,1 wk ahead inc flu hosp,2022-02-12,54,quantile,0.95,10.6
2022-02-07,2 wk ahead inc flu hosp,2022-02-19,53,quantile,0.95,20
2022-02-07,2 wk ahead inc flu hosp,2022-02-19,17,quantile,0.95,87.4
2022-02-07,2 wk ahead inc flu hosp,2022-02-19,06,quantile,0.95,210
2022-02-07,2 wk ahead inc flu hosp,2022-02-19,04,quantile,0.95,118.5
2022-02-07,2 wk ahead inc flu hosp,2022-02-19,25,quantile,0.95,250.2
2022-02-07,2 wk ahead inc flu hosp,2022-02-19,55,quantile,0.95,48.7
2022-02-07,2 wk ahead inc flu hosp,2022-02-19,48,quantile,0.95,766.3
2022-02-07,2 wk ahead inc flu hosp,2022-02-19,31,quantile,0.95,53.3
2022-02-07,2 wk ahead inc flu hosp,2022-02-19,49,quantile,0.95,14
2022-02-07,2 wk ahead inc flu hosp,2022-02-19,41,quantile,0.95,9.2
2022-02-07,2 wk ahead inc flu hosp,2022-02-19,12,quantile,0.95,111.7
2022-02-07,2 wk ahead inc flu hosp,2022-02-19,36,quantile,0.95,69.9
2022-02-07,2 wk ahead inc flu hosp,2022-02-19,44,quantile,0.95,5.3
2022-02-07,2 wk ahead inc flu hosp,2022-02-19,13,quantile,0.95,76
2022-02-07,2 wk ahead inc flu hosp,2022-02-19,33,quantile,0.95,13.9
2022-02-07,2 wk ahead inc flu hosp,2022-02-19,37,quantile,0.95,103.4
2022-02-07,2 wk ahead inc flu hosp,2022-02-19,34,quantile,0.95,64.8
2022-02-07,2 wk ahead inc flu hosp,2022-02-19,08,quantile,0.95,54.8
2022-02-07,2 wk ahead inc flu hosp,2022-02-19,24,quantile,0.95,30.2
2022-02-07,2 wk ahead inc flu hosp,2022-02-19,32,quantile,0.95,15.4
2022-02-07,2 wk ahead inc flu hosp,2022-02-19,47,quantile,0.95,81.5
2022-02-07,2 wk ahead inc flu hosp,2022-02-19,15,quantile,0.95,7.1
2022-02-07,2 wk ahead inc flu hosp,2022-02-19,18,quantile,0.95,79.6
2022-02-07,2 wk ahead inc flu hosp,2022-02-19,21,quantile,0.95,38.7
2022-02-07,2 wk ahead inc flu hosp,2022-02-19,27,quantile,0.95,46.8
2022-02-07,2 wk ahead inc flu hosp,2022-02-19,40,quantile,0.95,90.6
2022-02-07,2 wk ahead inc flu hosp,2022-02-19,42,quantile,0.95,131.1
2022-02-07,2 wk ahead inc flu hosp,2022-02-19,45,quantile,0.95,45.8
2022-02-07,2 wk ahead inc flu hosp,2022-02-19,11,quantile,0.95,6.1
2022-02-07,2 wk ahead inc flu hosp,2022-02-19,20,quantile,0.95,37
2022-02-07,2 wk ahead inc flu hosp,2022-02-19,29,quantile,0.95,64.9
2022-02-07,2 wk ahead inc flu hosp,2022-02-19,50,quantile,0.95,3.1
2022-02-07,2 wk ahead inc flu hosp,2022-02-19,51,quantile,0.95,62.8
2022-02-07,2 wk ahead inc flu hosp,2022-02-19,09,quantile,0.95,12.5
2022-02-07,2 wk ahead inc flu hosp,2022-02-19,19,quantile,0.95,69.3
2022-02-07,2 wk ahead inc flu hosp,2022-02-19,22,quantile,0.95,63.8
2022-02-07,2 wk ahead inc flu hosp,2022-02-19,39,quantile,0.95,63.4
2022-02-07,2 wk ahead inc flu hosp,2022-02-19,26,quantile,0.95,100.2
2022-02-07,2 wk ahead inc flu hosp,2022-02-19,46,quantile,0.95,22.1
2022-02-07,2 wk ahead inc flu hosp,2022-02-19,05,quantile,0.95,69.4
2022-02-07,2 wk ahead inc flu hosp,2022-02-19,10,quantile,0.95,9.3
2022-02-07,2 wk ahead inc flu hosp,2022-02-19,28,quantile,0.95,49.5
2022-02-07,2 wk ahead inc flu hosp,2022-02-19,35,quantile,0.95,22.1
2022-02-07,2 wk ahead inc flu hosp,2022-02-19,38,quantile,0.95,26.5
2022-02-07,2 wk ahead inc flu hosp,2022-02-19,56,quantile,0.95,8.4
2022-02-07,2 wk ahead inc flu hosp,2022-02-19,02,quantile,0.95,8.3
2022-02-07,2 wk ahead inc flu hosp,2022-02-19,23,quantile,0.95,15.1
2022-02-07,2 wk ahead inc flu hosp,2022-02-19,01,quantile,0.95,33.9
2022-02-07,2 wk ahead inc flu hosp,2022-02-19,16,quantile,0.95,13.3
2022-02-07,2 wk ahead inc flu hosp,2022-02-19,30,quantile,0.95,24.6
2022-02-07,2 wk ahead inc flu hosp,2022-02-19,72,quantile,0.95,30.3
2022-02-07,2 wk ahead inc flu hosp,2022-02-19,78,quantile,0.95,0.5
2022-02-07,2 wk ahead inc flu hosp,2022-02-19,54,quantile,0.95,12.4
2022-02-07,3 wk ahead inc flu hosp,2022-02-26,53,quantile,0.95,40.2
2022-02-07,3 wk ahead inc flu hosp,2022-02-26,17,quantile,0.95,91.1
2022-02-07,3 wk ahead inc flu hosp,2022-02-26,06,quantile,0.95,277.9
2022-02-07,3 wk ahead inc flu hosp,2022-02-26,04,quantile,0.95,81.4
2022-02-07,3 wk ahead inc flu hosp,2022-02-26,25,quantile,0.95,203.3
2022-02-07,3 wk ahead inc flu hosp,2022-02-26,55,quantile,0.95,65.6
2022-02-07,3 wk ahead inc flu hosp,2022-02-26,48,quantile,0.95,548.4
2022-02-07,3 wk ahead inc flu hosp,2022-02-26,31,quantile,0.95,28.8
2022-02-07,3 wk ahead inc flu hosp,2022-02-26,49,quantile,0.95,13.1
2022-02-07,3 wk ahead inc flu hosp,2022-02-26,41,quantile,0.95,33.5
2022-02-07,3 wk ahead inc flu hosp,2022-02-26,12,quantile,0.95,137.9
2022-02-07,3 wk ahead inc flu hosp,2022-02-26,36,quantile,0.95,86
2022-02-07,3 wk ahead inc flu hosp,2022-02-26,44,quantile,0.95,5.7
2022-02-07,3 wk ahead inc flu hosp,2022-02-26,13,quantile,0.95,148.5
2022-02-07,3 wk ahead inc flu hosp,2022-02-26,33,quantile,0.95,16.4
2022-02-07,3 wk ahead inc flu hosp,2022-02-26,37,quantile,0.95,90.9
2022-02-07,3 wk ahead inc flu hosp,2022-02-26,34,quantile,0.95,98.2
2022-02-07,3 wk ahead inc flu hosp,2022-02-26,08,quantile,0.95,52
2022-02-07,3 wk ahead inc flu hosp,2022-02-26,24,quantile,0.95,43.5
2022-02-07,3 wk ahead inc flu hosp,2022-02-26,32,quantile,0.95,25.9
2022-02-07,3 wk ahead inc flu hosp,2022-02-26,47,quantile,0.95,77.9
2022-02-07,3 wk ahead inc flu hosp,2022-02-26,15,quantile,0.95,7.1
2022-02-07,3 wk ahead inc flu hosp,2022-02-26,18,quantile,0.95,53.4
2022-02-07,3 wk ahead inc flu hosp,2022-02-26,21,quantile,0.95,67.7
2022-02-07,3 wk ahead inc flu hosp,2022-02-26,27,quantile,0.95,42.3
2022-02-07,3 wk ahead inc flu hosp,2022-02-26,40,quantile,0.95,70.4
2022-02-07,3 wk ahead inc flu hosp,2022-02-26,42,quantile,0.95,104.8
2022-02-07,3 wk ahead inc flu hosp,2022-02-26,45,quantile,0.95,63.4
2022-02-07,3 wk ahead inc flu hosp,2022-02-26,11,quantile,0.95,9.6
2022-02-07,3 wk ahead inc flu hosp,2022-02-26,20,quantile,0.95,27.6
2022-02-07,3 wk ahead inc flu hosp,2022-02-26,29,quantile,0.95,77.6
2022-02-07,3 wk ahead inc flu hosp,2022-02-26,50,quantile,0.95,3.1
2022-02-07,3 wk ahead inc flu hosp,2022-02-26,51,quantile,0.95,52.2
2022-02-07,3 wk ahead inc flu hosp,2022-02-26,09,quantile,0.95,29.1
2022-02-07,3 wk ahead inc flu hosp,2022-02-26,19,quantile,0.95,67.1
2022-02-07,3 wk ahead inc flu hosp,2022-02-26,22,quantile,0.95,70.3
2022-02-07,3 wk ahead inc flu hosp,2022-02-26,39,quantile,0.95,85.8
2022-02-07,3 wk ahead inc flu hosp,2022-02-26,26,quantile,0.95,119.6
2022-02-07,3 wk ahead inc flu hosp,2022-02-26,46,quantile,0.95,21.7
2022-02-07,3 wk ahead inc flu hosp,2022-02-26,05,quantile,0.95,44.6
2022-02-07,3 wk ahead inc flu hosp,2022-02-26,10,quantile,0.95,7.2
2022-02-07,3 wk ahead inc flu hosp,2022-02-26,28,quantile,0.95,34.1
2022-02-07,3 wk ahead inc flu hosp,2022-02-26,35,quantile,0.95,33.1
2022-02-07,3 wk ahead inc flu hosp,2022-02-26,38,quantile,0.95,18.4
2022-02-07,3 wk ahead inc flu hosp,2022-02-26,56,quantile,0.95,6.3
2022-02-07,3 wk ahead inc flu hosp,2022-02-26,02,quantile,0.95,5.5
2022-02-07,3 wk ahead inc flu hosp,2022-02-26,23,quantile,0.95,21.1
2022-02-07,3 wk ahead inc flu hosp,2022-02-26,01,quantile,0.95,51.4
2022-02-07,3 wk ahead inc flu hosp,2022-02-26,16,quantile,0.95,14.7
2022-02-07,3 wk ahead inc flu hosp,2022-02-26,30,quantile,0.95,21.4
2022-02-07,3 wk ahead inc flu hosp,2022-02-26,72,quantile,0.95,24.8
2022-02-07,3 wk ahead inc flu hosp,2022-02-26,78,quantile,0.95,0.5
2022-02-07,3 wk ahead inc flu hosp,2022-02-26,54,quantile,0.95,11.8
2022-02-07,4 wk ahead inc flu hosp,2022-03-05,53,quantile,0.95,131.6
2022-02-07,4 wk ahead inc flu hosp,2022-03-05,17,quantile,0.95,52
2022-02-07,4 wk ahead inc flu hosp,2022-03-05,06,quantile,0.95,145.6
2022-02-07,4 wk ahead inc flu hosp,2022-03-05,04,quantile,0.95,74.6
2022-02-07,4 wk ahead inc flu hosp,2022-03-05,25,quantile,0.95,177.6
2022-02-07,4 wk ahead inc flu hosp,2022-03-05,55,quantile,0.95,54.5
2022-02-07,4 wk ahead inc flu hosp,2022-03-05,48,quantile,0.95,501.7
2022-02-07,4 wk ahead inc flu hosp,2022-03-05,31,quantile,0.95,57.2
2022-02-07,4 wk ahead inc flu hosp,2022-03-05,49,quantile,0.95,18.6
2022-02-07,4 wk ahead inc flu hosp,2022-03-05,41,quantile,0.95,31
2022-02-07,4 wk ahead inc flu hosp,2022-03-05,12,quantile,0.95,189.1
2022-02-07,4 wk ahead inc flu hosp,2022-03-05,36,quantile,0.95,118.3
2022-02-07,4 wk ahead inc flu hosp,2022-03-05,44,quantile,0.95,6.7
2022-02-07,4 wk ahead inc flu hosp,2022-03-05,13,quantile,0.95,55
2022-02-07,4 wk ahead inc flu hosp,2022-03-05,33,quantile,0.95,15.6
2022-02-07,4 wk ahead inc flu hosp,2022-03-05,37,quantile,0.95,83.6
2022-02-07,4 wk ahead inc flu hosp,2022-03-05,34,quantile,0.95,72.3
2022-02-07,4 wk ahead inc flu hosp,2022-03-05,08,quantile,0.95,53.8
2022-02-07,4 wk ahead inc flu hosp,2022-03-05,24,quantile,0.95,56.1
2022-02-07,4 wk ahead inc flu hosp,2022-03-05,32,quantile,0.95,62.4
2022-02-07,4 wk ahead inc flu hosp,2022-03-05,47,quantile,0.95,84.1
2022-02-07,4 wk ahead inc flu hosp,2022-03-05,15,quantile,0.95,11.3
2022-02-07,4 wk ahead inc flu hosp,2022-03-05,18,quantile,0.95,60.2
2022-02-07,4 wk ahead inc flu hosp,2022-03-05,21,quantile,0.95,49.3
2022-02-07,4 wk ahead inc flu hosp,2022-03-05,27,quantile,0.95,46.1
2022-02-07,4 wk ahead inc flu hosp,2022-03-05,40,quantile,0.95,83.3
2022-02-07,4 wk ahead inc flu hosp,2022-03-05,42,quantile,0.95,132.5
2022-02-07,4 wk ahead inc flu hosp,2022-03-05,45,quantile,0.95,56.6
2022-02-07,4 wk ahead inc flu hosp,2022-03-05,11,quantile,0.95,25.4
2022-02-07,4 wk ahead inc flu hosp,2022-03-05,20,quantile,0.95,31.6
2022-02-07,4 wk ahead inc flu hosp,2022-03-05,29,quantile,0.95,105.4
2022-02-07,4 wk ahead inc flu hosp,2022-03-05,50,quantile,0.95,5
2022-02-07,4 wk ahead inc flu hosp,2022-03-05,51,quantile,0.95,56
2022-02-07,4 wk ahead inc flu hosp,2022-03-05,09,quantile,0.95,25
2022-02-07,4 wk ahead inc flu hosp,2022-03-05,19,quantile,0.95,74.2
2022-02-07,4 wk ahead inc flu hosp,2022-03-05,22,quantile,0.95,88.9
2022-02-07,4 wk ahead inc flu hosp,2022-03-05,39,quantile,0.95,101.2
2022-02-07,4 wk ahead inc flu hosp,2022-03-05,26,quantile,0.95,118.2
2022-02-07,4 wk ahead inc flu hosp,2022-03-05,46,quantile,0.95,22.5
2022-02-07,4 wk ahead inc flu hosp,2022-03-05,05,quantile,0.95,49.6
2022-02-07,4 wk ahead inc flu hosp,2022-03-05,10,quantile,0.95,6.8
2022-02-07,4 wk ahead inc flu hosp,2022-03-05,28,quantile,0.95,31.2
2022-02-07,4 wk ahead inc flu hosp,2022-03-05,35,quantile,0.95,56
2022-02-07,4 wk ahead inc flu hosp,2022-03-05,38,quantile,0.95,20.9
2022-02-07,4 wk ahead inc flu hosp,2022-03-05,56,quantile,0.95,5.6
2022-02-07,4 wk ahead inc flu hosp,2022-03-05,02,quantile,0.95,5.6
2022-02-07,4 wk ahead inc flu hosp,2022-03-05,23,quantile,0.95,37
2022-02-07,4 wk ahead inc flu hosp,2022-03-05,01,quantile,0.95,50.2
2022-02-07,4 wk ahead inc flu hosp,2022-03-05,16,quantile,0.95,9.2
2022-02-07,4 wk ahead inc flu hosp,2022-03-05,30,quantile,0.95,20.3
2022-02-07,4 wk ahead inc flu hosp,2022-03-05,72,quantile,0.95,40.2
2022-02-07,4 wk ahead inc flu hosp,2022-03-05,78,quantile,0.95,0.8
2022-02-07,4 wk ahead inc flu hosp,2022-03-05,54,quantile,0.95,17.1
2022-02-07,1 wk ahead inc flu hosp,2022-02-12,53,quantile,0.975,26.8
2022-02-07,1 wk ahead inc flu hosp,2022-02-12,17,quantile,0.975,91.1
2022-02-07,1 wk ahead inc flu hosp,2022-02-12,06,quantile,0.975,231.4
2022-02-07,1 wk ahead inc flu hosp,2022-02-12,04,quantile,0.975,110.6
2022-02-07,1 wk ahead inc flu hosp,2022-02-12,25,quantile,0.975,332.6
2022-02-07,1 wk ahead inc flu hosp,2022-02-12,55,quantile,0.975,64.7
2022-02-07,1 wk ahead inc flu hosp,2022-02-12,48,quantile,0.975,849.2
2022-02-07,1 wk ahead inc flu hosp,2022-02-12,31,quantile,0.975,55.9
2022-02-07,1 wk ahead inc flu hosp,2022-02-12,49,quantile,0.975,12.8
2022-02-07,1 wk ahead inc flu hosp,2022-02-12,41,quantile,0.975,9.9
2022-02-07,1 wk ahead inc flu hosp,2022-02-12,12,quantile,0.975,180.6
2022-02-07,1 wk ahead inc flu hosp,2022-02-12,36,quantile,0.975,90.2
2022-02-07,1 wk ahead inc flu hosp,2022-02-12,44,quantile,0.975,10.7
2022-02-07,1 wk ahead inc flu hosp,2022-02-12,13,quantile,0.975,96.9
2022-02-07,1 wk ahead inc flu hosp,2022-02-12,33,quantile,0.975,13.3
2022-02-07,1 wk ahead inc flu hosp,2022-02-12,37,quantile,0.975,90.3
2022-02-07,1 wk ahead inc flu hosp,2022-02-12,34,quantile,0.975,99.7
2022-02-07,1 wk ahead inc flu hosp,2022-02-12,08,quantile,0.975,59.5
2022-02-07,1 wk ahead inc flu hosp,2022-02-12,24,quantile,0.975,32.5
2022-02-07,1 wk ahead inc flu hosp,2022-02-12,32,quantile,0.975,16.3
2022-02-07,1 wk ahead inc flu hosp,2022-02-12,47,quantile,0.975,103.5
2022-02-07,1 wk ahead inc flu hosp,2022-02-12,15,quantile,0.975,14.2
2022-02-07,1 wk ahead inc flu hosp,2022-02-12,18,quantile,0.975,81.1
2022-02-07,1 wk ahead inc flu hosp,2022-02-12,21,quantile,0.975,60
2022-02-07,1 wk ahead inc flu hosp,2022-02-12,27,quantile,0.975,73.3
2022-02-07,1 wk ahead inc flu hosp,2022-02-12,40,quantile,0.975,110.2
2022-02-07,1 wk ahead inc flu hosp,2022-02-12,42,quantile,0.975,135.3
2022-02-07,1 wk ahead inc flu hosp,2022-02-12,45,quantile,0.975,43.3
2022-02-07,1 wk ahead inc flu hosp,2022-02-12,11,quantile,0.975,5.2
2022-02-07,1 wk ahead inc flu hosp,2022-02-12,20,quantile,0.975,45.6
2022-02-07,1 wk ahead inc flu hosp,2022-02-12,29,quantile,0.975,77.2
2022-02-07,1 wk ahead inc flu hosp,2022-02-12,50,quantile,0.975,6.2
2022-02-07,1 wk ahead inc flu hosp,2022-02-12,51,quantile,0.975,46
2022-02-07,1 wk ahead inc flu hosp,2022-02-12,09,quantile,0.975,15.8
2022-02-07,1 wk ahead inc flu hosp,2022-02-12,19,quantile,0.975,84.3
2022-02-07,1 wk ahead inc flu hosp,2022-02-12,22,quantile,0.975,62.1
2022-02-07,1 wk ahead inc flu hosp,2022-02-12,39,quantile,0.975,91.7
2022-02-07,1 wk ahead inc flu hosp,2022-02-12,26,quantile,0.975,68.1
2022-02-07,1 wk ahead inc flu hosp,2022-02-12,46,quantile,0.975,22.7
2022-02-07,1 wk ahead inc flu hosp,2022-02-12,05,quantile,0.975,60.9
2022-02-07,1 wk ahead inc flu hosp,2022-02-12,10,quantile,0.975,12.8
2022-02-07,1 wk ahead inc flu hosp,2022-02-12,28,quantile,0.975,53.1
2022-02-07,1 wk ahead inc flu hosp,2022-02-12,35,quantile,0.975,22
2022-02-07,1 wk ahead inc flu hosp,2022-02-12,38,quantile,0.975,29.6
2022-02-07,1 wk ahead inc flu hosp,2022-02-12,56,quantile,0.975,11.2
2022-02-07,1 wk ahead inc flu hosp,2022-02-12,02,quantile,0.975,13.8
2022-02-07,1 wk ahead inc flu hosp,2022-02-12,23,quantile,0.975,15.7
2022-02-07,1 wk ahead inc flu hosp,2022-02-12,01,quantile,0.975,48.8
2022-02-07,1 wk ahead inc flu hosp,2022-02-12,16,quantile,0.975,8.4
2022-02-07,1 wk ahead inc flu hosp,2022-02-12,30,quantile,0.975,26.4
2022-02-07,1 wk ahead inc flu hosp,2022-02-12,72,quantile,0.975,40.1
2022-02-07,1 wk ahead inc flu hosp,2022-02-12,78,quantile,0.975,1
2022-02-07,1 wk ahead inc flu hosp,2022-02-12,54,quantile,0.975,11.8
2022-02-07,2 wk ahead inc flu hosp,2022-02-19,53,quantile,0.975,27.8
2022-02-07,2 wk ahead inc flu hosp,2022-02-19,17,quantile,0.975,97.7
2022-02-07,2 wk ahead inc flu hosp,2022-02-19,06,quantile,0.975,244.4
2022-02-07,2 wk ahead inc flu hosp,2022-02-19,04,quantile,0.975,135.7
2022-02-07,2 wk ahead inc flu hosp,2022-02-19,25,quantile,0.975,250.2
2022-02-07,2 wk ahead inc flu hosp,2022-02-19,55,quantile,0.975,62.7
2022-02-07,2 wk ahead inc flu hosp,2022-02-19,48,quantile,0.975,778.7
2022-02-07,2 wk ahead inc flu hosp,2022-02-19,31,quantile,0.975,54.8
2022-02-07,2 wk ahead inc flu hosp,2022-02-19,49,quantile,0.975,14.4
2022-02-07,2 wk ahead inc flu hosp,2022-02-19,41,quantile,0.975,17.4
2022-02-07,2 wk ahead inc flu hosp,2022-02-19,12,quantile,0.975,141.9
2022-02-07,2 wk ahead inc flu hosp,2022-02-19,36,quantile,0.975,97.5
2022-02-07,2 wk ahead inc flu hosp,2022-02-19,44,quantile,0.975,8.4
2022-02-07,2 wk ahead inc flu hosp,2022-02-19,13,quantile,0.975,95.1
2022-02-07,2 wk ahead inc flu hosp,2022-02-19,33,quantile,0.975,15.3
2022-02-07,2 wk ahead inc flu hosp,2022-02-19,37,quantile,0.975,113.6
2022-02-07,2 wk ahead inc flu hosp,2022-02-19,34,quantile,0.975,77.1
2022-02-07,2 wk ahead inc flu hosp,2022-02-19,08,quantile,0.975,61.8
2022-02-07,2 wk ahead inc flu hosp,2022-02-19,24,quantile,0.975,38.9
2022-02-07,2 wk ahead inc flu hosp,2022-02-19,32,quantile,0.975,18.3
2022-02-07,2 wk ahead inc flu hosp,2022-02-19,47,quantile,0.975,93.6
2022-02-07,2 wk ahead inc flu hosp,2022-02-19,15,quantile,0.975,11.3
2022-02-07,2 wk ahead inc flu hosp,2022-02-19,18,quantile,0.975,98.5
2022-02-07,2 wk ahead inc flu hosp,2022-02-19,21,quantile,0.975,46.5
2022-02-07,2 wk ahead inc flu hosp,2022-02-19,27,quantile,0.975,52.6
2022-02-07,2 wk ahead inc flu hosp,2022-02-19,40,quantile,0.975,98.9
2022-02-07,2 wk ahead inc flu hosp,2022-02-19,42,quantile,0.975,154.5
2022-02-07,2 wk ahead inc flu hosp,2022-02-19,45,quantile,0.975,55
2022-02-07,2 wk ahead inc flu hosp,2022-02-19,11,quantile,0.975,10.6
2022-02-07,2 wk ahead inc flu hosp,2022-02-19,20,quantile,0.975,39.9
2022-02-07,2 wk ahead inc flu hosp,2022-02-19,29,quantile,0.975,78.3
2022-02-07,2 wk ahead inc flu hosp,2022-02-19,50,quantile,0.975,5
2022-02-07,2 wk ahead inc flu hosp,2022-02-19,51,quantile,0.975,73.5
2022-02-07,2 wk ahead inc flu hosp,2022-02-19,09,quantile,0.975,16.6
2022-02-07,2 wk ahead inc flu hosp,2022-02-19,19,quantile,0.975,79
2022-02-07,2 wk ahead inc flu hosp,2022-02-19,22,quantile,0.975,69.2
2022-02-07,2 wk ahead inc flu hosp,2022-02-19,39,quantile,0.975,85.1
2022-02-07,2 wk ahead inc flu hosp,2022-02-19,26,quantile,0.975,122.5
2022-02-07,2 wk ahead inc flu hosp,2022-02-19,46,quantile,0.975,24.5
2022-02-07,2 wk ahead inc flu hosp,2022-02-19,05,quantile,0.975,72.9
2022-02-07,2 wk ahead inc flu hosp,2022-02-19,10,quantile,0.975,11.2
2022-02-07,2 wk ahead inc flu hosp,2022-02-19,28,quantile,0.975,57.9
2022-02-07,2 wk ahead inc flu hosp,2022-02-19,35,quantile,0.975,28.9
2022-02-07,2 wk ahead inc flu hosp,2022-02-19,38,quantile,0.975,28.9
2022-02-07,2 wk ahead inc flu hosp,2022-02-19,56,quantile,0.975,8.4
2022-02-07,2 wk ahead inc flu hosp,2022-02-19,02,quantile,0.975,8.8
2022-02-07,2 wk ahead inc flu hosp,2022-02-19,23,quantile,0.975,17.8
2022-02-07,2 wk ahead inc flu hosp,2022-02-19,01,quantile,0.975,46.8
2022-02-07,2 wk ahead inc flu hosp,2022-02-19,16,quantile,0.975,13.9
2022-02-07,2 wk ahead inc flu hosp,2022-02-19,30,quantile,0.975,29.9
2022-02-07,2 wk ahead inc flu hosp,2022-02-19,72,quantile,0.975,43.4
2022-02-07,2 wk ahead inc flu hosp,2022-02-19,78,quantile,0.975,0.8
2022-02-07,2 wk ahead inc flu hosp,2022-02-19,54,quantile,0.975,16.7
2022-02-07,3 wk ahead inc flu hosp,2022-02-26,53,quantile,0.975,47.8
2022-02-07,3 wk ahead inc flu hosp,2022-02-26,17,quantile,0.975,99.4
2022-02-07,3 wk ahead inc flu hosp,2022-02-26,06,quantile,0.975,322.4
2022-02-07,3 wk ahead inc flu hosp,2022-02-26,04,quantile,0.975,94.6
2022-02-07,3 wk ahead inc flu hosp,2022-02-26,25,quantile,0.975,244.2
2022-02-07,3 wk ahead inc flu hosp,2022-02-26,55,quantile,0.975,72.6
2022-02-07,3 wk ahead inc flu hosp,2022-02-26,48,quantile,0.975,580.3
2022-02-07,3 wk ahead inc flu hosp,2022-02-26,31,quantile,0.975,33.3
2022-02-07,3 wk ahead inc flu hosp,2022-02-26,49,quantile,0.975,15.2
2022-02-07,3 wk ahead inc flu hosp,2022-02-26,41,quantile,0.975,38.2
2022-02-07,3 wk ahead inc flu hosp,2022-02-26,12,quantile,0.975,150.6
2022-02-07,3 wk ahead inc flu hosp,2022-02-26,36,quantile,0.975,120.8
2022-02-07,3 wk ahead inc flu hosp,2022-02-26,44,quantile,0.975,7.2
2022-02-07,3 wk ahead inc flu hosp,2022-02-26,13,quantile,0.975,168.9
2022-02-07,3 wk ahead inc flu hosp,2022-02-26,33,quantile,0.975,24.3
2022-02-07,3 wk ahead inc flu hosp,2022-02-26,37,quantile,0.975,119.8
2022-02-07,3 wk ahead inc flu hosp,2022-02-26,34,quantile,0.975,106.7
2022-02-07,3 wk ahead inc flu hosp,2022-02-26,08,quantile,0.975,61
2022-02-07,3 wk ahead inc flu hosp,2022-02-26,24,quantile,0.975,52.7
2022-02-07,3 wk ahead inc flu hosp,2022-02-26,32,quantile,0.975,37
2022-02-07,3 wk ahead inc flu hosp,2022-02-26,47,quantile,0.975,95.8
2022-02-07,3 wk ahead inc flu hosp,2022-02-26,15,quantile,0.975,14.2
2022-02-07,3 wk ahead inc flu hosp,2022-02-26,18,quantile,0.975,76
2022-02-07,3 wk ahead inc flu hosp,2022-02-26,21,quantile,0.975,73.9
2022-02-07,3 wk ahead inc flu hosp,2022-02-26,27,quantile,0.975,53.1
2022-02-07,3 wk ahead inc flu hosp,2022-02-26,40,quantile,0.975,93.1
2022-02-07,3 wk ahead inc flu hosp,2022-02-26,42,quantile,0.975,123.1
2022-02-07,3 wk ahead inc flu hosp,2022-02-26,45,quantile,0.975,68.9
2022-02-07,3 wk ahead inc flu hosp,2022-02-26,11,quantile,0.975,14.4
2022-02-07,3 wk ahead inc flu hosp,2022-02-26,20,quantile,0.975,32.9
2022-02-07,3 wk ahead inc flu hosp,2022-02-26,29,quantile,0.975,93.1
2022-02-07,3 wk ahead inc flu hosp,2022-02-26,50,quantile,0.975,6.2
2022-02-07,3 wk ahead inc flu hosp,2022-02-26,51,quantile,0.975,70.8
2022-02-07,3 wk ahead inc flu hosp,2022-02-26,09,quantile,0.975,36.7
2022-02-07,3 wk ahead inc flu hosp,2022-02-26,19,quantile,0.975,78
2022-02-07,3 wk ahead inc flu hosp,2022-02-26,22,quantile,0.975,83.3
2022-02-07,3 wk ahead inc flu hosp,2022-02-26,39,quantile,0.975,97.4
2022-02-07,3 wk ahead inc flu hosp,2022-02-26,26,quantile,0.975,220
2022-02-07,3 wk ahead inc flu hosp,2022-02-26,46,quantile,0.975,23.7
2022-02-07,3 wk ahead inc flu hosp,2022-02-26,05,quantile,0.975,52.5
2022-02-07,3 wk ahead inc flu hosp,2022-02-26,10,quantile,0.975,9.9
2022-02-07,3 wk ahead inc flu hosp,2022-02-26,28,quantile,0.975,41.1
2022-02-07,3 wk ahead inc flu hosp,2022-02-26,35,quantile,0.975,47.4
2022-02-07,3 wk ahead inc flu hosp,2022-02-26,38,quantile,0.975,20.5
2022-02-07,3 wk ahead inc flu hosp,2022-02-26,56,quantile,0.975,6.6
2022-02-07,3 wk ahead inc flu hosp,2022-02-26,02,quantile,0.975,6.6
2022-02-07,3 wk ahead inc flu hosp,2022-02-26,23,quantile,0.975,34.6
2022-02-07,3 wk ahead inc flu hosp,2022-02-26,01,quantile,0.975,57.1
2022-02-07,3 wk ahead inc flu hosp,2022-02-26,16,quantile,0.975,18.7
2022-02-07,3 wk ahead inc flu hosp,2022-02-26,30,quantile,0.975,23.4
2022-02-07,3 wk ahead inc flu hosp,2022-02-26,72,quantile,0.975,30.1
2022-02-07,3 wk ahead inc flu hosp,2022-02-26,78,quantile,0.975,1
2022-02-07,3 wk ahead inc flu hosp,2022-02-26,54,quantile,0.975,14.3
2022-02-07,4 wk ahead inc flu hosp,2022-03-05,53,quantile,0.975,157.9
2022-02-07,4 wk ahead inc flu hosp,2022-03-05,17,quantile,0.975,72.4
2022-02-07,4 wk ahead inc flu hosp,2022-03-05,06,quantile,0.975,192.8
2022-02-07,4 wk ahead inc flu hosp,2022-03-05,04,quantile,0.975,89.6
2022-02-07,4 wk ahead inc flu hosp,2022-03-05,25,quantile,0.975,187.6
2022-02-07,4 wk ahead inc flu hosp,2022-03-05,55,quantile,0.975,64
2022-02-07,4 wk ahead inc flu hosp,2022-03-05,48,quantile,0.975,549.2
2022-02-07,4 wk ahead inc flu hosp,2022-03-05,31,quantile,0.975,59.6
2022-02-07,4 wk ahead inc flu hosp,2022-03-05,49,quantile,0.975,20.7
2022-02-07,4 wk ahead inc flu hosp,2022-03-05,41,quantile,0.975,33.3
2022-02-07,4 wk ahead inc flu hosp,2022-03-05,12,quantile,0.975,235.3
2022-02-07,4 wk ahead inc flu hosp,2022-03-05,36,quantile,0.975,142.8
2022-02-07,4 wk ahead inc flu hosp,2022-03-05,44,quantile,0.975,8.3
2022-02-07,4 wk ahead inc flu hosp,2022-03-05,13,quantile,0.975,74.6
2022-02-07,4 wk ahead inc flu hosp,2022-03-05,33,quantile,0.975,16
2022-02-07,4 wk ahead inc flu hosp,2022-03-05,37,quantile,0.975,97.4
2022-02-07,4 wk ahead inc flu hosp,2022-03-05,34,quantile,0.975,76.6
2022-02-07,4 wk ahead inc flu hosp,2022-03-05,08,quantile,0.975,70.6
2022-02-07,4 wk ahead inc flu hosp,2022-03-05,24,quantile,0.975,69.5
2022-02-07,4 wk ahead inc flu hosp,2022-03-05,32,quantile,0.975,69.3
2022-02-07,4 wk ahead inc flu hosp,2022-03-05,47,quantile,0.975,99.7
2022-02-07,4 wk ahead inc flu hosp,2022-03-05,15,quantile,0.975,17
2022-02-07,4 wk ahead inc flu hosp,2022-03-05,18,quantile,0.975,69
2022-02-07,4 wk ahead inc flu hosp,2022-03-05,21,quantile,0.975,62.8
2022-02-07,4 wk ahead inc flu hosp,2022-03-05,27,quantile,0.975,49.3
2022-02-07,4 wk ahead inc flu hosp,2022-03-05,40,quantile,0.975,89.5
2022-02-07,4 wk ahead inc flu hosp,2022-03-05,42,quantile,0.975,174.8
2022-02-07,4 wk ahead inc flu hosp,2022-03-05,45,quantile,0.975,68.6
2022-02-07,4 wk ahead inc flu hosp,2022-03-05,11,quantile,0.975,25.4
2022-02-07,4 wk ahead inc flu hosp,2022-03-05,20,quantile,0.975,35.8
2022-02-07,4 wk ahead inc flu hosp,2022-03-05,29,quantile,0.975,121.4
2022-02-07,4 wk ahead inc flu hosp,2022-03-05,50,quantile,0.975,7.5
2022-02-07,4 wk ahead inc flu hosp,2022-03-05,51,quantile,0.975,67.7
2022-02-07,4 wk ahead inc flu hosp,2022-03-05,09,quantile,0.975,28.1
2022-02-07,4 wk ahead inc flu hosp,2022-03-05,19,quantile,0.975,74.7
2022-02-07,4 wk ahead inc flu hosp,2022-03-05,22,quantile,0.975,93.8
2022-02-07,4 wk ahead inc flu hosp,2022-03-05,39,quantile,0.975,122.4
2022-02-07,4 wk ahead inc flu hosp,2022-03-05,26,quantile,0.975,151.1
2022-02-07,4 wk ahead inc flu hosp,2022-03-05,46,quantile,0.975,26.7
2022-02-07,4 wk ahead inc flu hosp,2022-03-05,05,quantile,0.975,58.4
2022-02-07,4 wk ahead inc flu hosp,2022-03-05,10,quantile,0.975,7.7
2022-02-07,4 wk ahead inc flu hosp,2022-03-05,28,quantile,0.975,35.3
2022-02-07,4 wk ahead inc flu hosp,2022-03-05,35,quantile,0.975,56
2022-02-07,4 wk ahead inc flu hosp,2022-03-05,38,quantile,0.975,20.9
2022-02-07,4 wk ahead inc flu hosp,2022-03-05,56,quantile,0.975,5.9
2022-02-07,4 wk ahead inc flu hosp,2022-03-05,02,quantile,0.975,6.2
2022-02-07,4 wk ahead inc flu hosp,2022-03-05,23,quantile,0.975,41.9
2022-02-07,4 wk ahead inc flu hosp,2022-03-05,01,quantile,0.975,56.5
2022-02-07,4 wk ahead inc flu hosp,2022-03-05,16,quantile,0.975,12.8
2022-02-07,4 wk ahead inc flu hosp,2022-03-05,30,quantile,0.975,22.8
2022-02-07,4 wk ahead inc flu hosp,2022-03-05,72,quantile,0.975,48.3
2022-02-07,4 wk ahead inc flu hosp,2022-03-05,78,quantile,0.975,1.3
2022-02-07,4 wk ahead inc flu hosp,2022-03-05,54,quantile,0.975,18.5
2022-02-07,1 wk ahead inc flu hosp,2022-02-12,53,quantile,0.99,38.5
2022-02-07,1 wk ahead inc flu hosp,2022-02-12,17,quantile,0.99,105.3
2022-02-07,1 wk ahead inc flu hosp,2022-02-12,06,quantile,0.99,320.2
2022-02-07,1 wk ahead inc flu hosp,2022-02-12,04,quantile,0.99,139.4
2022-02-07,1 wk ahead inc flu hosp,2022-02-12,25,quantile,0.99,332.6
2022-02-07,1 wk ahead inc flu hosp,2022-02-12,55,quantile,0.99,70.5
2022-02-07,1 wk ahead inc flu hosp,2022-02-12,48,quantile,0.99,882.3
2022-02-07,1 wk ahead inc flu hosp,2022-02-12,31,quantile,0.99,76.3
2022-02-07,1 wk ahead inc flu hosp,2022-02-12,49,quantile,0.99,20.6
2022-02-07,1 wk ahead inc flu hosp,2022-02-12,41,quantile,0.99,12.1
2022-02-07,1 wk ahead inc flu hosp,2022-02-12,12,quantile,0.99,200.4
2022-02-07,1 wk ahead inc flu hosp,2022-02-12,36,quantile,0.99,131.4
2022-02-07,1 wk ahead inc flu hosp,2022-02-12,44,quantile,0.99,11.8
2022-02-07,1 wk ahead inc flu hosp,2022-02-12,13,quantile,0.99,107.5
2022-02-07,1 wk ahead inc flu hosp,2022-02-12,33,quantile,0.99,14.7
2022-02-07,1 wk ahead inc flu hosp,2022-02-12,37,quantile,0.99,127.3
2022-02-07,1 wk ahead inc flu hosp,2022-02-12,34,quantile,0.99,111.4
2022-02-07,1 wk ahead inc flu hosp,2022-02-12,08,quantile,0.99,60
2022-02-07,1 wk ahead inc flu hosp,2022-02-12,24,quantile,0.99,44.6
2022-02-07,1 wk ahead inc flu hosp,2022-02-12,32,quantile,0.99,20.2
2022-02-07,1 wk ahead inc flu hosp,2022-02-12,47,quantile,0.99,134.8
2022-02-07,1 wk ahead inc flu hosp,2022-02-12,15,quantile,0.99,15.6
2022-02-07,1 wk ahead inc flu hosp,2022-02-12,18,quantile,0.99,95.9
2022-02-07,1 wk ahead inc flu hosp,2022-02-12,21,quantile,0.99,64.8
2022-02-07,1 wk ahead inc flu hosp,2022-02-12,27,quantile,0.99,73.3
2022-02-07,1 wk ahead inc flu hosp,2022-02-12,40,quantile,0.99,127.1
2022-02-07,1 wk ahead inc flu hosp,2022-02-12,42,quantile,0.99,151.6
2022-02-07,1 wk ahead inc flu hosp,2022-02-12,45,quantile,0.99,51
2022-02-07,1 wk ahead inc flu hosp,2022-02-12,11,quantile,0.99,6.5
2022-02-07,1 wk ahead inc flu hosp,2022-02-12,20,quantile,0.99,56.9
2022-02-07,1 wk ahead inc flu hosp,2022-02-12,29,quantile,0.99,103.5
2022-02-07,1 wk ahead inc flu hosp,2022-02-12,50,quantile,0.99,6.9
2022-02-07,1 wk ahead inc flu hosp,2022-02-12,51,quantile,0.99,57.4
2022-02-07,1 wk ahead inc flu hosp,2022-02-12,09,quantile,0.99,20.7
2022-02-07,1 wk ahead inc flu hosp,2022-02-12,19,quantile,0.99,98.4
2022-02-07,1 wk ahead inc flu hosp,2022-02-12,22,quantile,0.99,74.7
2022-02-07,1 wk ahead inc flu hosp,2022-02-12,39,quantile,0.99,155.8
2022-02-07,1 wk ahead inc flu hosp,2022-02-12,26,quantile,0.99,108.9
2022-02-07,1 wk ahead inc flu hosp,2022-02-12,46,quantile,0.99,29
2022-02-07,1 wk ahead inc flu hosp,2022-02-12,05,quantile,0.99,79
2022-02-07,1 wk ahead inc flu hosp,2022-02-12,10,quantile,0.99,13
2022-02-07,1 wk ahead inc flu hosp,2022-02-12,28,quantile,0.99,67.7
2022-02-07,1 wk ahead inc flu hosp,2022-02-12,35,quantile,0.99,23.8
2022-02-07,1 wk ahead inc flu hosp,2022-02-12,38,quantile,0.99,30.3
2022-02-07,1 wk ahead inc flu hosp,2022-02-12,56,quantile,0.99,12.2
2022-02-07,1 wk ahead inc flu hosp,2022-02-12,02,quantile,0.99,15.3
2022-02-07,1 wk ahead inc flu hosp,2022-02-12,23,quantile,0.99,20.7
2022-02-07,1 wk ahead inc flu hosp,2022-02-12,01,quantile,0.99,54.3
2022-02-07,1 wk ahead inc flu hosp,2022-02-12,16,quantile,0.99,15.5
2022-02-07,1 wk ahead inc flu hosp,2022-02-12,30,quantile,0.99,28.7
2022-02-07,1 wk ahead inc flu hosp,2022-02-12,72,quantile,0.99,43.3
2022-02-07,1 wk ahead inc flu hosp,2022-02-12,78,quantile,0.99,1.2
2022-02-07,1 wk ahead inc flu hosp,2022-02-12,54,quantile,0.99,16
2022-02-07,2 wk ahead inc flu hosp,2022-02-19,53,quantile,0.99,41.6
2022-02-07,2 wk ahead inc flu hosp,2022-02-19,17,quantile,0.99,118.7
2022-02-07,2 wk ahead inc flu hosp,2022-02-19,06,quantile,0.99,388.5
2022-02-07,2 wk ahead inc flu hosp,2022-02-19,04,quantile,0.99,155.6
2022-02-07,2 wk ahead inc flu hosp,2022-02-19,25,quantile,0.99,309.7
2022-02-07,2 wk ahead inc flu hosp,2022-02-19,55,quantile,0.99,80.9
2022-02-07,2 wk ahead inc flu hosp,2022-02-19,48,quantile,0.99,781.5
2022-02-07,2 wk ahead inc flu hosp,2022-02-19,31,quantile,0.99,57.3
2022-02-07,2 wk ahead inc flu hosp,2022-02-19,49,quantile,0.99,15.4
2022-02-07,2 wk ahead inc flu hosp,2022-02-19,41,quantile,0.99,28.9
2022-02-07,2 wk ahead inc flu hosp,2022-02-19,12,quantile,0.99,176.9
2022-02-07,2 wk ahead inc flu hosp,2022-02-19,36,quantile,0.99,129.4
2022-02-07,2 wk ahead inc flu hosp,2022-02-19,44,quantile,0.99,11.8
2022-02-07,2 wk ahead inc flu hosp,2022-02-19,13,quantile,0.99,127.5
2022-02-07,2 wk ahead inc flu hosp,2022-02-19,33,quantile,0.99,16
2022-02-07,2 wk ahead inc flu hosp,2022-02-19,37,quantile,0.99,132.3
2022-02-07,2 wk ahead inc flu hosp,2022-02-19,34,quantile,0.99,87.9
2022-02-07,2 wk ahead inc flu hosp,2022-02-19,08,quantile,0.99,63.6
2022-02-07,2 wk ahead inc flu hosp,2022-02-19,24,quantile,0.99,46.1
2022-02-07,2 wk ahead inc flu hosp,2022-02-19,32,quantile,0.99,30.2
2022-02-07,2 wk ahead inc flu hosp,2022-02-19,47,quantile,0.99,117.4
2022-02-07,2 wk ahead inc flu hosp,2022-02-19,15,quantile,0.99,17
2022-02-07,2 wk ahead inc flu hosp,2022-02-19,18,quantile,0.99,130.9
2022-02-07,2 wk ahead inc flu hosp,2022-02-19,21,quantile,0.99,65.3
2022-02-07,2 wk ahead inc flu hosp,2022-02-19,27,quantile,0.99,66.9
2022-02-07,2 wk ahead inc flu hosp,2022-02-19,40,quantile,0.99,120.3
2022-02-07,2 wk ahead inc flu hosp,2022-02-19,42,quantile,0.99,174.5
2022-02-07,2 wk ahead inc flu hosp,2022-02-19,45,quantile,0.99,64.4
2022-02-07,2 wk ahead inc flu hosp,2022-02-19,11,quantile,0.99,11.8
2022-02-07,2 wk ahead inc flu hosp,2022-02-19,20,quantile,0.99,44.9
2022-02-07,2 wk ahead inc flu hosp,2022-02-19,29,quantile,0.99,118.3
2022-02-07,2 wk ahead inc flu hosp,2022-02-19,50,quantile,0.99,7.5
2022-02-07,2 wk ahead inc flu hosp,2022-02-19,51,quantile,0.99,87.1
2022-02-07,2 wk ahead inc flu hosp,2022-02-19,09,quantile,0.99,27.4
2022-02-07,2 wk ahead inc flu hosp,2022-02-19,19,quantile,0.99,94.8
2022-02-07,2 wk ahead inc flu hosp,2022-02-19,22,quantile,0.99,98.8
2022-02-07,2 wk ahead inc flu hosp,2022-02-19,39,quantile,0.99,113.3
2022-02-07,2 wk ahead inc flu hosp,2022-02-19,26,quantile,0.99,157.6
2022-02-07,2 wk ahead inc flu hosp,2022-02-19,46,quantile,0.99,27.5
2022-02-07,2 wk ahead inc flu hosp,2022-02-19,05,quantile,0.99,109.5
2022-02-07,2 wk ahead inc flu hosp,2022-02-19,10,quantile,0.99,12.1
2022-02-07,2 wk ahead inc flu hosp,2022-02-19,28,quantile,0.99,65.9
2022-02-07,2 wk ahead inc flu hosp,2022-02-19,35,quantile,0.99,33.5
2022-02-07,2 wk ahead inc flu hosp,2022-02-19,38,quantile,0.99,30.7
2022-02-07,2 wk ahead inc flu hosp,2022-02-19,56,quantile,0.99,9.2
2022-02-07,2 wk ahead inc flu hosp,2022-02-19,02,quantile,0.99,9.1
2022-02-07,2 wk ahead inc flu hosp,2022-02-19,23,quantile,0.99,24.1
2022-02-07,2 wk ahead inc flu hosp,2022-02-19,01,quantile,0.99,57.7
2022-02-07,2 wk ahead inc flu hosp,2022-02-19,16,quantile,0.99,18.7
2022-02-07,2 wk ahead inc flu hosp,2022-02-19,30,quantile,0.99,30
2022-02-07,2 wk ahead inc flu hosp,2022-02-19,72,quantile,0.99,50.7
2022-02-07,2 wk ahead inc flu hosp,2022-02-19,78,quantile,0.99,1.3
2022-02-07,2 wk ahead inc flu hosp,2022-02-19,54,quantile,0.99,20.9
2022-02-07,3 wk ahead inc flu hosp,2022-02-26,53,quantile,0.99,62.3
2022-02-07,3 wk ahead inc flu hosp,2022-02-26,17,quantile,0.99,130.9
2022-02-07,3 wk ahead inc flu hosp,2022-02-26,06,quantile,0.99,446.3
2022-02-07,3 wk ahead inc flu hosp,2022-02-26,04,quantile,0.99,114.7
2022-02-07,3 wk ahead inc flu hosp,2022-02-26,25,quantile,0.99,250.2
2022-02-07,3 wk ahead inc flu hosp,2022-02-26,55,quantile,0.99,82.1
2022-02-07,3 wk ahead inc flu hosp,2022-02-26,48,quantile,0.99,622.7
2022-02-07,3 wk ahead inc flu hosp,2022-02-26,31,quantile,0.99,37.7
2022-02-07,3 wk ahead inc flu hosp,2022-02-26,49,quantile,0.99,16.2
2022-02-07,3 wk ahead inc flu hosp,2022-02-26,41,quantile,0.99,51.1
2022-02-07,3 wk ahead inc flu hosp,2022-02-26,12,quantile,0.99,183.1
2022-02-07,3 wk ahead inc flu hosp,2022-02-26,36,quantile,0.99,169.6
2022-02-07,3 wk ahead inc flu hosp,2022-02-26,44,quantile,0.99,11
2022-02-07,3 wk ahead inc flu hosp,2022-02-26,13,quantile,0.99,180.6
2022-02-07,3 wk ahead inc flu hosp,2022-02-26,33,quantile,0.99,29.4
2022-02-07,3 wk ahead inc flu hosp,2022-02-26,37,quantile,0.99,152
2022-02-07,3 wk ahead inc flu hosp,2022-02-26,34,quantile,0.99,127.8
2022-02-07,3 wk ahead inc flu hosp,2022-02-26,08,quantile,0.99,80.6
2022-02-07,3 wk ahead inc flu hosp,2022-02-26,24,quantile,0.99,58.9
2022-02-07,3 wk ahead inc flu hosp,2022-02-26,32,quantile,0.99,37.1
2022-02-07,3 wk ahead inc flu hosp,2022-02-26,47,quantile,0.99,107.6
2022-02-07,3 wk ahead inc flu hosp,2022-02-26,15,quantile,0.99,26.9
2022-02-07,3 wk ahead inc flu hosp,2022-02-26,18,quantile,0.99,105.3
2022-02-07,3 wk ahead inc flu hosp,2022-02-26,21,quantile,0.99,78.8
2022-02-07,3 wk ahead inc flu hosp,2022-02-26,27,quantile,0.99,61.1
2022-02-07,3 wk ahead inc flu hosp,2022-02-26,40,quantile,0.99,122.1
2022-02-07,3 wk ahead inc flu hosp,2022-02-26,42,quantile,0.99,158.3
2022-02-07,3 wk ahead inc flu hosp,2022-02-26,45,quantile,0.99,80
2022-02-07,3 wk ahead inc flu hosp,2022-02-26,11,quantile,0.99,21.7
2022-02-07,3 wk ahead inc flu hosp,2022-02-26,20,quantile,0.99,41.4
2022-02-07,3 wk ahead inc flu hosp,2022-02-26,29,quantile,0.99,118.8
2022-02-07,3 wk ahead inc flu hosp,2022-02-26,50,quantile,0.99,11.9
2022-02-07,3 wk ahead inc flu hosp,2022-02-26,51,quantile,0.99,90
2022-02-07,3 wk ahead inc flu hosp,2022-02-26,09,quantile,0.99,41.3
2022-02-07,3 wk ahead inc flu hosp,2022-02-26,19,quantile,0.99,101.4
2022-02-07,3 wk ahead inc flu hosp,2022-02-26,22,quantile,0.99,94.3
2022-02-07,3 wk ahead inc flu hosp,2022-02-26,39,quantile,0.99,118.6
2022-02-07,3 wk ahead inc flu hosp,2022-02-26,26,quantile,0.99,279.6
2022-02-07,3 wk ahead inc flu hosp,2022-02-26,46,quantile,0.99,24.2
2022-02-07,3 wk ahead inc flu hosp,2022-02-26,05,quantile,0.99,54.9
2022-02-07,3 wk ahead inc flu hosp,2022-02-26,10,quantile,0.99,12.6
2022-02-07,3 wk ahead inc flu hosp,2022-02-26,28,quantile,0.99,57.6
2022-02-07,3 wk ahead inc flu hosp,2022-02-26,35,quantile,0.99,65.7
2022-02-07,3 wk ahead inc flu hosp,2022-02-26,38,quantile,0.99,23
2022-02-07,3 wk ahead inc flu hosp,2022-02-26,56,quantile,0.99,6.8
2022-02-07,3 wk ahead inc flu hosp,2022-02-26,02,quantile,0.99,7.7
2022-02-07,3 wk ahead inc flu hosp,2022-02-26,23,quantile,0.99,46.6
2022-02-07,3 wk ahead inc flu hosp,2022-02-26,01,quantile,0.99,90.8
2022-02-07,3 wk ahead inc flu hosp,2022-02-26,16,quantile,0.99,24.7
2022-02-07,3 wk ahead inc flu hosp,2022-02-26,30,quantile,0.99,25.2
2022-02-07,3 wk ahead inc flu hosp,2022-02-26,72,quantile,0.99,40.3
2022-02-07,3 wk ahead inc flu hosp,2022-02-26,78,quantile,0.99,2
2022-02-07,3 wk ahead inc flu hosp,2022-02-26,54,quantile,0.99,17.8
2022-02-07,4 wk ahead inc flu hosp,2022-03-05,53,quantile,0.99,171.1
2022-02-07,4 wk ahead inc flu hosp,2022-03-05,17,quantile,0.99,101
2022-02-07,4 wk ahead inc flu hosp,2022-03-05,06,quantile,0.99,268.4
2022-02-07,4 wk ahead inc flu hosp,2022-03-05,04,quantile,0.99,113.1
2022-02-07,4 wk ahead inc flu hosp,2022-03-05,25,quantile,0.99,192.6
2022-02-07,4 wk ahead inc flu hosp,2022-03-05,55,quantile,0.99,125.5
2022-02-07,4 wk ahead inc flu hosp,2022-03-05,48,quantile,0.99,656.5
2022-02-07,4 wk ahead inc flu hosp,2022-03-05,31,quantile,0.99,63.8
2022-02-07,4 wk ahead inc flu hosp,2022-03-05,49,quantile,0.99,24.6
2022-02-07,4 wk ahead inc flu hosp,2022-03-05,41,quantile,0.99,33.5
2022-02-07,4 wk ahead inc flu hosp,2022-03-05,12,quantile,0.99,280.7
2022-02-07,4 wk ahead inc flu hosp,2022-03-05,36,quantile,0.99,183
2022-02-07,4 wk ahead inc flu hosp,2022-03-05,44,quantile,0.99,8.4
2022-02-07,4 wk ahead inc flu hosp,2022-03-05,13,quantile,0.99,205
2022-02-07,4 wk ahead inc flu hosp,2022-03-05,33,quantile,0.99,17.6
2022-02-07,4 wk ahead inc flu hosp,2022-03-05,37,quantile,0.99,122.5
2022-02-07,4 wk ahead inc flu hosp,2022-03-05,34,quantile,0.99,92.3
2022-02-07,4 wk ahead inc flu hosp,2022-03-05,08,quantile,0.99,125.6
2022-02-07,4 wk ahead inc flu hosp,2022-03-05,24,quantile,0.99,81.5
2022-02-07,4 wk ahead inc flu hosp,2022-03-05,32,quantile,0.99,81
2022-02-07,4 wk ahead inc flu hosp,2022-03-05,47,quantile,0.99,133
2022-02-07,4 wk ahead inc flu hosp,2022-03-05,15,quantile,0.99,43.9
2022-02-07,4 wk ahead inc flu hosp,2022-03-05,18,quantile,0.99,82.9
2022-02-07,4 wk ahead inc flu hosp,2022-03-05,21,quantile,0.99,86.3
2022-02-07,4 wk ahead inc flu hosp,2022-03-05,27,quantile,0.99,55.1
2022-02-07,4 wk ahead inc flu hosp,2022-03-05,40,quantile,0.99,95
2022-02-07,4 wk ahead inc flu hosp,2022-03-05,42,quantile,0.99,217.6
2022-02-07,4 wk ahead inc flu hosp,2022-03-05,45,quantile,0.99,92.8
2022-02-07,4 wk ahead inc flu hosp,2022-03-05,11,quantile,0.99,25.4
2022-02-07,4 wk ahead inc flu hosp,2022-03-05,20,quantile,0.99,40.7
2022-02-07,4 wk ahead inc flu hosp,2022-03-05,29,quantile,0.99,137.4
2022-02-07,4 wk ahead inc flu hosp,2022-03-05,50,quantile,0.99,19.3
2022-02-07,4 wk ahead inc flu hosp,2022-03-05,51,quantile,0.99,95.5
2022-02-07,4 wk ahead inc flu hosp,2022-03-05,09,quantile,0.99,28.3
2022-02-07,4 wk ahead inc flu hosp,2022-03-05,19,quantile,0.99,78.9
2022-02-07,4 wk ahead inc flu hosp,2022-03-05,22,quantile,0.99,101.3
2022-02-07,4 wk ahead inc flu hosp,2022-03-05,39,quantile,0.99,148.7
2022-02-07,4 wk ahead inc flu hosp,2022-03-05,26,quantile,0.99,191.6
2022-02-07,4 wk ahead inc flu hosp,2022-03-05,46,quantile,0.99,28.7
2022-02-07,4 wk ahead inc flu hosp,2022-03-05,05,quantile,0.99,67.5
2022-02-07,4 wk ahead inc flu hosp,2022-03-05,10,quantile,0.99,7.8
2022-02-07,4 wk ahead inc flu hosp,2022-03-05,28,quantile,0.99,39.9
2022-02-07,4 wk ahead inc flu hosp,2022-03-05,35,quantile,0.99,56
2022-02-07,4 wk ahead inc flu hosp,2022-03-05,38,quantile,0.99,21.3
2022-02-07,4 wk ahead inc flu hosp,2022-03-05,56,quantile,0.99,6.6
2022-02-07,4 wk ahead inc flu hosp,2022-03-05,02,quantile,0.99,10
2022-02-07,4 wk ahead inc flu hosp,2022-03-05,23,quantile,0.99,42.8
2022-02-07,4 wk ahead inc flu hosp,2022-03-05,01,quantile,0.99,67.5
2022-02-07,4 wk ahead inc flu hosp,2022-03-05,16,quantile,0.99,14.2
2022-02-07,4 wk ahead inc flu hosp,2022-03-05,30,quantile,0.99,23.4
2022-02-07,4 wk ahead inc flu hosp,2022-03-05,72,quantile,0.99,55.2
2022-02-07,4 wk ahead inc flu hosp,2022-03-05,78,quantile,0.99,3.3
2022-02-07,4 wk ahead inc flu hosp,2022-03-05,54,quantile,0.99,22.5
2022-02-07,1 wk ahead inc flu hosp,2022-02-12,53,point,NA,9.2
2022-02-07,1 wk ahead inc flu hosp,2022-02-12,17,point,NA,21.3
2022-02-07,1 wk ahead inc flu hosp,2022-02-12,06,point,NA,34.9
2022-02-07,1 wk ahead inc flu hosp,2022-02-12,04,point,NA,33
2022-02-07,1 wk ahead inc flu hosp,2022-02-12,25,point,NA,112.1
2022-02-07,1 wk ahead inc flu hosp,2022-02-12,55,point,NA,21.5
2022-02-07,1 wk ahead inc flu hosp,2022-02-12,48,point,NA,269.8
2022-02-07,1 wk ahead inc flu hosp,2022-02-12,31,point,NA,20.3
2022-02-07,1 wk ahead inc flu hosp,2022-02-12,49,point,NA,4.3
2022-02-07,1 wk ahead inc flu hosp,2022-02-12,41,point,NA,1.6
2022-02-07,1 wk ahead inc flu hosp,2022-02-12,12,point,NA,72.3
2022-02-07,1 wk ahead inc flu hosp,2022-02-12,36,point,NA,26
2022-02-07,1 wk ahead inc flu hosp,2022-02-12,44,point,NA,2.5
2022-02-07,1 wk ahead inc flu hosp,2022-02-12,13,point,NA,35.6
2022-02-07,1 wk ahead inc flu hosp,2022-02-12,33,point,NA,6.8
2022-02-07,1 wk ahead inc flu hosp,2022-02-12,37,point,NA,31.2
2022-02-07,1 wk ahead inc flu hosp,2022-02-12,34,point,NA,35.5
2022-02-07,1 wk ahead inc flu hosp,2022-02-12,08,point,NA,27.8
2022-02-07,1 wk ahead inc flu hosp,2022-02-12,24,point,NA,12.5
2022-02-07,1 wk ahead inc flu hosp,2022-02-12,32,point,NA,6.2
2022-02-07,1 wk ahead inc flu hosp,2022-02-12,47,point,NA,38.1
2022-02-07,1 wk ahead inc flu hosp,2022-02-12,15,point,NA,2.3
2022-02-07,1 wk ahead inc flu hosp,2022-02-12,18,point,NA,36.8
2022-02-07,1 wk ahead inc flu hosp,2022-02-12,21,point,NA,20.4
2022-02-07,1 wk ahead inc flu hosp,2022-02-12,27,point,NA,37.7
2022-02-07,1 wk ahead inc flu hosp,2022-02-12,40,point,NA,56.2
2022-02-07,1 wk ahead inc flu hosp,2022-02-12,42,point,NA,51.8
2022-02-07,1 wk ahead inc flu hosp,2022-02-12,45,point,NA,21
2022-02-07,1 wk ahead inc flu hosp,2022-02-12,11,point,NA,0.9
2022-02-07,1 wk ahead inc flu hosp,2022-02-12,20,point,NA,19.1
2022-02-07,1 wk ahead inc flu hosp,2022-02-12,29,point,NA,35.4
2022-02-07,1 wk ahead inc flu hosp,2022-02-12,50,point,NA,1
2022-02-07,1 wk ahead inc flu hosp,2022-02-12,51,point,NA,32.2
2022-02-07,1 wk ahead inc flu hosp,2022-02-12,09,point,NA,2.3
2022-02-07,1 wk ahead inc flu hosp,2022-02-12,19,point,NA,41.3
2022-02-07,1 wk ahead inc flu hosp,2022-02-12,22,point,NA,27.1
2022-02-07,1 wk ahead inc flu hosp,2022-02-12,39,point,NA,34.1
2022-02-07,1 wk ahead inc flu hosp,2022-02-12,26,point,NA,32
2022-02-07,1 wk ahead inc flu hosp,2022-02-12,46,point,NA,10.6
2022-02-07,1 wk ahead inc flu hosp,2022-02-12,05,point,NA,23.2
2022-02-07,1 wk ahead inc flu hosp,2022-02-12,10,point,NA,4.5
2022-02-07,1 wk ahead inc flu hosp,2022-02-12,28,point,NA,12.8
2022-02-07,1 wk ahead inc flu hosp,2022-02-12,35,point,NA,10.2
2022-02-07,1 wk ahead inc flu hosp,2022-02-12,38,point,NA,11.9
2022-02-07,1 wk ahead inc flu hosp,2022-02-12,56,point,NA,5.1
2022-02-07,1 wk ahead inc flu hosp,2022-02-12,02,point,NA,4
2022-02-07,1 wk ahead inc flu hosp,2022-02-12,23,point,NA,6.1
2022-02-07,1 wk ahead inc flu hosp,2022-02-12,01,point,NA,15.5
2022-02-07,1 wk ahead inc flu hosp,2022-02-12,16,point,NA,1.3
2022-02-07,1 wk ahead inc flu hosp,2022-02-12,30,point,NA,9.9
2022-02-07,1 wk ahead inc flu hosp,2022-02-12,72,point,NA,15.8
2022-02-07,1 wk ahead inc flu hosp,2022-02-12,78,point,NA,0.2
2022-02-07,1 wk ahead inc flu hosp,2022-02-12,54,point,NA,6.4
2022-02-07,2 wk ahead inc flu hosp,2022-02-19,53,point,NA,9.3
2022-02-07,2 wk ahead inc flu hosp,2022-02-19,17,point,NA,26
2022-02-07,2 wk ahead inc flu hosp,2022-02-19,06,point,NA,65.2
2022-02-07,2 wk ahead inc flu hosp,2022-02-19,04,point,NA,49.1
2022-02-07,2 wk ahead inc flu hosp,2022-02-19,25,point,NA,94.1
2022-02-07,2 wk ahead inc flu hosp,2022-02-19,55,point,NA,20.6
2022-02-07,2 wk ahead inc flu hosp,2022-02-19,48,point,NA,232.1
2022-02-07,2 wk ahead inc flu hosp,2022-02-19,31,point,NA,35.5
2022-02-07,2 wk ahead inc flu hosp,2022-02-19,49,point,NA,6.2
2022-02-07,2 wk ahead inc flu hosp,2022-02-19,41,point,NA,2.3
2022-02-07,2 wk ahead inc flu hosp,2022-02-19,12,point,NA,60.1
2022-02-07,2 wk ahead inc flu hosp,2022-02-19,36,point,NA,25.1
2022-02-07,2 wk ahead inc flu hosp,2022-02-19,44,point,NA,1.4
2022-02-07,2 wk ahead inc flu hosp,2022-02-19,13,point,NA,27.5
2022-02-07,2 wk ahead inc flu hosp,2022-02-19,33,point,NA,6
2022-02-07,2 wk ahead inc flu hosp,2022-02-19,37,point,NA,42.3
2022-02-07,2 wk ahead inc flu hosp,2022-02-19,34,point,NA,27
2022-02-07,2 wk ahead inc flu hosp,2022-02-19,08,point,NA,21
2022-02-07,2 wk ahead inc flu hosp,2022-02-19,24,point,NA,12.4
2022-02-07,2 wk ahead inc flu hosp,2022-02-19,32,point,NA,6.7
2022-02-07,2 wk ahead inc flu hosp,2022-02-19,47,point,NA,30.7
2022-02-07,2 wk ahead inc flu hosp,2022-02-19,15,point,NA,1.1
2022-02-07,2 wk ahead inc flu hosp,2022-02-19,18,point,NA,32.8
2022-02-07,2 wk ahead inc flu hosp,2022-02-19,21,point,NA,13.7
2022-02-07,2 wk ahead inc flu hosp,2022-02-19,27,point,NA,29
2022-02-07,2 wk ahead inc flu hosp,2022-02-19,40,point,NA,57.7
2022-02-07,2 wk ahead inc flu hosp,2022-02-19,42,point,NA,59.8
2022-02-07,2 wk ahead inc flu hosp,2022-02-19,45,point,NA,22.8
2022-02-07,2 wk ahead inc flu hosp,2022-02-19,11,point,NA,1.6
2022-02-07,2 wk ahead inc flu hosp,2022-02-19,20,point,NA,16.8
2022-02-07,2 wk ahead inc flu hosp,2022-02-19,29,point,NA,37.7
2022-02-07,2 wk ahead inc flu hosp,2022-02-19,50,point,NA,0.5
2022-02-07,2 wk ahead inc flu hosp,2022-02-19,51,point,NA,32.5
2022-02-07,2 wk ahead inc flu hosp,2022-02-19,09,point,NA,3.6
2022-02-07,2 wk ahead inc flu hosp,2022-02-19,19,point,NA,43
2022-02-07,2 wk ahead inc flu hosp,2022-02-19,22,point,NA,29.2
2022-02-07,2 wk ahead inc flu hosp,2022-02-19,39,point,NA,31.2
2022-02-07,2 wk ahead inc flu hosp,2022-02-19,26,point,NA,41.7
2022-02-07,2 wk ahead inc flu hosp,2022-02-19,46,point,NA,10
2022-02-07,2 wk ahead inc flu hosp,2022-02-19,05,point,NA,30
2022-02-07,2 wk ahead inc flu hosp,2022-02-19,10,point,NA,3.1
2022-02-07,2 wk ahead inc flu hosp,2022-02-19,28,point,NA,16.5
2022-02-07,2 wk ahead inc flu hosp,2022-02-19,35,point,NA,10.4
2022-02-07,2 wk ahead inc flu hosp,2022-02-19,38,point,NA,11
2022-02-07,2 wk ahead inc flu hosp,2022-02-19,56,point,NA,3.4
2022-02-07,2 wk ahead inc flu hosp,2022-02-19,02,point,NA,5.4
2022-02-07,2 wk ahead inc flu hosp,2022-02-19,23,point,NA,6.5
2022-02-07,2 wk ahead inc flu hosp,2022-02-19,01,point,NA,9.8
2022-02-07,2 wk ahead inc flu hosp,2022-02-19,16,point,NA,2.4
2022-02-07,2 wk ahead inc flu hosp,2022-02-19,30,point,NA,12.4
2022-02-07,2 wk ahead inc flu hosp,2022-02-19,72,point,NA,10.5
2022-02-07,2 wk ahead inc flu hosp,2022-02-19,78,point,NA,0.1
2022-02-07,2 wk ahead inc flu hosp,2022-02-19,54,point,NA,4.6
2022-02-07,3 wk ahead inc flu hosp,2022-02-26,53,point,NA,16.8
2022-02-07,3 wk ahead inc flu hosp,2022-02-26,17,point,NA,28.4
2022-02-07,3 wk ahead inc flu hosp,2022-02-26,06,point,NA,54.6
2022-02-07,3 wk ahead inc flu hosp,2022-02-26,04,point,NA,39.3
2022-02-07,3 wk ahead inc flu hosp,2022-02-26,25,point,NA,85.4
2022-02-07,3 wk ahead inc flu hosp,2022-02-26,55,point,NA,30.5
2022-02-07,3 wk ahead inc flu hosp,2022-02-26,48,point,NA,184.8
2022-02-07,3 wk ahead inc flu hosp,2022-02-26,31,point,NA,11
2022-02-07,3 wk ahead inc flu hosp,2022-02-26,49,point,NA,4
2022-02-07,3 wk ahead inc flu hosp,2022-02-26,41,point,NA,6.2
2022-02-07,3 wk ahead inc flu hosp,2022-02-26,12,point,NA,61.9
2022-02-07,3 wk ahead inc flu hosp,2022-02-26,36,point,NA,22.8
2022-02-07,3 wk ahead inc flu hosp,2022-02-26,44,point,NA,1.4
2022-02-07,3 wk ahead inc flu hosp,2022-02-26,13,point,NA,41.4
2022-02-07,3 wk ahead inc flu hosp,2022-02-26,33,point,NA,5.5
2022-02-07,3 wk ahead inc flu hosp,2022-02-26,37,point,NA,41
2022-02-07,3 wk ahead inc flu hosp,2022-02-26,34,point,NA,36.9
2022-02-07,3 wk ahead inc flu hosp,2022-02-26,08,point,NA,16.9
2022-02-07,3 wk ahead inc flu hosp,2022-02-26,24,point,NA,15.8
2022-02-07,3 wk ahead inc flu hosp,2022-02-26,32,point,NA,9
2022-02-07,3 wk ahead inc flu hosp,2022-02-26,47,point,NA,21.5
2022-02-07,3 wk ahead inc flu hosp,2022-02-26,15,point,NA,1.4
2022-02-07,3 wk ahead inc flu hosp,2022-02-26,18,point,NA,22.1
2022-02-07,3 wk ahead inc flu hosp,2022-02-26,21,point,NA,23.7
2022-02-07,3 wk ahead inc flu hosp,2022-02-26,27,point,NA,28.6
2022-02-07,3 wk ahead inc flu hosp,2022-02-26,40,point,NA,29.3
2022-02-07,3 wk ahead inc flu hosp,2022-02-26,42,point,NA,40.3
2022-02-07,3 wk ahead inc flu hosp,2022-02-26,45,point,NA,25.9
2022-02-07,3 wk ahead inc flu hosp,2022-02-26,11,point,NA,3.3
2022-02-07,3 wk ahead inc flu hosp,2022-02-26,20,point,NA,12.4
2022-02-07,3 wk ahead inc flu hosp,2022-02-26,29,point,NA,34.7
2022-02-07,3 wk ahead inc flu hosp,2022-02-26,50,point,NA,0.6
2022-02-07,3 wk ahead inc flu hosp,2022-02-26,51,point,NA,26.7
2022-02-07,3 wk ahead inc flu hosp,2022-02-26,09,point,NA,6.2
2022-02-07,3 wk ahead inc flu hosp,2022-02-26,19,point,NA,27.3
2022-02-07,3 wk ahead inc flu hosp,2022-02-26,22,point,NA,40.2
2022-02-07,3 wk ahead inc flu hosp,2022-02-26,39,point,NA,40.2
2022-02-07,3 wk ahead inc flu hosp,2022-02-26,26,point,NA,42.3
2022-02-07,3 wk ahead inc flu hosp,2022-02-26,46,point,NA,9.9
2022-02-07,3 wk ahead inc flu hosp,2022-02-26,05,point,NA,17
2022-02-07,3 wk ahead inc flu hosp,2022-02-26,10,point,NA,2.1
2022-02-07,3 wk ahead inc flu hosp,2022-02-26,28,point,NA,12.3
2022-02-07,3 wk ahead inc flu hosp,2022-02-26,35,point,NA,17
2022-02-07,3 wk ahead inc flu hosp,2022-02-26,38,point,NA,7
2022-02-07,3 wk ahead inc flu hosp,2022-02-26,56,point,NA,3.3
2022-02-07,3 wk ahead inc flu hosp,2022-02-26,02,point,NA,3.2
2022-02-07,3 wk ahead inc flu hosp,2022-02-26,23,point,NA,7.5
2022-02-07,3 wk ahead inc flu hosp,2022-02-26,01,point,NA,19.2
2022-02-07,3 wk ahead inc flu hosp,2022-02-26,16,point,NA,3.1
2022-02-07,3 wk ahead inc flu hosp,2022-02-26,30,point,NA,9.3
2022-02-07,3 wk ahead inc flu hosp,2022-02-26,72,point,NA,8.1
2022-02-07,3 wk ahead inc flu hosp,2022-02-26,78,point,NA,0.1
2022-02-07,3 wk ahead inc flu hosp,2022-02-26,54,point,NA,3.3
2022-02-07,4 wk ahead inc flu hosp,2022-03-05,53,point,NA,33.2
2022-02-07,4 wk ahead inc flu hosp,2022-03-05,17,point,NA,17.8
2022-02-07,4 wk ahead inc flu hosp,2022-03-05,06,point,NA,50.3
2022-02-07,4 wk ahead inc flu hosp,2022-03-05,04,point,NA,37.7
2022-02-07,4 wk ahead inc flu hosp,2022-03-05,25,point,NA,50.3
2022-02-07,4 wk ahead inc flu hosp,2022-03-05,55,point,NA,19.5
2022-02-07,4 wk ahead inc flu hosp,2022-03-05,48,point,NA,179.2
2022-02-07,4 wk ahead inc flu hosp,2022-03-05,31,point,NA,19.1
2022-02-07,4 wk ahead inc flu hosp,2022-03-05,49,point,NA,7.6
2022-02-07,4 wk ahead inc flu hosp,2022-03-05,41,point,NA,7.8
2022-02-07,4 wk ahead inc flu hosp,2022-03-05,12,point,NA,85
2022-02-07,4 wk ahead inc flu hosp,2022-03-05,36,point,NA,35.7
2022-02-07,4 wk ahead inc flu hosp,2022-03-05,44,point,NA,1.4
2022-02-07,4 wk ahead inc flu hosp,2022-03-05,13,point,NA,25.1
2022-02-07,4 wk ahead inc flu hosp,2022-03-05,33,point,NA,5.1
2022-02-07,4 wk ahead inc flu hosp,2022-03-05,37,point,NA,30.7
2022-02-07,4 wk ahead inc flu hosp,2022-03-05,34,point,NA,39
2022-02-07,4 wk ahead inc flu hosp,2022-03-05,08,point,NA,17.9
2022-02-07,4 wk ahead inc flu hosp,2022-03-05,24,point,NA,18.2
2022-02-07,4 wk ahead inc flu hosp,2022-03-05,32,point,NA,14.6
2022-02-07,4 wk ahead inc flu hosp,2022-03-05,47,point,NA,46.5
2022-02-07,4 wk ahead inc flu hosp,2022-03-05,15,point,NA,2.1
2022-02-07,4 wk ahead inc flu hosp,2022-03-05,18,point,NA,27
2022-02-07,4 wk ahead inc flu hosp,2022-03-05,21,point,NA,23.6
2022-02-07,4 wk ahead inc flu hosp,2022-03-05,27,point,NA,25.3
2022-02-07,4 wk ahead inc flu hosp,2022-03-05,40,point,NA,34.1
2022-02-07,4 wk ahead inc flu hosp,2022-03-05,42,point,NA,59.5
2022-02-07,4 wk ahead inc flu hosp,2022-03-05,45,point,NA,21.8
2022-02-07,4 wk ahead inc flu hosp,2022-03-05,11,point,NA,6.7
2022-02-07,4 wk ahead inc flu hosp,2022-03-05,20,point,NA,14.8
2022-02-07,4 wk ahead inc flu hosp,2022-03-05,29,point,NA,38.6
2022-02-07,4 wk ahead inc flu hosp,2022-03-05,50,point,NA,0.9
2022-02-07,4 wk ahead inc flu hosp,2022-03-05,51,point,NA,17.7
2022-02-07,4 wk ahead inc flu hosp,2022-03-05,09,point,NA,7.3
2022-02-07,4 wk ahead inc flu hosp,2022-03-05,19,point,NA,26.7
2022-02-07,4 wk ahead inc flu hosp,2022-03-05,22,point,NA,26.9
2022-02-07,4 wk ahead inc flu hosp,2022-03-05,39,point,NA,34.4
2022-02-07,4 wk ahead inc flu hosp,2022-03-05,26,point,NA,51.9
2022-02-07,4 wk ahead inc flu hosp,2022-03-05,46,point,NA,10.1
2022-02-07,4 wk ahead inc flu hosp,2022-03-05,05,point,NA,14.4
2022-02-07,4 wk ahead inc flu hosp,2022-03-05,10,point,NA,1.8
2022-02-07,4 wk ahead inc flu hosp,2022-03-05,28,point,NA,10.6
2022-02-07,4 wk ahead inc flu hosp,2022-03-05,35,point,NA,21.6
2022-02-07,4 wk ahead inc flu hosp,2022-03-05,38,point,NA,9.7
2022-02-07,4 wk ahead inc flu hosp,2022-03-05,56,point,NA,1.4
2022-02-07,4 wk ahead inc flu hosp,2022-03-05,02,point,NA,1.9
2022-02-07,4 wk ahead inc flu hosp,2022-03-05,23,point,NA,15.2
2022-02-07,4 wk ahead inc flu hosp,2022-03-05,01,point,NA,24.5
2022-02-07,4 wk ahead inc flu hosp,2022-03-05,16,point,NA,2.6
2022-02-07,4 wk ahead inc flu hosp,2022-03-05,30,point,NA,8.1
2022-02-07,4 wk ahead inc flu hosp,2022-03-05,72,point,NA,16.3
2022-02-07,4 wk ahead inc flu hosp,2022-03-05,78,point,NA,0.2
2022-02-07,4 wk ahead inc flu hosp,2022-03-05,54,point,NA,6
2022-02-07,1 wk ahead inc flu hosp,2022-02-12,US,quantile,0.01,13.5
2022-02-07,2 wk ahead inc flu hosp,2022-02-19,US,quantile,0.01,6.9
2022-02-07,3 wk ahead inc flu hosp,2022-02-26,US,quantile,0.01,5.9
2022-02-07,4 wk ahead inc flu hosp,2022-03-05,US,quantile,0.01,7.7
2022-02-07,1 wk ahead inc flu hosp,2022-02-12,US,quantile,0.025,37.5
2022-02-07,2 wk ahead inc flu hosp,2022-02-19,US,quantile,0.025,28.8
2022-02-07,3 wk ahead inc flu hosp,2022-02-26,US,quantile,0.025,11.6
2022-02-07,4 wk ahead inc flu hosp,2022-03-05,US,quantile,0.025,25.7
2022-02-07,1 wk ahead inc flu hosp,2022-02-12,US,quantile,0.05,122.9
2022-02-07,2 wk ahead inc flu hosp,2022-02-19,US,quantile,0.05,76.6
2022-02-07,3 wk ahead inc flu hosp,2022-02-26,US,quantile,0.05,30.8
2022-02-07,4 wk ahead inc flu hosp,2022-03-05,US,quantile,0.05,64.1
2022-02-07,1 wk ahead inc flu hosp,2022-02-12,US,quantile,0.1,283.2
2022-02-07,2 wk ahead inc flu hosp,2022-02-19,US,quantile,0.1,245.6
2022-02-07,3 wk ahead inc flu hosp,2022-02-26,US,quantile,0.1,104.1
2022-02-07,4 wk ahead inc flu hosp,2022-03-05,US,quantile,0.1,178.4
2022-02-07,1 wk ahead inc flu hosp,2022-02-12,US,quantile,0.15,399.3
2022-02-07,2 wk ahead inc flu hosp,2022-02-19,US,quantile,0.15,382.5
2022-02-07,3 wk ahead inc flu hosp,2022-02-26,US,quantile,0.15,255.2
2022-02-07,4 wk ahead inc flu hosp,2022-03-05,US,quantile,0.15,299.2
2022-02-07,1 wk ahead inc flu hosp,2022-02-12,US,quantile,0.2,548.4
2022-02-07,2 wk ahead inc flu hosp,2022-02-19,US,quantile,0.2,537.1
2022-02-07,3 wk ahead inc flu hosp,2022-02-26,US,quantile,0.2,356.4
2022-02-07,4 wk ahead inc flu hosp,2022-03-05,US,quantile,0.2,418.6
2022-02-07,1 wk ahead inc flu hosp,2022-02-12,US,quantile,0.25,675.5
2022-02-07,2 wk ahead inc flu hosp,2022-02-19,US,quantile,0.25,664.2
2022-02-07,3 wk ahead inc flu hosp,2022-02-26,US,quantile,0.25,489.9
2022-02-07,4 wk ahead inc flu hosp,2022-03-05,US,quantile,0.25,547.1
2022-02-07,1 wk ahead inc flu hosp,2022-02-12,US,quantile,0.3,780.3
2022-02-07,2 wk ahead inc flu hosp,2022-02-19,US,quantile,0.3,779.5
2022-02-07,3 wk ahead inc flu hosp,2022-02-26,US,quantile,0.3,594
2022-02-07,4 wk ahead inc flu hosp,2022-03-05,US,quantile,0.3,650.7
2022-02-07,1 wk ahead inc flu hosp,2022-02-12,US,quantile,0.35,883
2022-02-07,2 wk ahead inc flu hosp,2022-02-19,US,quantile,0.35,886.9
2022-02-07,3 wk ahead inc flu hosp,2022-02-26,US,quantile,0.35,702.5
2022-02-07,4 wk ahead inc flu hosp,2022-03-05,US,quantile,0.35,759.1
2022-02-07,1 wk ahead inc flu hosp,2022-02-12,US,quantile,0.4,970.6
2022-02-07,2 wk ahead inc flu hosp,2022-02-19,US,quantile,0.4,969.8
2022-02-07,3 wk ahead inc flu hosp,2022-02-26,US,quantile,0.4,811.5
2022-02-07,4 wk ahead inc flu hosp,2022-03-05,US,quantile,0.4,859
2022-02-07,1 wk ahead inc flu hosp,2022-02-12,US,quantile,0.45,1065.8
2022-02-07,2 wk ahead inc flu hosp,2022-02-19,US,quantile,0.45,1069.2
2022-02-07,3 wk ahead inc flu hosp,2022-02-26,US,quantile,0.45,913.6
2022-02-07,4 wk ahead inc flu hosp,2022-03-05,US,quantile,0.45,961.9
2022-02-07,1 wk ahead inc flu hosp,2022-02-12,US,quantile,0.5,1187.2
2022-02-07,2 wk ahead inc flu hosp,2022-02-19,US,quantile,0.5,1161.6
2022-02-07,3 wk ahead inc flu hosp,2022-02-26,US,quantile,0.5,1031.4
2022-02-07,4 wk ahead inc flu hosp,2022-03-05,US,quantile,0.5,1061.9
2022-02-07,1 wk ahead inc flu hosp,2022-02-12,US,quantile,0.55,1289
2022-02-07,2 wk ahead inc flu hosp,2022-02-19,US,quantile,0.55,1291
2022-02-07,3 wk ahead inc flu hosp,2022-02-26,US,quantile,0.55,1154.8
2022-02-07,4 wk ahead inc flu hosp,2022-03-05,US,quantile,0.55,1160.1
2022-02-07,1 wk ahead inc flu hosp,2022-02-12,US,quantile,0.6,1400.1
2022-02-07,2 wk ahead inc flu hosp,2022-02-19,US,quantile,0.6,1421.2
2022-02-07,3 wk ahead inc flu hosp,2022-02-26,US,quantile,0.6,1282.8
2022-02-07,4 wk ahead inc flu hosp,2022-03-05,US,quantile,0.6,1256.1
2022-02-07,1 wk ahead inc flu hosp,2022-02-12,US,quantile,0.65,1531.9
2022-02-07,2 wk ahead inc flu hosp,2022-02-19,US,quantile,0.65,1595.7
2022-02-07,3 wk ahead inc flu hosp,2022-02-26,US,quantile,0.65,1401.8
2022-02-07,4 wk ahead inc flu hosp,2022-03-05,US,quantile,0.65,1398.3
2022-02-07,1 wk ahead inc flu hosp,2022-02-12,US,quantile,0.7,1757.2
2022-02-07,2 wk ahead inc flu hosp,2022-02-19,US,quantile,0.7,1764.1
2022-02-07,3 wk ahead inc flu hosp,2022-02-26,US,quantile,0.7,1533.4
2022-02-07,4 wk ahead inc flu hosp,2022-03-05,US,quantile,0.7,1575
2022-02-07,1 wk ahead inc flu hosp,2022-02-12,US,quantile,0.75,2004.8
2022-02-07,2 wk ahead inc flu hosp,2022-02-19,US,quantile,0.75,1928.5
2022-02-07,3 wk ahead inc flu hosp,2022-02-26,US,quantile,0.75,1721.1
2022-02-07,4 wk ahead inc flu hosp,2022-03-05,US,quantile,0.75,1782.5
2022-02-07,1 wk ahead inc flu hosp,2022-02-12,US,quantile,0.8,2167.1
2022-02-07,2 wk ahead inc flu hosp,2022-02-19,US,quantile,0.8,2126
2022-02-07,3 wk ahead inc flu hosp,2022-02-26,US,quantile,0.8,1971.7
2022-02-07,4 wk ahead inc flu hosp,2022-03-05,US,quantile,0.8,2030.8
2022-02-07,1 wk ahead inc flu hosp,2022-02-12,US,quantile,0.85,2522.7
2022-02-07,2 wk ahead inc flu hosp,2022-02-19,US,quantile,0.85,2359.5
2022-02-07,3 wk ahead inc flu hosp,2022-02-26,US,quantile,0.85,2278.8
2022-02-07,4 wk ahead inc flu hosp,2022-03-05,US,quantile,0.85,2325.2
2022-02-07,1 wk ahead inc flu hosp,2022-02-12,US,quantile,0.9,2856
2022-02-07,2 wk ahead inc flu hosp,2022-02-19,US,quantile,0.9,2740.5
2022-02-07,3 wk ahead inc flu hosp,2022-02-26,US,quantile,0.9,2668.6
2022-02-07,4 wk ahead inc flu hosp,2022-03-05,US,quantile,0.9,2749.6
2022-02-07,1 wk ahead inc flu hosp,2022-02-12,US,quantile,0.95,3558.6
2022-02-07,2 wk ahead inc flu hosp,2022-02-19,US,quantile,0.95,3474.3
2022-02-07,3 wk ahead inc flu hosp,2022-02-26,US,quantile,0.95,3435.5
2022-02-07,4 wk ahead inc flu hosp,2022-03-05,US,quantile,0.95,3487.2
2022-02-07,1 wk ahead inc flu hosp,2022-02-12,US,quantile,0.975,3979.1
2022-02-07,2 wk ahead inc flu hosp,2022-02-19,US,quantile,0.975,3955.4
2022-02-07,3 wk ahead inc flu hosp,2022-02-26,US,quantile,0.975,4118.5
2022-02-07,4 wk ahead inc flu hosp,2022-03-05,US,quantile,0.975,4068.5
2022-02-07,1 wk ahead inc flu hosp,2022-02-12,US,quantile,0.99,4683.7
2022-02-07,2 wk ahead inc flu hosp,2022-02-19,US,quantile,0.99,4822.5
2022-02-07,3 wk ahead inc flu hosp,2022-02-26,US,quantile,0.99,5008.4
2022-02-07,4 wk ahead inc flu hosp,2022-03-05,US,quantile,0.99,5096.9
2022-02-07,1 wk ahead inc flu hosp,2022-02-12,US,point,NA,1412.2
2022-02-07,2 wk ahead inc flu hosp,2022-02-19,US,point,NA,1391.6
2022-02-07,3 wk ahead inc flu hosp,2022-02-26,US,point,NA,1263.2
2022-02-07,4 wk ahead inc flu hosp,2022-03-05,US,point,NA,1305.7
