forecast_date,target,target_end_date,location,type,quantile,value
2023-02-06,1 wk ahead inc flu hosp,2023-02-11,53,quantile,0.01,0
2023-02-06,1 wk ahead inc flu hosp,2023-02-11,17,quantile,0.01,0
2023-02-06,1 wk ahead inc flu hosp,2023-02-11,06,quantile,0.01,0
2023-02-06,1 wk ahead inc flu hosp,2023-02-11,04,quantile,0.01,0
2023-02-06,1 wk ahead inc flu hosp,2023-02-11,25,quantile,0.01,0
2023-02-06,1 wk ahead inc flu hosp,2023-02-11,55,quantile,0.01,0
2023-02-06,1 wk ahead inc flu hosp,2023-02-11,48,quantile,0.01,0
2023-02-06,1 wk ahead inc flu hosp,2023-02-11,31,quantile,0.01,0
2023-02-06,1 wk ahead inc flu hosp,2023-02-11,49,quantile,0.01,0
2023-02-06,1 wk ahead inc flu hosp,2023-02-11,41,quantile,0.01,0
2023-02-06,1 wk ahead inc flu hosp,2023-02-11,12,quantile,0.01,0
2023-02-06,1 wk ahead inc flu hosp,2023-02-11,36,quantile,0.01,0
2023-02-06,1 wk ahead inc flu hosp,2023-02-11,44,quantile,0.01,0
2023-02-06,1 wk ahead inc flu hosp,2023-02-11,13,quantile,0.01,0
2023-02-06,1 wk ahead inc flu hosp,2023-02-11,33,quantile,0.01,0
2023-02-06,1 wk ahead inc flu hosp,2023-02-11,37,quantile,0.01,0
2023-02-06,1 wk ahead inc flu hosp,2023-02-11,34,quantile,0.01,0
2023-02-06,1 wk ahead inc flu hosp,2023-02-11,08,quantile,0.01,0
2023-02-06,1 wk ahead inc flu hosp,2023-02-11,24,quantile,0.01,0
2023-02-06,1 wk ahead inc flu hosp,2023-02-11,32,quantile,0.01,0
2023-02-06,1 wk ahead inc flu hosp,2023-02-11,47,quantile,0.01,0
2023-02-06,1 wk ahead inc flu hosp,2023-02-11,15,quantile,0.01,0
2023-02-06,1 wk ahead inc flu hosp,2023-02-11,18,quantile,0.01,0
2023-02-06,1 wk ahead inc flu hosp,2023-02-11,21,quantile,0.01,0
2023-02-06,1 wk ahead inc flu hosp,2023-02-11,27,quantile,0.01,0
2023-02-06,1 wk ahead inc flu hosp,2023-02-11,40,quantile,0.01,0
2023-02-06,1 wk ahead inc flu hosp,2023-02-11,42,quantile,0.01,0
2023-02-06,1 wk ahead inc flu hosp,2023-02-11,45,quantile,0.01,0
2023-02-06,1 wk ahead inc flu hosp,2023-02-11,11,quantile,0.01,0
2023-02-06,1 wk ahead inc flu hosp,2023-02-11,20,quantile,0.01,0
2023-02-06,1 wk ahead inc flu hosp,2023-02-11,29,quantile,0.01,0
2023-02-06,1 wk ahead inc flu hosp,2023-02-11,50,quantile,0.01,0
2023-02-06,1 wk ahead inc flu hosp,2023-02-11,51,quantile,0.01,0
2023-02-06,1 wk ahead inc flu hosp,2023-02-11,09,quantile,0.01,0
2023-02-06,1 wk ahead inc flu hosp,2023-02-11,19,quantile,0.01,0
2023-02-06,1 wk ahead inc flu hosp,2023-02-11,22,quantile,0.01,0.3
2023-02-06,1 wk ahead inc flu hosp,2023-02-11,39,quantile,0.01,0
2023-02-06,1 wk ahead inc flu hosp,2023-02-11,26,quantile,0.01,0
2023-02-06,1 wk ahead inc flu hosp,2023-02-11,46,quantile,0.01,0
2023-02-06,1 wk ahead inc flu hosp,2023-02-11,05,quantile,0.01,0
2023-02-06,1 wk ahead inc flu hosp,2023-02-11,10,quantile,0.01,0
2023-02-06,1 wk ahead inc flu hosp,2023-02-11,28,quantile,0.01,0
2023-02-06,1 wk ahead inc flu hosp,2023-02-11,35,quantile,0.01,0
2023-02-06,1 wk ahead inc flu hosp,2023-02-11,38,quantile,0.01,2.4
2023-02-06,1 wk ahead inc flu hosp,2023-02-11,56,quantile,0.01,0
2023-02-06,1 wk ahead inc flu hosp,2023-02-11,02,quantile,0.01,0
2023-02-06,1 wk ahead inc flu hosp,2023-02-11,23,quantile,0.01,0
2023-02-06,1 wk ahead inc flu hosp,2023-02-11,01,quantile,0.01,1.8
2023-02-06,1 wk ahead inc flu hosp,2023-02-11,16,quantile,0.01,0
2023-02-06,1 wk ahead inc flu hosp,2023-02-11,30,quantile,0.01,0
2023-02-06,1 wk ahead inc flu hosp,2023-02-11,72,quantile,0.01,0.5
2023-02-06,1 wk ahead inc flu hosp,2023-02-11,78,quantile,0.01,0
2023-02-06,1 wk ahead inc flu hosp,2023-02-11,54,quantile,0.01,1.1
2023-02-06,2 wk ahead inc flu hosp,2023-02-18,53,quantile,0.01,0
2023-02-06,2 wk ahead inc flu hosp,2023-02-18,17,quantile,0.01,0
2023-02-06,2 wk ahead inc flu hosp,2023-02-18,06,quantile,0.01,0
2023-02-06,2 wk ahead inc flu hosp,2023-02-18,04,quantile,0.01,0
2023-02-06,2 wk ahead inc flu hosp,2023-02-18,25,quantile,0.01,0
2023-02-06,2 wk ahead inc flu hosp,2023-02-18,55,quantile,0.01,0
2023-02-06,2 wk ahead inc flu hosp,2023-02-18,48,quantile,0.01,0
2023-02-06,2 wk ahead inc flu hosp,2023-02-18,31,quantile,0.01,0
2023-02-06,2 wk ahead inc flu hosp,2023-02-18,49,quantile,0.01,0
2023-02-06,2 wk ahead inc flu hosp,2023-02-18,41,quantile,0.01,0
2023-02-06,2 wk ahead inc flu hosp,2023-02-18,12,quantile,0.01,13.3
2023-02-06,2 wk ahead inc flu hosp,2023-02-18,36,quantile,0.01,0
2023-02-06,2 wk ahead inc flu hosp,2023-02-18,44,quantile,0.01,0
2023-02-06,2 wk ahead inc flu hosp,2023-02-18,13,quantile,0.01,0
2023-02-06,2 wk ahead inc flu hosp,2023-02-18,33,quantile,0.01,0
2023-02-06,2 wk ahead inc flu hosp,2023-02-18,37,quantile,0.01,0
2023-02-06,2 wk ahead inc flu hosp,2023-02-18,34,quantile,0.01,0
2023-02-06,2 wk ahead inc flu hosp,2023-02-18,08,quantile,0.01,0
2023-02-06,2 wk ahead inc flu hosp,2023-02-18,24,quantile,0.01,0
2023-02-06,2 wk ahead inc flu hosp,2023-02-18,32,quantile,0.01,0
2023-02-06,2 wk ahead inc flu hosp,2023-02-18,47,quantile,0.01,0
2023-02-06,2 wk ahead inc flu hosp,2023-02-18,15,quantile,0.01,0
2023-02-06,2 wk ahead inc flu hosp,2023-02-18,18,quantile,0.01,0
2023-02-06,2 wk ahead inc flu hosp,2023-02-18,21,quantile,0.01,0
2023-02-06,2 wk ahead inc flu hosp,2023-02-18,27,quantile,0.01,0
2023-02-06,2 wk ahead inc flu hosp,2023-02-18,40,quantile,0.01,0
2023-02-06,2 wk ahead inc flu hosp,2023-02-18,42,quantile,0.01,0
2023-02-06,2 wk ahead inc flu hosp,2023-02-18,45,quantile,0.01,0
2023-02-06,2 wk ahead inc flu hosp,2023-02-18,11,quantile,0.01,0
2023-02-06,2 wk ahead inc flu hosp,2023-02-18,20,quantile,0.01,0
2023-02-06,2 wk ahead inc flu hosp,2023-02-18,29,quantile,0.01,0
2023-02-06,2 wk ahead inc flu hosp,2023-02-18,50,quantile,0.01,0
2023-02-06,2 wk ahead inc flu hosp,2023-02-18,51,quantile,0.01,0
2023-02-06,2 wk ahead inc flu hosp,2023-02-18,09,quantile,0.01,0
2023-02-06,2 wk ahead inc flu hosp,2023-02-18,19,quantile,0.01,0
2023-02-06,2 wk ahead inc flu hosp,2023-02-18,22,quantile,0.01,0
2023-02-06,2 wk ahead inc flu hosp,2023-02-18,39,quantile,0.01,0
2023-02-06,2 wk ahead inc flu hosp,2023-02-18,26,quantile,0.01,0
2023-02-06,2 wk ahead inc flu hosp,2023-02-18,46,quantile,0.01,0
2023-02-06,2 wk ahead inc flu hosp,2023-02-18,05,quantile,0.01,0
2023-02-06,2 wk ahead inc flu hosp,2023-02-18,10,quantile,0.01,0
2023-02-06,2 wk ahead inc flu hosp,2023-02-18,28,quantile,0.01,0
2023-02-06,2 wk ahead inc flu hosp,2023-02-18,35,quantile,0.01,0
2023-02-06,2 wk ahead inc flu hosp,2023-02-18,38,quantile,0.01,0.8
2023-02-06,2 wk ahead inc flu hosp,2023-02-18,56,quantile,0.01,0
2023-02-06,2 wk ahead inc flu hosp,2023-02-18,02,quantile,0.01,0
2023-02-06,2 wk ahead inc flu hosp,2023-02-18,23,quantile,0.01,0
2023-02-06,2 wk ahead inc flu hosp,2023-02-18,01,quantile,0.01,0
2023-02-06,2 wk ahead inc flu hosp,2023-02-18,16,quantile,0.01,0
2023-02-06,2 wk ahead inc flu hosp,2023-02-18,30,quantile,0.01,0
2023-02-06,2 wk ahead inc flu hosp,2023-02-18,72,quantile,0.01,0
2023-02-06,2 wk ahead inc flu hosp,2023-02-18,78,quantile,0.01,0
2023-02-06,2 wk ahead inc flu hosp,2023-02-18,54,quantile,0.01,0
2023-02-06,3 wk ahead inc flu hosp,2023-02-25,53,quantile,0.01,0
2023-02-06,3 wk ahead inc flu hosp,2023-02-25,17,quantile,0.01,0
2023-02-06,3 wk ahead inc flu hosp,2023-02-25,06,quantile,0.01,0
2023-02-06,3 wk ahead inc flu hosp,2023-02-25,04,quantile,0.01,0
2023-02-06,3 wk ahead inc flu hosp,2023-02-25,25,quantile,0.01,0
2023-02-06,3 wk ahead inc flu hosp,2023-02-25,55,quantile,0.01,0
2023-02-06,3 wk ahead inc flu hosp,2023-02-25,48,quantile,0.01,0
2023-02-06,3 wk ahead inc flu hosp,2023-02-25,31,quantile,0.01,0
2023-02-06,3 wk ahead inc flu hosp,2023-02-25,49,quantile,0.01,0
2023-02-06,3 wk ahead inc flu hosp,2023-02-25,41,quantile,0.01,0
2023-02-06,3 wk ahead inc flu hosp,2023-02-25,12,quantile,0.01,9.9
2023-02-06,3 wk ahead inc flu hosp,2023-02-25,36,quantile,0.01,0
2023-02-06,3 wk ahead inc flu hosp,2023-02-25,44,quantile,0.01,0
2023-02-06,3 wk ahead inc flu hosp,2023-02-25,13,quantile,0.01,0
2023-02-06,3 wk ahead inc flu hosp,2023-02-25,33,quantile,0.01,0
2023-02-06,3 wk ahead inc flu hosp,2023-02-25,37,quantile,0.01,0
2023-02-06,3 wk ahead inc flu hosp,2023-02-25,34,quantile,0.01,0
2023-02-06,3 wk ahead inc flu hosp,2023-02-25,08,quantile,0.01,0
2023-02-06,3 wk ahead inc flu hosp,2023-02-25,24,quantile,0.01,0
2023-02-06,3 wk ahead inc flu hosp,2023-02-25,32,quantile,0.01,0
2023-02-06,3 wk ahead inc flu hosp,2023-02-25,47,quantile,0.01,0
2023-02-06,3 wk ahead inc flu hosp,2023-02-25,15,quantile,0.01,0
2023-02-06,3 wk ahead inc flu hosp,2023-02-25,18,quantile,0.01,0
2023-02-06,3 wk ahead inc flu hosp,2023-02-25,21,quantile,0.01,0
2023-02-06,3 wk ahead inc flu hosp,2023-02-25,27,quantile,0.01,0
2023-02-06,3 wk ahead inc flu hosp,2023-02-25,40,quantile,0.01,0
2023-02-06,3 wk ahead inc flu hosp,2023-02-25,42,quantile,0.01,0
2023-02-06,3 wk ahead inc flu hosp,2023-02-25,45,quantile,0.01,0
2023-02-06,3 wk ahead inc flu hosp,2023-02-25,11,quantile,0.01,0
2023-02-06,3 wk ahead inc flu hosp,2023-02-25,20,quantile,0.01,0
2023-02-06,3 wk ahead inc flu hosp,2023-02-25,29,quantile,0.01,0
2023-02-06,3 wk ahead inc flu hosp,2023-02-25,50,quantile,0.01,0
2023-02-06,3 wk ahead inc flu hosp,2023-02-25,51,quantile,0.01,0
2023-02-06,3 wk ahead inc flu hosp,2023-02-25,09,quantile,0.01,0
2023-02-06,3 wk ahead inc flu hosp,2023-02-25,19,quantile,0.01,0
2023-02-06,3 wk ahead inc flu hosp,2023-02-25,22,quantile,0.01,0
2023-02-06,3 wk ahead inc flu hosp,2023-02-25,39,quantile,0.01,0
2023-02-06,3 wk ahead inc flu hosp,2023-02-25,26,quantile,0.01,0
2023-02-06,3 wk ahead inc flu hosp,2023-02-25,46,quantile,0.01,0
2023-02-06,3 wk ahead inc flu hosp,2023-02-25,05,quantile,0.01,0
2023-02-06,3 wk ahead inc flu hosp,2023-02-25,10,quantile,0.01,0
2023-02-06,3 wk ahead inc flu hosp,2023-02-25,28,quantile,0.01,0
2023-02-06,3 wk ahead inc flu hosp,2023-02-25,35,quantile,0.01,0
2023-02-06,3 wk ahead inc flu hosp,2023-02-25,38,quantile,0.01,0.4
2023-02-06,3 wk ahead inc flu hosp,2023-02-25,56,quantile,0.01,0
2023-02-06,3 wk ahead inc flu hosp,2023-02-25,02,quantile,0.01,0
2023-02-06,3 wk ahead inc flu hosp,2023-02-25,23,quantile,0.01,0
2023-02-06,3 wk ahead inc flu hosp,2023-02-25,01,quantile,0.01,0
2023-02-06,3 wk ahead inc flu hosp,2023-02-25,16,quantile,0.01,0
2023-02-06,3 wk ahead inc flu hosp,2023-02-25,30,quantile,0.01,0
2023-02-06,3 wk ahead inc flu hosp,2023-02-25,72,quantile,0.01,0
2023-02-06,3 wk ahead inc flu hosp,2023-02-25,78,quantile,0.01,0
2023-02-06,3 wk ahead inc flu hosp,2023-02-25,54,quantile,0.01,0
2023-02-06,4 wk ahead inc flu hosp,2023-03-04,53,quantile,0.01,0
2023-02-06,4 wk ahead inc flu hosp,2023-03-04,17,quantile,0.01,0
2023-02-06,4 wk ahead inc flu hosp,2023-03-04,06,quantile,0.01,0
2023-02-06,4 wk ahead inc flu hosp,2023-03-04,04,quantile,0.01,0
2023-02-06,4 wk ahead inc flu hosp,2023-03-04,25,quantile,0.01,0
2023-02-06,4 wk ahead inc flu hosp,2023-03-04,55,quantile,0.01,0
2023-02-06,4 wk ahead inc flu hosp,2023-03-04,48,quantile,0.01,0
2023-02-06,4 wk ahead inc flu hosp,2023-03-04,31,quantile,0.01,0
2023-02-06,4 wk ahead inc flu hosp,2023-03-04,49,quantile,0.01,0
2023-02-06,4 wk ahead inc flu hosp,2023-03-04,41,quantile,0.01,0
2023-02-06,4 wk ahead inc flu hosp,2023-03-04,12,quantile,0.01,0
2023-02-06,4 wk ahead inc flu hosp,2023-03-04,36,quantile,0.01,0
2023-02-06,4 wk ahead inc flu hosp,2023-03-04,44,quantile,0.01,0
2023-02-06,4 wk ahead inc flu hosp,2023-03-04,13,quantile,0.01,0
2023-02-06,4 wk ahead inc flu hosp,2023-03-04,33,quantile,0.01,0
2023-02-06,4 wk ahead inc flu hosp,2023-03-04,37,quantile,0.01,0
2023-02-06,4 wk ahead inc flu hosp,2023-03-04,34,quantile,0.01,0
2023-02-06,4 wk ahead inc flu hosp,2023-03-04,08,quantile,0.01,0
2023-02-06,4 wk ahead inc flu hosp,2023-03-04,24,quantile,0.01,0
2023-02-06,4 wk ahead inc flu hosp,2023-03-04,32,quantile,0.01,0
2023-02-06,4 wk ahead inc flu hosp,2023-03-04,47,quantile,0.01,0
2023-02-06,4 wk ahead inc flu hosp,2023-03-04,15,quantile,0.01,0
2023-02-06,4 wk ahead inc flu hosp,2023-03-04,18,quantile,0.01,0
2023-02-06,4 wk ahead inc flu hosp,2023-03-04,21,quantile,0.01,0
2023-02-06,4 wk ahead inc flu hosp,2023-03-04,27,quantile,0.01,0
2023-02-06,4 wk ahead inc flu hosp,2023-03-04,40,quantile,0.01,0
2023-02-06,4 wk ahead inc flu hosp,2023-03-04,42,quantile,0.01,0
2023-02-06,4 wk ahead inc flu hosp,2023-03-04,45,quantile,0.01,0
2023-02-06,4 wk ahead inc flu hosp,2023-03-04,11,quantile,0.01,0
2023-02-06,4 wk ahead inc flu hosp,2023-03-04,20,quantile,0.01,0
2023-02-06,4 wk ahead inc flu hosp,2023-03-04,29,quantile,0.01,0
2023-02-06,4 wk ahead inc flu hosp,2023-03-04,50,quantile,0.01,0
2023-02-06,4 wk ahead inc flu hosp,2023-03-04,51,quantile,0.01,0
2023-02-06,4 wk ahead inc flu hosp,2023-03-04,09,quantile,0.01,0
2023-02-06,4 wk ahead inc flu hosp,2023-03-04,19,quantile,0.01,0
2023-02-06,4 wk ahead inc flu hosp,2023-03-04,22,quantile,0.01,0
2023-02-06,4 wk ahead inc flu hosp,2023-03-04,39,quantile,0.01,0
2023-02-06,4 wk ahead inc flu hosp,2023-03-04,26,quantile,0.01,0
2023-02-06,4 wk ahead inc flu hosp,2023-03-04,46,quantile,0.01,0
2023-02-06,4 wk ahead inc flu hosp,2023-03-04,05,quantile,0.01,0
2023-02-06,4 wk ahead inc flu hosp,2023-03-04,10,quantile,0.01,0
2023-02-06,4 wk ahead inc flu hosp,2023-03-04,28,quantile,0.01,0
2023-02-06,4 wk ahead inc flu hosp,2023-03-04,35,quantile,0.01,0
2023-02-06,4 wk ahead inc flu hosp,2023-03-04,38,quantile,0.01,0
2023-02-06,4 wk ahead inc flu hosp,2023-03-04,56,quantile,0.01,0
2023-02-06,4 wk ahead inc flu hosp,2023-03-04,02,quantile,0.01,0
2023-02-06,4 wk ahead inc flu hosp,2023-03-04,23,quantile,0.01,0
2023-02-06,4 wk ahead inc flu hosp,2023-03-04,01,quantile,0.01,0
2023-02-06,4 wk ahead inc flu hosp,2023-03-04,16,quantile,0.01,0
2023-02-06,4 wk ahead inc flu hosp,2023-03-04,30,quantile,0.01,0
2023-02-06,4 wk ahead inc flu hosp,2023-03-04,72,quantile,0.01,0
2023-02-06,4 wk ahead inc flu hosp,2023-03-04,78,quantile,0.01,0
2023-02-06,4 wk ahead inc flu hosp,2023-03-04,54,quantile,0.01,0
2023-02-06,1 wk ahead inc flu hosp,2023-02-11,53,quantile,0.025,0.8
2023-02-06,1 wk ahead inc flu hosp,2023-02-11,17,quantile,0.025,0
2023-02-06,1 wk ahead inc flu hosp,2023-02-11,06,quantile,0.025,0
2023-02-06,1 wk ahead inc flu hosp,2023-02-11,04,quantile,0.025,0
2023-02-06,1 wk ahead inc flu hosp,2023-02-11,25,quantile,0.025,0
2023-02-06,1 wk ahead inc flu hosp,2023-02-11,55,quantile,0.025,0
2023-02-06,1 wk ahead inc flu hosp,2023-02-11,48,quantile,0.025,0
2023-02-06,1 wk ahead inc flu hosp,2023-02-11,31,quantile,0.025,0
2023-02-06,1 wk ahead inc flu hosp,2023-02-11,49,quantile,0.025,0
2023-02-06,1 wk ahead inc flu hosp,2023-02-11,41,quantile,0.025,0
2023-02-06,1 wk ahead inc flu hosp,2023-02-11,12,quantile,0.025,5.5
2023-02-06,1 wk ahead inc flu hosp,2023-02-11,36,quantile,0.025,0
2023-02-06,1 wk ahead inc flu hosp,2023-02-11,44,quantile,0.025,0
2023-02-06,1 wk ahead inc flu hosp,2023-02-11,13,quantile,0.025,8.1
2023-02-06,1 wk ahead inc flu hosp,2023-02-11,33,quantile,0.025,0
2023-02-06,1 wk ahead inc flu hosp,2023-02-11,37,quantile,0.025,0
2023-02-06,1 wk ahead inc flu hosp,2023-02-11,34,quantile,0.025,0
2023-02-06,1 wk ahead inc flu hosp,2023-02-11,08,quantile,0.025,0
2023-02-06,1 wk ahead inc flu hosp,2023-02-11,24,quantile,0.025,0.5
2023-02-06,1 wk ahead inc flu hosp,2023-02-11,32,quantile,0.025,0
2023-02-06,1 wk ahead inc flu hosp,2023-02-11,47,quantile,0.025,0
2023-02-06,1 wk ahead inc flu hosp,2023-02-11,15,quantile,0.025,0
2023-02-06,1 wk ahead inc flu hosp,2023-02-11,18,quantile,0.025,0
2023-02-06,1 wk ahead inc flu hosp,2023-02-11,21,quantile,0.025,0
2023-02-06,1 wk ahead inc flu hosp,2023-02-11,27,quantile,0.025,0
2023-02-06,1 wk ahead inc flu hosp,2023-02-11,40,quantile,0.025,1.5
2023-02-06,1 wk ahead inc flu hosp,2023-02-11,42,quantile,0.025,1.6
2023-02-06,1 wk ahead inc flu hosp,2023-02-11,45,quantile,0.025,0.1
2023-02-06,1 wk ahead inc flu hosp,2023-02-11,11,quantile,0.025,0
2023-02-06,1 wk ahead inc flu hosp,2023-02-11,20,quantile,0.025,0
2023-02-06,1 wk ahead inc flu hosp,2023-02-11,29,quantile,0.025,0
2023-02-06,1 wk ahead inc flu hosp,2023-02-11,50,quantile,0.025,0
2023-02-06,1 wk ahead inc flu hosp,2023-02-11,51,quantile,0.025,0
2023-02-06,1 wk ahead inc flu hosp,2023-02-11,09,quantile,0.025,0
2023-02-06,1 wk ahead inc flu hosp,2023-02-11,19,quantile,0.025,0
2023-02-06,1 wk ahead inc flu hosp,2023-02-11,22,quantile,0.025,1.6
2023-02-06,1 wk ahead inc flu hosp,2023-02-11,39,quantile,0.025,0
2023-02-06,1 wk ahead inc flu hosp,2023-02-11,26,quantile,0.025,0
2023-02-06,1 wk ahead inc flu hosp,2023-02-11,46,quantile,0.025,0
2023-02-06,1 wk ahead inc flu hosp,2023-02-11,05,quantile,0.025,0
2023-02-06,1 wk ahead inc flu hosp,2023-02-11,10,quantile,0.025,0
2023-02-06,1 wk ahead inc flu hosp,2023-02-11,28,quantile,0.025,0.7
2023-02-06,1 wk ahead inc flu hosp,2023-02-11,35,quantile,0.025,0
2023-02-06,1 wk ahead inc flu hosp,2023-02-11,38,quantile,0.025,3.1
2023-02-06,1 wk ahead inc flu hosp,2023-02-11,56,quantile,0.025,0
2023-02-06,1 wk ahead inc flu hosp,2023-02-11,02,quantile,0.025,0
2023-02-06,1 wk ahead inc flu hosp,2023-02-11,23,quantile,0.025,0
2023-02-06,1 wk ahead inc flu hosp,2023-02-11,01,quantile,0.025,4
2023-02-06,1 wk ahead inc flu hosp,2023-02-11,16,quantile,0.025,0
2023-02-06,1 wk ahead inc flu hosp,2023-02-11,30,quantile,0.025,0
2023-02-06,1 wk ahead inc flu hosp,2023-02-11,72,quantile,0.025,4.4
2023-02-06,1 wk ahead inc flu hosp,2023-02-11,78,quantile,0.025,0
2023-02-06,1 wk ahead inc flu hosp,2023-02-11,54,quantile,0.025,2.9
2023-02-06,2 wk ahead inc flu hosp,2023-02-18,53,quantile,0.025,0
2023-02-06,2 wk ahead inc flu hosp,2023-02-18,17,quantile,0.025,0
2023-02-06,2 wk ahead inc flu hosp,2023-02-18,06,quantile,0.025,0
2023-02-06,2 wk ahead inc flu hosp,2023-02-18,04,quantile,0.025,0
2023-02-06,2 wk ahead inc flu hosp,2023-02-18,25,quantile,0.025,0
2023-02-06,2 wk ahead inc flu hosp,2023-02-18,55,quantile,0.025,0
2023-02-06,2 wk ahead inc flu hosp,2023-02-18,48,quantile,0.025,8.3
2023-02-06,2 wk ahead inc flu hosp,2023-02-18,31,quantile,0.025,0
2023-02-06,2 wk ahead inc flu hosp,2023-02-18,49,quantile,0.025,0
2023-02-06,2 wk ahead inc flu hosp,2023-02-18,41,quantile,0.025,0
2023-02-06,2 wk ahead inc flu hosp,2023-02-18,12,quantile,0.025,27.3
2023-02-06,2 wk ahead inc flu hosp,2023-02-18,36,quantile,0.025,0
2023-02-06,2 wk ahead inc flu hosp,2023-02-18,44,quantile,0.025,0
2023-02-06,2 wk ahead inc flu hosp,2023-02-18,13,quantile,0.025,1
2023-02-06,2 wk ahead inc flu hosp,2023-02-18,33,quantile,0.025,0
2023-02-06,2 wk ahead inc flu hosp,2023-02-18,37,quantile,0.025,0
2023-02-06,2 wk ahead inc flu hosp,2023-02-18,34,quantile,0.025,0
2023-02-06,2 wk ahead inc flu hosp,2023-02-18,08,quantile,0.025,0
2023-02-06,2 wk ahead inc flu hosp,2023-02-18,24,quantile,0.025,1.1
2023-02-06,2 wk ahead inc flu hosp,2023-02-18,32,quantile,0.025,0
2023-02-06,2 wk ahead inc flu hosp,2023-02-18,47,quantile,0.025,0
2023-02-06,2 wk ahead inc flu hosp,2023-02-18,15,quantile,0.025,0
2023-02-06,2 wk ahead inc flu hosp,2023-02-18,18,quantile,0.025,0
2023-02-06,2 wk ahead inc flu hosp,2023-02-18,21,quantile,0.025,0
2023-02-06,2 wk ahead inc flu hosp,2023-02-18,27,quantile,0.025,0
2023-02-06,2 wk ahead inc flu hosp,2023-02-18,40,quantile,0.025,0
2023-02-06,2 wk ahead inc flu hosp,2023-02-18,42,quantile,0.025,0
2023-02-06,2 wk ahead inc flu hosp,2023-02-18,45,quantile,0.025,0
2023-02-06,2 wk ahead inc flu hosp,2023-02-18,11,quantile,0.025,0
2023-02-06,2 wk ahead inc flu hosp,2023-02-18,20,quantile,0.025,0
2023-02-06,2 wk ahead inc flu hosp,2023-02-18,29,quantile,0.025,0
2023-02-06,2 wk ahead inc flu hosp,2023-02-18,50,quantile,0.025,0
2023-02-06,2 wk ahead inc flu hosp,2023-02-18,51,quantile,0.025,2.2
2023-02-06,2 wk ahead inc flu hosp,2023-02-18,09,quantile,0.025,0
2023-02-06,2 wk ahead inc flu hosp,2023-02-18,19,quantile,0.025,0
2023-02-06,2 wk ahead inc flu hosp,2023-02-18,22,quantile,0.025,0
2023-02-06,2 wk ahead inc flu hosp,2023-02-18,39,quantile,0.025,0
2023-02-06,2 wk ahead inc flu hosp,2023-02-18,26,quantile,0.025,0
2023-02-06,2 wk ahead inc flu hosp,2023-02-18,46,quantile,0.025,0
2023-02-06,2 wk ahead inc flu hosp,2023-02-18,05,quantile,0.025,0
2023-02-06,2 wk ahead inc flu hosp,2023-02-18,10,quantile,0.025,0
2023-02-06,2 wk ahead inc flu hosp,2023-02-18,28,quantile,0.025,0.2
2023-02-06,2 wk ahead inc flu hosp,2023-02-18,35,quantile,0.025,0
2023-02-06,2 wk ahead inc flu hosp,2023-02-18,38,quantile,0.025,1
2023-02-06,2 wk ahead inc flu hosp,2023-02-18,56,quantile,0.025,0
2023-02-06,2 wk ahead inc flu hosp,2023-02-18,02,quantile,0.025,0
2023-02-06,2 wk ahead inc flu hosp,2023-02-18,23,quantile,0.025,0
2023-02-06,2 wk ahead inc flu hosp,2023-02-18,01,quantile,0.025,0
2023-02-06,2 wk ahead inc flu hosp,2023-02-18,16,quantile,0.025,0
2023-02-06,2 wk ahead inc flu hosp,2023-02-18,30,quantile,0.025,0
2023-02-06,2 wk ahead inc flu hosp,2023-02-18,72,quantile,0.025,3.2
2023-02-06,2 wk ahead inc flu hosp,2023-02-18,78,quantile,0.025,0
2023-02-06,2 wk ahead inc flu hosp,2023-02-18,54,quantile,0.025,0
2023-02-06,3 wk ahead inc flu hosp,2023-02-25,53,quantile,0.025,0
2023-02-06,3 wk ahead inc flu hosp,2023-02-25,17,quantile,0.025,0
2023-02-06,3 wk ahead inc flu hosp,2023-02-25,06,quantile,0.025,0
2023-02-06,3 wk ahead inc flu hosp,2023-02-25,04,quantile,0.025,0
2023-02-06,3 wk ahead inc flu hosp,2023-02-25,25,quantile,0.025,0
2023-02-06,3 wk ahead inc flu hosp,2023-02-25,55,quantile,0.025,0
2023-02-06,3 wk ahead inc flu hosp,2023-02-25,48,quantile,0.025,0
2023-02-06,3 wk ahead inc flu hosp,2023-02-25,31,quantile,0.025,0
2023-02-06,3 wk ahead inc flu hosp,2023-02-25,49,quantile,0.025,0
2023-02-06,3 wk ahead inc flu hosp,2023-02-25,41,quantile,0.025,0
2023-02-06,3 wk ahead inc flu hosp,2023-02-25,12,quantile,0.025,28.6
2023-02-06,3 wk ahead inc flu hosp,2023-02-25,36,quantile,0.025,0
2023-02-06,3 wk ahead inc flu hosp,2023-02-25,44,quantile,0.025,0
2023-02-06,3 wk ahead inc flu hosp,2023-02-25,13,quantile,0.025,3.3
2023-02-06,3 wk ahead inc flu hosp,2023-02-25,33,quantile,0.025,0
2023-02-06,3 wk ahead inc flu hosp,2023-02-25,37,quantile,0.025,0
2023-02-06,3 wk ahead inc flu hosp,2023-02-25,34,quantile,0.025,0
2023-02-06,3 wk ahead inc flu hosp,2023-02-25,08,quantile,0.025,0
2023-02-06,3 wk ahead inc flu hosp,2023-02-25,24,quantile,0.025,0
2023-02-06,3 wk ahead inc flu hosp,2023-02-25,32,quantile,0.025,0
2023-02-06,3 wk ahead inc flu hosp,2023-02-25,47,quantile,0.025,0
2023-02-06,3 wk ahead inc flu hosp,2023-02-25,15,quantile,0.025,0
2023-02-06,3 wk ahead inc flu hosp,2023-02-25,18,quantile,0.025,0
2023-02-06,3 wk ahead inc flu hosp,2023-02-25,21,quantile,0.025,0
2023-02-06,3 wk ahead inc flu hosp,2023-02-25,27,quantile,0.025,0
2023-02-06,3 wk ahead inc flu hosp,2023-02-25,40,quantile,0.025,0
2023-02-06,3 wk ahead inc flu hosp,2023-02-25,42,quantile,0.025,0
2023-02-06,3 wk ahead inc flu hosp,2023-02-25,45,quantile,0.025,0
2023-02-06,3 wk ahead inc flu hosp,2023-02-25,11,quantile,0.025,0
2023-02-06,3 wk ahead inc flu hosp,2023-02-25,20,quantile,0.025,0
2023-02-06,3 wk ahead inc flu hosp,2023-02-25,29,quantile,0.025,0
2023-02-06,3 wk ahead inc flu hosp,2023-02-25,50,quantile,0.025,0
2023-02-06,3 wk ahead inc flu hosp,2023-02-25,51,quantile,0.025,0
2023-02-06,3 wk ahead inc flu hosp,2023-02-25,09,quantile,0.025,0
2023-02-06,3 wk ahead inc flu hosp,2023-02-25,19,quantile,0.025,0
2023-02-06,3 wk ahead inc flu hosp,2023-02-25,22,quantile,0.025,0
2023-02-06,3 wk ahead inc flu hosp,2023-02-25,39,quantile,0.025,0
2023-02-06,3 wk ahead inc flu hosp,2023-02-25,26,quantile,0.025,0
2023-02-06,3 wk ahead inc flu hosp,2023-02-25,46,quantile,0.025,0
2023-02-06,3 wk ahead inc flu hosp,2023-02-25,05,quantile,0.025,0
2023-02-06,3 wk ahead inc flu hosp,2023-02-25,10,quantile,0.025,0
2023-02-06,3 wk ahead inc flu hosp,2023-02-25,28,quantile,0.025,0
2023-02-06,3 wk ahead inc flu hosp,2023-02-25,35,quantile,0.025,0
2023-02-06,3 wk ahead inc flu hosp,2023-02-25,38,quantile,0.025,0.7
2023-02-06,3 wk ahead inc flu hosp,2023-02-25,56,quantile,0.025,0
2023-02-06,3 wk ahead inc flu hosp,2023-02-25,02,quantile,0.025,0
2023-02-06,3 wk ahead inc flu hosp,2023-02-25,23,quantile,0.025,0
2023-02-06,3 wk ahead inc flu hosp,2023-02-25,01,quantile,0.025,0
2023-02-06,3 wk ahead inc flu hosp,2023-02-25,16,quantile,0.025,0
2023-02-06,3 wk ahead inc flu hosp,2023-02-25,30,quantile,0.025,0
2023-02-06,3 wk ahead inc flu hosp,2023-02-25,72,quantile,0.025,0
2023-02-06,3 wk ahead inc flu hosp,2023-02-25,78,quantile,0.025,0
2023-02-06,3 wk ahead inc flu hosp,2023-02-25,54,quantile,0.025,0
2023-02-06,4 wk ahead inc flu hosp,2023-03-04,53,quantile,0.025,0
2023-02-06,4 wk ahead inc flu hosp,2023-03-04,17,quantile,0.025,0
2023-02-06,4 wk ahead inc flu hosp,2023-03-04,06,quantile,0.025,0
2023-02-06,4 wk ahead inc flu hosp,2023-03-04,04,quantile,0.025,0
2023-02-06,4 wk ahead inc flu hosp,2023-03-04,25,quantile,0.025,0
2023-02-06,4 wk ahead inc flu hosp,2023-03-04,55,quantile,0.025,0
2023-02-06,4 wk ahead inc flu hosp,2023-03-04,48,quantile,0.025,0
2023-02-06,4 wk ahead inc flu hosp,2023-03-04,31,quantile,0.025,0
2023-02-06,4 wk ahead inc flu hosp,2023-03-04,49,quantile,0.025,0
2023-02-06,4 wk ahead inc flu hosp,2023-03-04,41,quantile,0.025,0
2023-02-06,4 wk ahead inc flu hosp,2023-03-04,12,quantile,0.025,0
2023-02-06,4 wk ahead inc flu hosp,2023-03-04,36,quantile,0.025,0
2023-02-06,4 wk ahead inc flu hosp,2023-03-04,44,quantile,0.025,0
2023-02-06,4 wk ahead inc flu hosp,2023-03-04,13,quantile,0.025,0
2023-02-06,4 wk ahead inc flu hosp,2023-03-04,33,quantile,0.025,0
2023-02-06,4 wk ahead inc flu hosp,2023-03-04,37,quantile,0.025,0
2023-02-06,4 wk ahead inc flu hosp,2023-03-04,34,quantile,0.025,0
2023-02-06,4 wk ahead inc flu hosp,2023-03-04,08,quantile,0.025,0
2023-02-06,4 wk ahead inc flu hosp,2023-03-04,24,quantile,0.025,0
2023-02-06,4 wk ahead inc flu hosp,2023-03-04,32,quantile,0.025,0
2023-02-06,4 wk ahead inc flu hosp,2023-03-04,47,quantile,0.025,0
2023-02-06,4 wk ahead inc flu hosp,2023-03-04,15,quantile,0.025,0
2023-02-06,4 wk ahead inc flu hosp,2023-03-04,18,quantile,0.025,0
2023-02-06,4 wk ahead inc flu hosp,2023-03-04,21,quantile,0.025,0
2023-02-06,4 wk ahead inc flu hosp,2023-03-04,27,quantile,0.025,0
2023-02-06,4 wk ahead inc flu hosp,2023-03-04,40,quantile,0.025,0
2023-02-06,4 wk ahead inc flu hosp,2023-03-04,42,quantile,0.025,0
2023-02-06,4 wk ahead inc flu hosp,2023-03-04,45,quantile,0.025,0
2023-02-06,4 wk ahead inc flu hosp,2023-03-04,11,quantile,0.025,0
2023-02-06,4 wk ahead inc flu hosp,2023-03-04,20,quantile,0.025,0
2023-02-06,4 wk ahead inc flu hosp,2023-03-04,29,quantile,0.025,0
2023-02-06,4 wk ahead inc flu hosp,2023-03-04,50,quantile,0.025,0
2023-02-06,4 wk ahead inc flu hosp,2023-03-04,51,quantile,0.025,0
2023-02-06,4 wk ahead inc flu hosp,2023-03-04,09,quantile,0.025,0
2023-02-06,4 wk ahead inc flu hosp,2023-03-04,19,quantile,0.025,0
2023-02-06,4 wk ahead inc flu hosp,2023-03-04,22,quantile,0.025,0
2023-02-06,4 wk ahead inc flu hosp,2023-03-04,39,quantile,0.025,0
2023-02-06,4 wk ahead inc flu hosp,2023-03-04,26,quantile,0.025,0
2023-02-06,4 wk ahead inc flu hosp,2023-03-04,46,quantile,0.025,0
2023-02-06,4 wk ahead inc flu hosp,2023-03-04,05,quantile,0.025,0
2023-02-06,4 wk ahead inc flu hosp,2023-03-04,10,quantile,0.025,0
2023-02-06,4 wk ahead inc flu hosp,2023-03-04,28,quantile,0.025,0
2023-02-06,4 wk ahead inc flu hosp,2023-03-04,35,quantile,0.025,0
2023-02-06,4 wk ahead inc flu hosp,2023-03-04,38,quantile,0.025,0
2023-02-06,4 wk ahead inc flu hosp,2023-03-04,56,quantile,0.025,0
2023-02-06,4 wk ahead inc flu hosp,2023-03-04,02,quantile,0.025,0
2023-02-06,4 wk ahead inc flu hosp,2023-03-04,23,quantile,0.025,0
2023-02-06,4 wk ahead inc flu hosp,2023-03-04,01,quantile,0.025,0
2023-02-06,4 wk ahead inc flu hosp,2023-03-04,16,quantile,0.025,0
2023-02-06,4 wk ahead inc flu hosp,2023-03-04,30,quantile,0.025,0
2023-02-06,4 wk ahead inc flu hosp,2023-03-04,72,quantile,0.025,0
2023-02-06,4 wk ahead inc flu hosp,2023-03-04,78,quantile,0.025,0
2023-02-06,4 wk ahead inc flu hosp,2023-03-04,54,quantile,0.025,0
2023-02-06,1 wk ahead inc flu hosp,2023-02-11,53,quantile,0.05,4
2023-02-06,1 wk ahead inc flu hosp,2023-02-11,17,quantile,0.05,0
2023-02-06,1 wk ahead inc flu hosp,2023-02-11,06,quantile,0.05,0
2023-02-06,1 wk ahead inc flu hosp,2023-02-11,04,quantile,0.05,1.7
2023-02-06,1 wk ahead inc flu hosp,2023-02-11,25,quantile,0.05,1.5
2023-02-06,1 wk ahead inc flu hosp,2023-02-11,55,quantile,0.05,1
2023-02-06,1 wk ahead inc flu hosp,2023-02-11,48,quantile,0.05,0
2023-02-06,1 wk ahead inc flu hosp,2023-02-11,31,quantile,0.05,0
2023-02-06,1 wk ahead inc flu hosp,2023-02-11,49,quantile,0.05,0
2023-02-06,1 wk ahead inc flu hosp,2023-02-11,41,quantile,0.05,0
2023-02-06,1 wk ahead inc flu hosp,2023-02-11,12,quantile,0.05,62.5
2023-02-06,1 wk ahead inc flu hosp,2023-02-11,36,quantile,0.05,7.2
2023-02-06,1 wk ahead inc flu hosp,2023-02-11,44,quantile,0.05,0
2023-02-06,1 wk ahead inc flu hosp,2023-02-11,13,quantile,0.05,17.9
2023-02-06,1 wk ahead inc flu hosp,2023-02-11,33,quantile,0.05,0
2023-02-06,1 wk ahead inc flu hosp,2023-02-11,37,quantile,0.05,3.9
2023-02-06,1 wk ahead inc flu hosp,2023-02-11,34,quantile,0.05,0
2023-02-06,1 wk ahead inc flu hosp,2023-02-11,08,quantile,0.05,2.2
2023-02-06,1 wk ahead inc flu hosp,2023-02-11,24,quantile,0.05,5.5
2023-02-06,1 wk ahead inc flu hosp,2023-02-11,32,quantile,0.05,0
2023-02-06,1 wk ahead inc flu hosp,2023-02-11,47,quantile,0.05,4.3
2023-02-06,1 wk ahead inc flu hosp,2023-02-11,15,quantile,0.05,0
2023-02-06,1 wk ahead inc flu hosp,2023-02-11,18,quantile,0.05,3
2023-02-06,1 wk ahead inc flu hosp,2023-02-11,21,quantile,0.05,0
2023-02-06,1 wk ahead inc flu hosp,2023-02-11,27,quantile,0.05,0
2023-02-06,1 wk ahead inc flu hosp,2023-02-11,40,quantile,0.05,8
2023-02-06,1 wk ahead inc flu hosp,2023-02-11,42,quantile,0.05,4.1
2023-02-06,1 wk ahead inc flu hosp,2023-02-11,45,quantile,0.05,3.5
2023-02-06,1 wk ahead inc flu hosp,2023-02-11,11,quantile,0.05,0
2023-02-06,1 wk ahead inc flu hosp,2023-02-11,20,quantile,0.05,0
2023-02-06,1 wk ahead inc flu hosp,2023-02-11,29,quantile,0.05,3
2023-02-06,1 wk ahead inc flu hosp,2023-02-11,50,quantile,0.05,0
2023-02-06,1 wk ahead inc flu hosp,2023-02-11,51,quantile,0.05,0
2023-02-06,1 wk ahead inc flu hosp,2023-02-11,09,quantile,0.05,1.1
2023-02-06,1 wk ahead inc flu hosp,2023-02-11,19,quantile,0.05,0
2023-02-06,1 wk ahead inc flu hosp,2023-02-11,22,quantile,0.05,3.5
2023-02-06,1 wk ahead inc flu hosp,2023-02-11,39,quantile,0.05,2.6
2023-02-06,1 wk ahead inc flu hosp,2023-02-11,26,quantile,0.05,3.1
2023-02-06,1 wk ahead inc flu hosp,2023-02-11,46,quantile,0.05,0.5
2023-02-06,1 wk ahead inc flu hosp,2023-02-11,05,quantile,0.05,0
2023-02-06,1 wk ahead inc flu hosp,2023-02-11,10,quantile,0.05,0
2023-02-06,1 wk ahead inc flu hosp,2023-02-11,28,quantile,0.05,4.8
2023-02-06,1 wk ahead inc flu hosp,2023-02-11,35,quantile,0.05,0
2023-02-06,1 wk ahead inc flu hosp,2023-02-11,38,quantile,0.05,5.2
2023-02-06,1 wk ahead inc flu hosp,2023-02-11,56,quantile,0.05,0
2023-02-06,1 wk ahead inc flu hosp,2023-02-11,02,quantile,0.05,0
2023-02-06,1 wk ahead inc flu hosp,2023-02-11,23,quantile,0.05,0
2023-02-06,1 wk ahead inc flu hosp,2023-02-11,01,quantile,0.05,6.4
2023-02-06,1 wk ahead inc flu hosp,2023-02-11,16,quantile,0.05,0
2023-02-06,1 wk ahead inc flu hosp,2023-02-11,30,quantile,0.05,0
2023-02-06,1 wk ahead inc flu hosp,2023-02-11,72,quantile,0.05,11
2023-02-06,1 wk ahead inc flu hosp,2023-02-11,78,quantile,0.05,0
2023-02-06,1 wk ahead inc flu hosp,2023-02-11,54,quantile,0.05,5.1
2023-02-06,2 wk ahead inc flu hosp,2023-02-18,53,quantile,0.05,0
2023-02-06,2 wk ahead inc flu hosp,2023-02-18,17,quantile,0.05,4.2
2023-02-06,2 wk ahead inc flu hosp,2023-02-18,06,quantile,0.05,0
2023-02-06,2 wk ahead inc flu hosp,2023-02-18,04,quantile,0.05,0
2023-02-06,2 wk ahead inc flu hosp,2023-02-18,25,quantile,0.05,0
2023-02-06,2 wk ahead inc flu hosp,2023-02-18,55,quantile,0.05,0
2023-02-06,2 wk ahead inc flu hosp,2023-02-18,48,quantile,0.05,24
2023-02-06,2 wk ahead inc flu hosp,2023-02-18,31,quantile,0.05,0
2023-02-06,2 wk ahead inc flu hosp,2023-02-18,49,quantile,0.05,0
2023-02-06,2 wk ahead inc flu hosp,2023-02-18,41,quantile,0.05,0
2023-02-06,2 wk ahead inc flu hosp,2023-02-18,12,quantile,0.05,73.6
2023-02-06,2 wk ahead inc flu hosp,2023-02-18,36,quantile,0.05,0.6
2023-02-06,2 wk ahead inc flu hosp,2023-02-18,44,quantile,0.05,0
2023-02-06,2 wk ahead inc flu hosp,2023-02-18,13,quantile,0.05,6.3
2023-02-06,2 wk ahead inc flu hosp,2023-02-18,33,quantile,0.05,0
2023-02-06,2 wk ahead inc flu hosp,2023-02-18,37,quantile,0.05,0
2023-02-06,2 wk ahead inc flu hosp,2023-02-18,34,quantile,0.05,0
2023-02-06,2 wk ahead inc flu hosp,2023-02-18,08,quantile,0.05,0
2023-02-06,2 wk ahead inc flu hosp,2023-02-18,24,quantile,0.05,3.9
2023-02-06,2 wk ahead inc flu hosp,2023-02-18,32,quantile,0.05,0
2023-02-06,2 wk ahead inc flu hosp,2023-02-18,47,quantile,0.05,0
2023-02-06,2 wk ahead inc flu hosp,2023-02-18,15,quantile,0.05,0.3
2023-02-06,2 wk ahead inc flu hosp,2023-02-18,18,quantile,0.05,0
2023-02-06,2 wk ahead inc flu hosp,2023-02-18,21,quantile,0.05,0
2023-02-06,2 wk ahead inc flu hosp,2023-02-18,27,quantile,0.05,0.5
2023-02-06,2 wk ahead inc flu hosp,2023-02-18,40,quantile,0.05,0.8
2023-02-06,2 wk ahead inc flu hosp,2023-02-18,42,quantile,0.05,0
2023-02-06,2 wk ahead inc flu hosp,2023-02-18,45,quantile,0.05,0
2023-02-06,2 wk ahead inc flu hosp,2023-02-18,11,quantile,0.05,0
2023-02-06,2 wk ahead inc flu hosp,2023-02-18,20,quantile,0.05,0
2023-02-06,2 wk ahead inc flu hosp,2023-02-18,29,quantile,0.05,0
2023-02-06,2 wk ahead inc flu hosp,2023-02-18,50,quantile,0.05,0
2023-02-06,2 wk ahead inc flu hosp,2023-02-18,51,quantile,0.05,2.9
2023-02-06,2 wk ahead inc flu hosp,2023-02-18,09,quantile,0.05,0
2023-02-06,2 wk ahead inc flu hosp,2023-02-18,19,quantile,0.05,0
2023-02-06,2 wk ahead inc flu hosp,2023-02-18,22,quantile,0.05,0
2023-02-06,2 wk ahead inc flu hosp,2023-02-18,39,quantile,0.05,0
2023-02-06,2 wk ahead inc flu hosp,2023-02-18,26,quantile,0.05,0
2023-02-06,2 wk ahead inc flu hosp,2023-02-18,46,quantile,0.05,0.6
2023-02-06,2 wk ahead inc flu hosp,2023-02-18,05,quantile,0.05,0
2023-02-06,2 wk ahead inc flu hosp,2023-02-18,10,quantile,0.05,0.3
2023-02-06,2 wk ahead inc flu hosp,2023-02-18,28,quantile,0.05,2.4
2023-02-06,2 wk ahead inc flu hosp,2023-02-18,35,quantile,0.05,0
2023-02-06,2 wk ahead inc flu hosp,2023-02-18,38,quantile,0.05,1.5
2023-02-06,2 wk ahead inc flu hosp,2023-02-18,56,quantile,0.05,0
2023-02-06,2 wk ahead inc flu hosp,2023-02-18,02,quantile,0.05,0.2
2023-02-06,2 wk ahead inc flu hosp,2023-02-18,23,quantile,0.05,0
2023-02-06,2 wk ahead inc flu hosp,2023-02-18,01,quantile,0.05,0.7
2023-02-06,2 wk ahead inc flu hosp,2023-02-18,16,quantile,0.05,0
2023-02-06,2 wk ahead inc flu hosp,2023-02-18,30,quantile,0.05,0
2023-02-06,2 wk ahead inc flu hosp,2023-02-18,72,quantile,0.05,7.8
2023-02-06,2 wk ahead inc flu hosp,2023-02-18,78,quantile,0.05,0
2023-02-06,2 wk ahead inc flu hosp,2023-02-18,54,quantile,0.05,0.3
2023-02-06,3 wk ahead inc flu hosp,2023-02-25,53,quantile,0.05,0
2023-02-06,3 wk ahead inc flu hosp,2023-02-25,17,quantile,0.05,0
2023-02-06,3 wk ahead inc flu hosp,2023-02-25,06,quantile,0.05,0
2023-02-06,3 wk ahead inc flu hosp,2023-02-25,04,quantile,0.05,0
2023-02-06,3 wk ahead inc flu hosp,2023-02-25,25,quantile,0.05,0
2023-02-06,3 wk ahead inc flu hosp,2023-02-25,55,quantile,0.05,0
2023-02-06,3 wk ahead inc flu hosp,2023-02-25,48,quantile,0.05,0
2023-02-06,3 wk ahead inc flu hosp,2023-02-25,31,quantile,0.05,0
2023-02-06,3 wk ahead inc flu hosp,2023-02-25,49,quantile,0.05,0
2023-02-06,3 wk ahead inc flu hosp,2023-02-25,41,quantile,0.05,0
2023-02-06,3 wk ahead inc flu hosp,2023-02-25,12,quantile,0.05,43.1
2023-02-06,3 wk ahead inc flu hosp,2023-02-25,36,quantile,0.05,0
2023-02-06,3 wk ahead inc flu hosp,2023-02-25,44,quantile,0.05,0
2023-02-06,3 wk ahead inc flu hosp,2023-02-25,13,quantile,0.05,7.1
2023-02-06,3 wk ahead inc flu hosp,2023-02-25,33,quantile,0.05,0
2023-02-06,3 wk ahead inc flu hosp,2023-02-25,37,quantile,0.05,0
2023-02-06,3 wk ahead inc flu hosp,2023-02-25,34,quantile,0.05,0
2023-02-06,3 wk ahead inc flu hosp,2023-02-25,08,quantile,0.05,0
2023-02-06,3 wk ahead inc flu hosp,2023-02-25,24,quantile,0.05,0
2023-02-06,3 wk ahead inc flu hosp,2023-02-25,32,quantile,0.05,0
2023-02-06,3 wk ahead inc flu hosp,2023-02-25,47,quantile,0.05,1.5
2023-02-06,3 wk ahead inc flu hosp,2023-02-25,15,quantile,0.05,0
2023-02-06,3 wk ahead inc flu hosp,2023-02-25,18,quantile,0.05,0
2023-02-06,3 wk ahead inc flu hosp,2023-02-25,21,quantile,0.05,0
2023-02-06,3 wk ahead inc flu hosp,2023-02-25,27,quantile,0.05,0
2023-02-06,3 wk ahead inc flu hosp,2023-02-25,40,quantile,0.05,0
2023-02-06,3 wk ahead inc flu hosp,2023-02-25,42,quantile,0.05,0
2023-02-06,3 wk ahead inc flu hosp,2023-02-25,45,quantile,0.05,0.7
2023-02-06,3 wk ahead inc flu hosp,2023-02-25,11,quantile,0.05,0
2023-02-06,3 wk ahead inc flu hosp,2023-02-25,20,quantile,0.05,0
2023-02-06,3 wk ahead inc flu hosp,2023-02-25,29,quantile,0.05,0
2023-02-06,3 wk ahead inc flu hosp,2023-02-25,50,quantile,0.05,0
2023-02-06,3 wk ahead inc flu hosp,2023-02-25,51,quantile,0.05,1.6
2023-02-06,3 wk ahead inc flu hosp,2023-02-25,09,quantile,0.05,0
2023-02-06,3 wk ahead inc flu hosp,2023-02-25,19,quantile,0.05,0
2023-02-06,3 wk ahead inc flu hosp,2023-02-25,22,quantile,0.05,0
2023-02-06,3 wk ahead inc flu hosp,2023-02-25,39,quantile,0.05,0
2023-02-06,3 wk ahead inc flu hosp,2023-02-25,26,quantile,0.05,0
2023-02-06,3 wk ahead inc flu hosp,2023-02-25,46,quantile,0.05,0
2023-02-06,3 wk ahead inc flu hosp,2023-02-25,05,quantile,0.05,0
2023-02-06,3 wk ahead inc flu hosp,2023-02-25,10,quantile,0.05,0
2023-02-06,3 wk ahead inc flu hosp,2023-02-25,28,quantile,0.05,1.1
2023-02-06,3 wk ahead inc flu hosp,2023-02-25,35,quantile,0.05,0
2023-02-06,3 wk ahead inc flu hosp,2023-02-25,38,quantile,0.05,0.9
2023-02-06,3 wk ahead inc flu hosp,2023-02-25,56,quantile,0.05,0
2023-02-06,3 wk ahead inc flu hosp,2023-02-25,02,quantile,0.05,0
2023-02-06,3 wk ahead inc flu hosp,2023-02-25,23,quantile,0.05,0
2023-02-06,3 wk ahead inc flu hosp,2023-02-25,01,quantile,0.05,0
2023-02-06,3 wk ahead inc flu hosp,2023-02-25,16,quantile,0.05,0
2023-02-06,3 wk ahead inc flu hosp,2023-02-25,30,quantile,0.05,0
2023-02-06,3 wk ahead inc flu hosp,2023-02-25,72,quantile,0.05,1.6
2023-02-06,3 wk ahead inc flu hosp,2023-02-25,78,quantile,0.05,0
2023-02-06,3 wk ahead inc flu hosp,2023-02-25,54,quantile,0.05,0
2023-02-06,4 wk ahead inc flu hosp,2023-03-04,53,quantile,0.05,0
2023-02-06,4 wk ahead inc flu hosp,2023-03-04,17,quantile,0.05,0
2023-02-06,4 wk ahead inc flu hosp,2023-03-04,06,quantile,0.05,0
2023-02-06,4 wk ahead inc flu hosp,2023-03-04,04,quantile,0.05,0
2023-02-06,4 wk ahead inc flu hosp,2023-03-04,25,quantile,0.05,0
2023-02-06,4 wk ahead inc flu hosp,2023-03-04,55,quantile,0.05,0
2023-02-06,4 wk ahead inc flu hosp,2023-03-04,48,quantile,0.05,0
2023-02-06,4 wk ahead inc flu hosp,2023-03-04,31,quantile,0.05,0
2023-02-06,4 wk ahead inc flu hosp,2023-03-04,49,quantile,0.05,0
2023-02-06,4 wk ahead inc flu hosp,2023-03-04,41,quantile,0.05,0
2023-02-06,4 wk ahead inc flu hosp,2023-03-04,12,quantile,0.05,0
2023-02-06,4 wk ahead inc flu hosp,2023-03-04,36,quantile,0.05,0
2023-02-06,4 wk ahead inc flu hosp,2023-03-04,44,quantile,0.05,0
2023-02-06,4 wk ahead inc flu hosp,2023-03-04,13,quantile,0.05,6.1
2023-02-06,4 wk ahead inc flu hosp,2023-03-04,33,quantile,0.05,0
2023-02-06,4 wk ahead inc flu hosp,2023-03-04,37,quantile,0.05,0
2023-02-06,4 wk ahead inc flu hosp,2023-03-04,34,quantile,0.05,1
2023-02-06,4 wk ahead inc flu hosp,2023-03-04,08,quantile,0.05,0
2023-02-06,4 wk ahead inc flu hosp,2023-03-04,24,quantile,0.05,0
2023-02-06,4 wk ahead inc flu hosp,2023-03-04,32,quantile,0.05,0
2023-02-06,4 wk ahead inc flu hosp,2023-03-04,47,quantile,0.05,0.4
2023-02-06,4 wk ahead inc flu hosp,2023-03-04,15,quantile,0.05,0
2023-02-06,4 wk ahead inc flu hosp,2023-03-04,18,quantile,0.05,0
2023-02-06,4 wk ahead inc flu hosp,2023-03-04,21,quantile,0.05,0
2023-02-06,4 wk ahead inc flu hosp,2023-03-04,27,quantile,0.05,0
2023-02-06,4 wk ahead inc flu hosp,2023-03-04,40,quantile,0.05,0
2023-02-06,4 wk ahead inc flu hosp,2023-03-04,42,quantile,0.05,0
2023-02-06,4 wk ahead inc flu hosp,2023-03-04,45,quantile,0.05,0
2023-02-06,4 wk ahead inc flu hosp,2023-03-04,11,quantile,0.05,0
2023-02-06,4 wk ahead inc flu hosp,2023-03-04,20,quantile,0.05,0
2023-02-06,4 wk ahead inc flu hosp,2023-03-04,29,quantile,0.05,0.1
2023-02-06,4 wk ahead inc flu hosp,2023-03-04,50,quantile,0.05,0
2023-02-06,4 wk ahead inc flu hosp,2023-03-04,51,quantile,0.05,0
2023-02-06,4 wk ahead inc flu hosp,2023-03-04,09,quantile,0.05,0
2023-02-06,4 wk ahead inc flu hosp,2023-03-04,19,quantile,0.05,0
2023-02-06,4 wk ahead inc flu hosp,2023-03-04,22,quantile,0.05,0
2023-02-06,4 wk ahead inc flu hosp,2023-03-04,39,quantile,0.05,1
2023-02-06,4 wk ahead inc flu hosp,2023-03-04,26,quantile,0.05,0
2023-02-06,4 wk ahead inc flu hosp,2023-03-04,46,quantile,0.05,0
2023-02-06,4 wk ahead inc flu hosp,2023-03-04,05,quantile,0.05,0
2023-02-06,4 wk ahead inc flu hosp,2023-03-04,10,quantile,0.05,0
2023-02-06,4 wk ahead inc flu hosp,2023-03-04,28,quantile,0.05,0
2023-02-06,4 wk ahead inc flu hosp,2023-03-04,35,quantile,0.05,0
2023-02-06,4 wk ahead inc flu hosp,2023-03-04,38,quantile,0.05,0.1
2023-02-06,4 wk ahead inc flu hosp,2023-03-04,56,quantile,0.05,0
2023-02-06,4 wk ahead inc flu hosp,2023-03-04,02,quantile,0.05,0
2023-02-06,4 wk ahead inc flu hosp,2023-03-04,23,quantile,0.05,0
2023-02-06,4 wk ahead inc flu hosp,2023-03-04,01,quantile,0.05,0
2023-02-06,4 wk ahead inc flu hosp,2023-03-04,16,quantile,0.05,0
2023-02-06,4 wk ahead inc flu hosp,2023-03-04,30,quantile,0.05,0
2023-02-06,4 wk ahead inc flu hosp,2023-03-04,72,quantile,0.05,2.5
2023-02-06,4 wk ahead inc flu hosp,2023-03-04,78,quantile,0.05,0
2023-02-06,4 wk ahead inc flu hosp,2023-03-04,54,quantile,0.05,0
2023-02-06,1 wk ahead inc flu hosp,2023-02-11,53,quantile,0.1,13.2
2023-02-06,1 wk ahead inc flu hosp,2023-02-11,17,quantile,0.1,0
2023-02-06,1 wk ahead inc flu hosp,2023-02-11,06,quantile,0.1,26.9
2023-02-06,1 wk ahead inc flu hosp,2023-02-11,04,quantile,0.1,8.7
2023-02-06,1 wk ahead inc flu hosp,2023-02-11,25,quantile,0.1,9.6
2023-02-06,1 wk ahead inc flu hosp,2023-02-11,55,quantile,0.1,8
2023-02-06,1 wk ahead inc flu hosp,2023-02-11,48,quantile,0.1,71.2
2023-02-06,1 wk ahead inc flu hosp,2023-02-11,31,quantile,0.1,0
2023-02-06,1 wk ahead inc flu hosp,2023-02-11,49,quantile,0.1,0.5
2023-02-06,1 wk ahead inc flu hosp,2023-02-11,41,quantile,0.1,0.1
2023-02-06,1 wk ahead inc flu hosp,2023-02-11,12,quantile,0.1,137.8
2023-02-06,1 wk ahead inc flu hosp,2023-02-11,36,quantile,0.1,33.7
2023-02-06,1 wk ahead inc flu hosp,2023-02-11,44,quantile,0.1,0.3
2023-02-06,1 wk ahead inc flu hosp,2023-02-11,13,quantile,0.1,36.2
2023-02-06,1 wk ahead inc flu hosp,2023-02-11,33,quantile,0.1,0
2023-02-06,1 wk ahead inc flu hosp,2023-02-11,37,quantile,0.1,14.5
2023-02-06,1 wk ahead inc flu hosp,2023-02-11,34,quantile,0.1,6.4
2023-02-06,1 wk ahead inc flu hosp,2023-02-11,08,quantile,0.1,9.9
2023-02-06,1 wk ahead inc flu hosp,2023-02-11,24,quantile,0.1,13.5
2023-02-06,1 wk ahead inc flu hosp,2023-02-11,32,quantile,0.1,0.3
2023-02-06,1 wk ahead inc flu hosp,2023-02-11,47,quantile,0.1,13.7
2023-02-06,1 wk ahead inc flu hosp,2023-02-11,15,quantile,0.1,1.3
2023-02-06,1 wk ahead inc flu hosp,2023-02-11,18,quantile,0.1,13.1
2023-02-06,1 wk ahead inc flu hosp,2023-02-11,21,quantile,0.1,1.1
2023-02-06,1 wk ahead inc flu hosp,2023-02-11,27,quantile,0.1,2.4
2023-02-06,1 wk ahead inc flu hosp,2023-02-11,40,quantile,0.1,17.6
2023-02-06,1 wk ahead inc flu hosp,2023-02-11,42,quantile,0.1,13.9
2023-02-06,1 wk ahead inc flu hosp,2023-02-11,45,quantile,0.1,7.4
2023-02-06,1 wk ahead inc flu hosp,2023-02-11,11,quantile,0.1,0
2023-02-06,1 wk ahead inc flu hosp,2023-02-11,20,quantile,0.1,0.7
2023-02-06,1 wk ahead inc flu hosp,2023-02-11,29,quantile,0.1,9.7
2023-02-06,1 wk ahead inc flu hosp,2023-02-11,50,quantile,0.1,0
2023-02-06,1 wk ahead inc flu hosp,2023-02-11,51,quantile,0.1,22.5
2023-02-06,1 wk ahead inc flu hosp,2023-02-11,09,quantile,0.1,2.2
2023-02-06,1 wk ahead inc flu hosp,2023-02-11,19,quantile,0.1,0
2023-02-06,1 wk ahead inc flu hosp,2023-02-11,22,quantile,0.1,9.6
2023-02-06,1 wk ahead inc flu hosp,2023-02-11,39,quantile,0.1,16.1
2023-02-06,1 wk ahead inc flu hosp,2023-02-11,26,quantile,0.1,16.1
2023-02-06,1 wk ahead inc flu hosp,2023-02-11,46,quantile,0.1,4
2023-02-06,1 wk ahead inc flu hosp,2023-02-11,05,quantile,0.1,2.8
2023-02-06,1 wk ahead inc flu hosp,2023-02-11,10,quantile,0.1,0.1
2023-02-06,1 wk ahead inc flu hosp,2023-02-11,28,quantile,0.1,10.7
2023-02-06,1 wk ahead inc flu hosp,2023-02-11,35,quantile,0.1,0
2023-02-06,1 wk ahead inc flu hosp,2023-02-11,38,quantile,0.1,7.1
2023-02-06,1 wk ahead inc flu hosp,2023-02-11,56,quantile,0.1,0
2023-02-06,1 wk ahead inc flu hosp,2023-02-11,02,quantile,0.1,0.6
2023-02-06,1 wk ahead inc flu hosp,2023-02-11,23,quantile,0.1,0.6
2023-02-06,1 wk ahead inc flu hosp,2023-02-11,01,quantile,0.1,14.4
2023-02-06,1 wk ahead inc flu hosp,2023-02-11,16,quantile,0.1,0.3
2023-02-06,1 wk ahead inc flu hosp,2023-02-11,30,quantile,0.1,0.8
2023-02-06,1 wk ahead inc flu hosp,2023-02-11,72,quantile,0.1,19.6
2023-02-06,1 wk ahead inc flu hosp,2023-02-11,78,quantile,0.1,0
2023-02-06,1 wk ahead inc flu hosp,2023-02-11,54,quantile,0.1,7.6
2023-02-06,2 wk ahead inc flu hosp,2023-02-18,53,quantile,0.1,8.3
2023-02-06,2 wk ahead inc flu hosp,2023-02-18,17,quantile,0.1,7.6
2023-02-06,2 wk ahead inc flu hosp,2023-02-18,06,quantile,0.1,1.1
2023-02-06,2 wk ahead inc flu hosp,2023-02-18,04,quantile,0.1,0
2023-02-06,2 wk ahead inc flu hosp,2023-02-18,25,quantile,0.1,2
2023-02-06,2 wk ahead inc flu hosp,2023-02-18,55,quantile,0.1,0.8
2023-02-06,2 wk ahead inc flu hosp,2023-02-18,48,quantile,0.1,75.3
2023-02-06,2 wk ahead inc flu hosp,2023-02-18,31,quantile,0.1,0.3
2023-02-06,2 wk ahead inc flu hosp,2023-02-18,49,quantile,0.1,0
2023-02-06,2 wk ahead inc flu hosp,2023-02-18,41,quantile,0.1,0
2023-02-06,2 wk ahead inc flu hosp,2023-02-18,12,quantile,0.1,122.9
2023-02-06,2 wk ahead inc flu hosp,2023-02-18,36,quantile,0.1,7.8
2023-02-06,2 wk ahead inc flu hosp,2023-02-18,44,quantile,0.1,0
2023-02-06,2 wk ahead inc flu hosp,2023-02-18,13,quantile,0.1,22.6
2023-02-06,2 wk ahead inc flu hosp,2023-02-18,33,quantile,0.1,0
2023-02-06,2 wk ahead inc flu hosp,2023-02-18,37,quantile,0.1,4.7
2023-02-06,2 wk ahead inc flu hosp,2023-02-18,34,quantile,0.1,0
2023-02-06,2 wk ahead inc flu hosp,2023-02-18,08,quantile,0.1,0.9
2023-02-06,2 wk ahead inc flu hosp,2023-02-18,24,quantile,0.1,7.7
2023-02-06,2 wk ahead inc flu hosp,2023-02-18,32,quantile,0.1,0
2023-02-06,2 wk ahead inc flu hosp,2023-02-18,47,quantile,0.1,1.5
2023-02-06,2 wk ahead inc flu hosp,2023-02-18,15,quantile,0.1,0.7
2023-02-06,2 wk ahead inc flu hosp,2023-02-18,18,quantile,0.1,0
2023-02-06,2 wk ahead inc flu hosp,2023-02-18,21,quantile,0.1,1
2023-02-06,2 wk ahead inc flu hosp,2023-02-18,27,quantile,0.1,4.3
2023-02-06,2 wk ahead inc flu hosp,2023-02-18,40,quantile,0.1,5.1
2023-02-06,2 wk ahead inc flu hosp,2023-02-18,42,quantile,0.1,0
2023-02-06,2 wk ahead inc flu hosp,2023-02-18,45,quantile,0.1,1.5
2023-02-06,2 wk ahead inc flu hosp,2023-02-18,11,quantile,0.1,0
2023-02-06,2 wk ahead inc flu hosp,2023-02-18,20,quantile,0.1,0
2023-02-06,2 wk ahead inc flu hosp,2023-02-18,29,quantile,0.1,4
2023-02-06,2 wk ahead inc flu hosp,2023-02-18,50,quantile,0.1,0
2023-02-06,2 wk ahead inc flu hosp,2023-02-18,51,quantile,0.1,12.9
2023-02-06,2 wk ahead inc flu hosp,2023-02-18,09,quantile,0.1,0
2023-02-06,2 wk ahead inc flu hosp,2023-02-18,19,quantile,0.1,0.5
2023-02-06,2 wk ahead inc flu hosp,2023-02-18,22,quantile,0.1,1.5
2023-02-06,2 wk ahead inc flu hosp,2023-02-18,39,quantile,0.1,3.9
2023-02-06,2 wk ahead inc flu hosp,2023-02-18,26,quantile,0.1,0.4
2023-02-06,2 wk ahead inc flu hosp,2023-02-18,46,quantile,0.1,1.5
2023-02-06,2 wk ahead inc flu hosp,2023-02-18,05,quantile,0.1,0
2023-02-06,2 wk ahead inc flu hosp,2023-02-18,10,quantile,0.1,1.3
2023-02-06,2 wk ahead inc flu hosp,2023-02-18,28,quantile,0.1,6.6
2023-02-06,2 wk ahead inc flu hosp,2023-02-18,35,quantile,0.1,0
2023-02-06,2 wk ahead inc flu hosp,2023-02-18,38,quantile,0.1,3.6
2023-02-06,2 wk ahead inc flu hosp,2023-02-18,56,quantile,0.1,0
2023-02-06,2 wk ahead inc flu hosp,2023-02-18,02,quantile,0.1,0.4
2023-02-06,2 wk ahead inc flu hosp,2023-02-18,23,quantile,0.1,0
2023-02-06,2 wk ahead inc flu hosp,2023-02-18,01,quantile,0.1,3
2023-02-06,2 wk ahead inc flu hosp,2023-02-18,16,quantile,0.1,0.2
2023-02-06,2 wk ahead inc flu hosp,2023-02-18,30,quantile,0.1,0.3
2023-02-06,2 wk ahead inc flu hosp,2023-02-18,72,quantile,0.1,14.1
2023-02-06,2 wk ahead inc flu hosp,2023-02-18,78,quantile,0.1,0
2023-02-06,2 wk ahead inc flu hosp,2023-02-18,54,quantile,0.1,0.8
2023-02-06,3 wk ahead inc flu hosp,2023-02-25,53,quantile,0.1,5
2023-02-06,3 wk ahead inc flu hosp,2023-02-25,17,quantile,0.1,0
2023-02-06,3 wk ahead inc flu hosp,2023-02-25,06,quantile,0.1,0
2023-02-06,3 wk ahead inc flu hosp,2023-02-25,04,quantile,0.1,3.1
2023-02-06,3 wk ahead inc flu hosp,2023-02-25,25,quantile,0.1,0
2023-02-06,3 wk ahead inc flu hosp,2023-02-25,55,quantile,0.1,2.4
2023-02-06,3 wk ahead inc flu hosp,2023-02-25,48,quantile,0.1,0
2023-02-06,3 wk ahead inc flu hosp,2023-02-25,31,quantile,0.1,0
2023-02-06,3 wk ahead inc flu hosp,2023-02-25,49,quantile,0.1,0
2023-02-06,3 wk ahead inc flu hosp,2023-02-25,41,quantile,0.1,0
2023-02-06,3 wk ahead inc flu hosp,2023-02-25,12,quantile,0.1,89.6
2023-02-06,3 wk ahead inc flu hosp,2023-02-25,36,quantile,0.1,9.4
2023-02-06,3 wk ahead inc flu hosp,2023-02-25,44,quantile,0.1,0
2023-02-06,3 wk ahead inc flu hosp,2023-02-25,13,quantile,0.1,13.5
2023-02-06,3 wk ahead inc flu hosp,2023-02-25,33,quantile,0.1,0
2023-02-06,3 wk ahead inc flu hosp,2023-02-25,37,quantile,0.1,3.9
2023-02-06,3 wk ahead inc flu hosp,2023-02-25,34,quantile,0.1,5.7
2023-02-06,3 wk ahead inc flu hosp,2023-02-25,08,quantile,0.1,4.1
2023-02-06,3 wk ahead inc flu hosp,2023-02-25,24,quantile,0.1,4.3
2023-02-06,3 wk ahead inc flu hosp,2023-02-25,32,quantile,0.1,0
2023-02-06,3 wk ahead inc flu hosp,2023-02-25,47,quantile,0.1,6
2023-02-06,3 wk ahead inc flu hosp,2023-02-25,15,quantile,0.1,0.3
2023-02-06,3 wk ahead inc flu hosp,2023-02-25,18,quantile,0.1,1
2023-02-06,3 wk ahead inc flu hosp,2023-02-25,21,quantile,0.1,0.6
2023-02-06,3 wk ahead inc flu hosp,2023-02-25,27,quantile,0.1,1.9
2023-02-06,3 wk ahead inc flu hosp,2023-02-25,40,quantile,0.1,2.1
2023-02-06,3 wk ahead inc flu hosp,2023-02-25,42,quantile,0.1,0
2023-02-06,3 wk ahead inc flu hosp,2023-02-25,45,quantile,0.1,2.8
2023-02-06,3 wk ahead inc flu hosp,2023-02-25,11,quantile,0.1,0
2023-02-06,3 wk ahead inc flu hosp,2023-02-25,20,quantile,0.1,0
2023-02-06,3 wk ahead inc flu hosp,2023-02-25,29,quantile,0.1,2.7
2023-02-06,3 wk ahead inc flu hosp,2023-02-25,50,quantile,0.1,0
2023-02-06,3 wk ahead inc flu hosp,2023-02-25,51,quantile,0.1,12.4
2023-02-06,3 wk ahead inc flu hosp,2023-02-25,09,quantile,0.1,0.3
2023-02-06,3 wk ahead inc flu hosp,2023-02-25,19,quantile,0.1,0
2023-02-06,3 wk ahead inc flu hosp,2023-02-25,22,quantile,0.1,0
2023-02-06,3 wk ahead inc flu hosp,2023-02-25,39,quantile,0.1,11.2
2023-02-06,3 wk ahead inc flu hosp,2023-02-25,26,quantile,0.1,0
2023-02-06,3 wk ahead inc flu hosp,2023-02-25,46,quantile,0.1,0
2023-02-06,3 wk ahead inc flu hosp,2023-02-25,05,quantile,0.1,0
2023-02-06,3 wk ahead inc flu hosp,2023-02-25,10,quantile,0.1,0
2023-02-06,3 wk ahead inc flu hosp,2023-02-25,28,quantile,0.1,5.3
2023-02-06,3 wk ahead inc flu hosp,2023-02-25,35,quantile,0.1,0.3
2023-02-06,3 wk ahead inc flu hosp,2023-02-25,38,quantile,0.1,2.9
2023-02-06,3 wk ahead inc flu hosp,2023-02-25,56,quantile,0.1,0
2023-02-06,3 wk ahead inc flu hosp,2023-02-25,02,quantile,0.1,0
2023-02-06,3 wk ahead inc flu hosp,2023-02-25,23,quantile,0.1,0.2
2023-02-06,3 wk ahead inc flu hosp,2023-02-25,01,quantile,0.1,2.1
2023-02-06,3 wk ahead inc flu hosp,2023-02-25,16,quantile,0.1,0
2023-02-06,3 wk ahead inc flu hosp,2023-02-25,30,quantile,0.1,0.2
2023-02-06,3 wk ahead inc flu hosp,2023-02-25,72,quantile,0.1,8.1
2023-02-06,3 wk ahead inc flu hosp,2023-02-25,78,quantile,0.1,0
2023-02-06,3 wk ahead inc flu hosp,2023-02-25,54,quantile,0.1,0
2023-02-06,4 wk ahead inc flu hosp,2023-03-04,53,quantile,0.1,0.1
2023-02-06,4 wk ahead inc flu hosp,2023-03-04,17,quantile,0.1,0
2023-02-06,4 wk ahead inc flu hosp,2023-03-04,06,quantile,0.1,0
2023-02-06,4 wk ahead inc flu hosp,2023-03-04,04,quantile,0.1,3.5
2023-02-06,4 wk ahead inc flu hosp,2023-03-04,25,quantile,0.1,0
2023-02-06,4 wk ahead inc flu hosp,2023-03-04,55,quantile,0.1,1.3
2023-02-06,4 wk ahead inc flu hosp,2023-03-04,48,quantile,0.1,4.4
2023-02-06,4 wk ahead inc flu hosp,2023-03-04,31,quantile,0.1,0.7
2023-02-06,4 wk ahead inc flu hosp,2023-03-04,49,quantile,0.1,0
2023-02-06,4 wk ahead inc flu hosp,2023-03-04,41,quantile,0.1,0
2023-02-06,4 wk ahead inc flu hosp,2023-03-04,12,quantile,0.1,10.2
2023-02-06,4 wk ahead inc flu hosp,2023-03-04,36,quantile,0.1,9.6
2023-02-06,4 wk ahead inc flu hosp,2023-03-04,44,quantile,0.1,0
2023-02-06,4 wk ahead inc flu hosp,2023-03-04,13,quantile,0.1,16
2023-02-06,4 wk ahead inc flu hosp,2023-03-04,33,quantile,0.1,0
2023-02-06,4 wk ahead inc flu hosp,2023-03-04,37,quantile,0.1,4.2
2023-02-06,4 wk ahead inc flu hosp,2023-03-04,34,quantile,0.1,3.5
2023-02-06,4 wk ahead inc flu hosp,2023-03-04,08,quantile,0.1,1.3
2023-02-06,4 wk ahead inc flu hosp,2023-03-04,24,quantile,0.1,0.8
2023-02-06,4 wk ahead inc flu hosp,2023-03-04,32,quantile,0.1,0
2023-02-06,4 wk ahead inc flu hosp,2023-03-04,47,quantile,0.1,3.3
2023-02-06,4 wk ahead inc flu hosp,2023-03-04,15,quantile,0.1,0
2023-02-06,4 wk ahead inc flu hosp,2023-03-04,18,quantile,0.1,6
2023-02-06,4 wk ahead inc flu hosp,2023-03-04,21,quantile,0.1,0
2023-02-06,4 wk ahead inc flu hosp,2023-03-04,27,quantile,0.1,0
2023-02-06,4 wk ahead inc flu hosp,2023-03-04,40,quantile,0.1,1.7
2023-02-06,4 wk ahead inc flu hosp,2023-03-04,42,quantile,0.1,3.6
2023-02-06,4 wk ahead inc flu hosp,2023-03-04,45,quantile,0.1,0
2023-02-06,4 wk ahead inc flu hosp,2023-03-04,11,quantile,0.1,0
2023-02-06,4 wk ahead inc flu hosp,2023-03-04,20,quantile,0.1,0
2023-02-06,4 wk ahead inc flu hosp,2023-03-04,29,quantile,0.1,4.4
2023-02-06,4 wk ahead inc flu hosp,2023-03-04,50,quantile,0.1,0
2023-02-06,4 wk ahead inc flu hosp,2023-03-04,51,quantile,0.1,2
2023-02-06,4 wk ahead inc flu hosp,2023-03-04,09,quantile,0.1,0
2023-02-06,4 wk ahead inc flu hosp,2023-03-04,19,quantile,0.1,1.1
2023-02-06,4 wk ahead inc flu hosp,2023-03-04,22,quantile,0.1,0
2023-02-06,4 wk ahead inc flu hosp,2023-03-04,39,quantile,0.1,8.1
2023-02-06,4 wk ahead inc flu hosp,2023-03-04,26,quantile,0.1,7.1
2023-02-06,4 wk ahead inc flu hosp,2023-03-04,46,quantile,0.1,0.9
2023-02-06,4 wk ahead inc flu hosp,2023-03-04,05,quantile,0.1,0
2023-02-06,4 wk ahead inc flu hosp,2023-03-04,10,quantile,0.1,0
2023-02-06,4 wk ahead inc flu hosp,2023-03-04,28,quantile,0.1,2
2023-02-06,4 wk ahead inc flu hosp,2023-03-04,35,quantile,0.1,0
2023-02-06,4 wk ahead inc flu hosp,2023-03-04,38,quantile,0.1,0.8
2023-02-06,4 wk ahead inc flu hosp,2023-03-04,56,quantile,0.1,0
2023-02-06,4 wk ahead inc flu hosp,2023-03-04,02,quantile,0.1,0.1
2023-02-06,4 wk ahead inc flu hosp,2023-03-04,23,quantile,0.1,0
2023-02-06,4 wk ahead inc flu hosp,2023-03-04,01,quantile,0.1,0
2023-02-06,4 wk ahead inc flu hosp,2023-03-04,16,quantile,0.1,0.2
2023-02-06,4 wk ahead inc flu hosp,2023-03-04,30,quantile,0.1,0
2023-02-06,4 wk ahead inc flu hosp,2023-03-04,72,quantile,0.1,8.6
2023-02-06,4 wk ahead inc flu hosp,2023-03-04,78,quantile,0.1,0
2023-02-06,4 wk ahead inc flu hosp,2023-03-04,54,quantile,0.1,0
2023-02-06,1 wk ahead inc flu hosp,2023-02-11,53,quantile,0.15,17.9
2023-02-06,1 wk ahead inc flu hosp,2023-02-11,17,quantile,0.15,10.8
2023-02-06,1 wk ahead inc flu hosp,2023-02-11,06,quantile,0.15,41.1
2023-02-06,1 wk ahead inc flu hosp,2023-02-11,04,quantile,0.15,14.2
2023-02-06,1 wk ahead inc flu hosp,2023-02-11,25,quantile,0.15,17.6
2023-02-06,1 wk ahead inc flu hosp,2023-02-11,55,quantile,0.15,12.7
2023-02-06,1 wk ahead inc flu hosp,2023-02-11,48,quantile,0.15,131
2023-02-06,1 wk ahead inc flu hosp,2023-02-11,31,quantile,0.15,1.3
2023-02-06,1 wk ahead inc flu hosp,2023-02-11,49,quantile,0.15,0.5
2023-02-06,1 wk ahead inc flu hosp,2023-02-11,41,quantile,0.15,1.2
2023-02-06,1 wk ahead inc flu hosp,2023-02-11,12,quantile,0.15,177.9
2023-02-06,1 wk ahead inc flu hosp,2023-02-11,36,quantile,0.15,46.3
2023-02-06,1 wk ahead inc flu hosp,2023-02-11,44,quantile,0.15,0.9
2023-02-06,1 wk ahead inc flu hosp,2023-02-11,13,quantile,0.15,56.4
2023-02-06,1 wk ahead inc flu hosp,2023-02-11,33,quantile,0.15,1
2023-02-06,1 wk ahead inc flu hosp,2023-02-11,37,quantile,0.15,22.2
2023-02-06,1 wk ahead inc flu hosp,2023-02-11,34,quantile,0.15,12.4
2023-02-06,1 wk ahead inc flu hosp,2023-02-11,08,quantile,0.15,14.7
2023-02-06,1 wk ahead inc flu hosp,2023-02-11,24,quantile,0.15,17.5
2023-02-06,1 wk ahead inc flu hosp,2023-02-11,32,quantile,0.15,0.7
2023-02-06,1 wk ahead inc flu hosp,2023-02-11,47,quantile,0.15,18.6
2023-02-06,1 wk ahead inc flu hosp,2023-02-11,15,quantile,0.15,2.7
2023-02-06,1 wk ahead inc flu hosp,2023-02-11,18,quantile,0.15,19.7
2023-02-06,1 wk ahead inc flu hosp,2023-02-11,21,quantile,0.15,1.3
2023-02-06,1 wk ahead inc flu hosp,2023-02-11,27,quantile,0.15,7.6
2023-02-06,1 wk ahead inc flu hosp,2023-02-11,40,quantile,0.15,25.3
2023-02-06,1 wk ahead inc flu hosp,2023-02-11,42,quantile,0.15,31.8
2023-02-06,1 wk ahead inc flu hosp,2023-02-11,45,quantile,0.15,12.3
2023-02-06,1 wk ahead inc flu hosp,2023-02-11,11,quantile,0.15,0
2023-02-06,1 wk ahead inc flu hosp,2023-02-11,20,quantile,0.15,1.6
2023-02-06,1 wk ahead inc flu hosp,2023-02-11,29,quantile,0.15,17.7
2023-02-06,1 wk ahead inc flu hosp,2023-02-11,50,quantile,0.15,0
2023-02-06,1 wk ahead inc flu hosp,2023-02-11,51,quantile,0.15,30.1
2023-02-06,1 wk ahead inc flu hosp,2023-02-11,09,quantile,0.15,3
2023-02-06,1 wk ahead inc flu hosp,2023-02-11,19,quantile,0.15,0.6
2023-02-06,1 wk ahead inc flu hosp,2023-02-11,22,quantile,0.15,13.8
2023-02-06,1 wk ahead inc flu hosp,2023-02-11,39,quantile,0.15,21.8
2023-02-06,1 wk ahead inc flu hosp,2023-02-11,26,quantile,0.15,26.2
2023-02-06,1 wk ahead inc flu hosp,2023-02-11,46,quantile,0.15,6.4
2023-02-06,1 wk ahead inc flu hosp,2023-02-11,05,quantile,0.15,4.4
2023-02-06,1 wk ahead inc flu hosp,2023-02-11,10,quantile,0.15,0.9
2023-02-06,1 wk ahead inc flu hosp,2023-02-11,28,quantile,0.15,15.2
2023-02-06,1 wk ahead inc flu hosp,2023-02-11,35,quantile,0.15,0.8
2023-02-06,1 wk ahead inc flu hosp,2023-02-11,38,quantile,0.15,8.8
2023-02-06,1 wk ahead inc flu hosp,2023-02-11,56,quantile,0.15,0
2023-02-06,1 wk ahead inc flu hosp,2023-02-11,02,quantile,0.15,1.6
2023-02-06,1 wk ahead inc flu hosp,2023-02-11,23,quantile,0.15,1.6
2023-02-06,1 wk ahead inc flu hosp,2023-02-11,01,quantile,0.15,17.7
2023-02-06,1 wk ahead inc flu hosp,2023-02-11,16,quantile,0.15,0.6
2023-02-06,1 wk ahead inc flu hosp,2023-02-11,30,quantile,0.15,2.3
2023-02-06,1 wk ahead inc flu hosp,2023-02-11,72,quantile,0.15,23.6
2023-02-06,1 wk ahead inc flu hosp,2023-02-11,78,quantile,0.15,0
2023-02-06,1 wk ahead inc flu hosp,2023-02-11,54,quantile,0.15,8.5
2023-02-06,2 wk ahead inc flu hosp,2023-02-18,53,quantile,0.15,14.1
2023-02-06,2 wk ahead inc flu hosp,2023-02-18,17,quantile,0.15,11.8
2023-02-06,2 wk ahead inc flu hosp,2023-02-18,06,quantile,0.15,4.4
2023-02-06,2 wk ahead inc flu hosp,2023-02-18,04,quantile,0.15,6.6
2023-02-06,2 wk ahead inc flu hosp,2023-02-18,25,quantile,0.15,5.9
2023-02-06,2 wk ahead inc flu hosp,2023-02-18,55,quantile,0.15,3.9
2023-02-06,2 wk ahead inc flu hosp,2023-02-18,48,quantile,0.15,113.8
2023-02-06,2 wk ahead inc flu hosp,2023-02-18,31,quantile,0.15,0.6
2023-02-06,2 wk ahead inc flu hosp,2023-02-18,49,quantile,0.15,0
2023-02-06,2 wk ahead inc flu hosp,2023-02-18,41,quantile,0.15,0.4
2023-02-06,2 wk ahead inc flu hosp,2023-02-18,12,quantile,0.15,154.9
2023-02-06,2 wk ahead inc flu hosp,2023-02-18,36,quantile,0.15,18
2023-02-06,2 wk ahead inc flu hosp,2023-02-18,44,quantile,0.15,0
2023-02-06,2 wk ahead inc flu hosp,2023-02-18,13,quantile,0.15,37.4
2023-02-06,2 wk ahead inc flu hosp,2023-02-18,33,quantile,0.15,0
2023-02-06,2 wk ahead inc flu hosp,2023-02-18,37,quantile,0.15,13
2023-02-06,2 wk ahead inc flu hosp,2023-02-18,34,quantile,0.15,2.4
2023-02-06,2 wk ahead inc flu hosp,2023-02-18,08,quantile,0.15,2.5
2023-02-06,2 wk ahead inc flu hosp,2023-02-18,24,quantile,0.15,9.5
2023-02-06,2 wk ahead inc flu hosp,2023-02-18,32,quantile,0.15,0
2023-02-06,2 wk ahead inc flu hosp,2023-02-18,47,quantile,0.15,5.1
2023-02-06,2 wk ahead inc flu hosp,2023-02-18,15,quantile,0.15,2.2
2023-02-06,2 wk ahead inc flu hosp,2023-02-18,18,quantile,0.15,1.9
2023-02-06,2 wk ahead inc flu hosp,2023-02-18,21,quantile,0.15,2.6
2023-02-06,2 wk ahead inc flu hosp,2023-02-18,27,quantile,0.15,6.8
2023-02-06,2 wk ahead inc flu hosp,2023-02-18,40,quantile,0.15,11.2
2023-02-06,2 wk ahead inc flu hosp,2023-02-18,42,quantile,0.15,5
2023-02-06,2 wk ahead inc flu hosp,2023-02-18,45,quantile,0.15,5.4
2023-02-06,2 wk ahead inc flu hosp,2023-02-18,11,quantile,0.15,0.1
2023-02-06,2 wk ahead inc flu hosp,2023-02-18,20,quantile,0.15,1.1
2023-02-06,2 wk ahead inc flu hosp,2023-02-18,29,quantile,0.15,8
2023-02-06,2 wk ahead inc flu hosp,2023-02-18,50,quantile,0.15,0.1
2023-02-06,2 wk ahead inc flu hosp,2023-02-18,51,quantile,0.15,22
2023-02-06,2 wk ahead inc flu hosp,2023-02-18,09,quantile,0.15,1.4
2023-02-06,2 wk ahead inc flu hosp,2023-02-18,19,quantile,0.15,1.2
2023-02-06,2 wk ahead inc flu hosp,2023-02-18,22,quantile,0.15,6.9
2023-02-06,2 wk ahead inc flu hosp,2023-02-18,39,quantile,0.15,10.2
2023-02-06,2 wk ahead inc flu hosp,2023-02-18,26,quantile,0.15,7.1
2023-02-06,2 wk ahead inc flu hosp,2023-02-18,46,quantile,0.15,3.3
2023-02-06,2 wk ahead inc flu hosp,2023-02-18,05,quantile,0.15,0
2023-02-06,2 wk ahead inc flu hosp,2023-02-18,10,quantile,0.15,2.8
2023-02-06,2 wk ahead inc flu hosp,2023-02-18,28,quantile,0.15,9.8
2023-02-06,2 wk ahead inc flu hosp,2023-02-18,35,quantile,0.15,0.9
2023-02-06,2 wk ahead inc flu hosp,2023-02-18,38,quantile,0.15,4.8
2023-02-06,2 wk ahead inc flu hosp,2023-02-18,56,quantile,0.15,0
2023-02-06,2 wk ahead inc flu hosp,2023-02-18,02,quantile,0.15,1.1
2023-02-06,2 wk ahead inc flu hosp,2023-02-18,23,quantile,0.15,0
2023-02-06,2 wk ahead inc flu hosp,2023-02-18,01,quantile,0.15,6.3
2023-02-06,2 wk ahead inc flu hosp,2023-02-18,16,quantile,0.15,0.7
2023-02-06,2 wk ahead inc flu hosp,2023-02-18,30,quantile,0.15,1.7
2023-02-06,2 wk ahead inc flu hosp,2023-02-18,72,quantile,0.15,18.2
2023-02-06,2 wk ahead inc flu hosp,2023-02-18,78,quantile,0.15,0
2023-02-06,2 wk ahead inc flu hosp,2023-02-18,54,quantile,0.15,2.4
2023-02-06,3 wk ahead inc flu hosp,2023-02-25,53,quantile,0.15,8.8
2023-02-06,3 wk ahead inc flu hosp,2023-02-25,17,quantile,0.15,1.3
2023-02-06,3 wk ahead inc flu hosp,2023-02-25,06,quantile,0.15,0
2023-02-06,3 wk ahead inc flu hosp,2023-02-25,04,quantile,0.15,9.2
2023-02-06,3 wk ahead inc flu hosp,2023-02-25,25,quantile,0.15,0
2023-02-06,3 wk ahead inc flu hosp,2023-02-25,55,quantile,0.15,6.2
2023-02-06,3 wk ahead inc flu hosp,2023-02-25,48,quantile,0.15,13.6
2023-02-06,3 wk ahead inc flu hosp,2023-02-25,31,quantile,0.15,0.2
2023-02-06,3 wk ahead inc flu hosp,2023-02-25,49,quantile,0.15,0
2023-02-06,3 wk ahead inc flu hosp,2023-02-25,41,quantile,0.15,0
2023-02-06,3 wk ahead inc flu hosp,2023-02-25,12,quantile,0.15,114.5
2023-02-06,3 wk ahead inc flu hosp,2023-02-25,36,quantile,0.15,11.1
2023-02-06,3 wk ahead inc flu hosp,2023-02-25,44,quantile,0.15,0
2023-02-06,3 wk ahead inc flu hosp,2023-02-25,13,quantile,0.15,28.3
2023-02-06,3 wk ahead inc flu hosp,2023-02-25,33,quantile,0.15,0.1
2023-02-06,3 wk ahead inc flu hosp,2023-02-25,37,quantile,0.15,9.7
2023-02-06,3 wk ahead inc flu hosp,2023-02-25,34,quantile,0.15,10.8
2023-02-06,3 wk ahead inc flu hosp,2023-02-25,08,quantile,0.15,10.6
2023-02-06,3 wk ahead inc flu hosp,2023-02-25,24,quantile,0.15,7.7
2023-02-06,3 wk ahead inc flu hosp,2023-02-25,32,quantile,0.15,0
2023-02-06,3 wk ahead inc flu hosp,2023-02-25,47,quantile,0.15,7.6
2023-02-06,3 wk ahead inc flu hosp,2023-02-25,15,quantile,0.15,1.5
2023-02-06,3 wk ahead inc flu hosp,2023-02-25,18,quantile,0.15,4.4
2023-02-06,3 wk ahead inc flu hosp,2023-02-25,21,quantile,0.15,1.8
2023-02-06,3 wk ahead inc flu hosp,2023-02-25,27,quantile,0.15,2.6
2023-02-06,3 wk ahead inc flu hosp,2023-02-25,40,quantile,0.15,5.4
2023-02-06,3 wk ahead inc flu hosp,2023-02-25,42,quantile,0.15,3.2
2023-02-06,3 wk ahead inc flu hosp,2023-02-25,45,quantile,0.15,7.1
2023-02-06,3 wk ahead inc flu hosp,2023-02-25,11,quantile,0.15,0.3
2023-02-06,3 wk ahead inc flu hosp,2023-02-25,20,quantile,0.15,0
2023-02-06,3 wk ahead inc flu hosp,2023-02-25,29,quantile,0.15,6.9
2023-02-06,3 wk ahead inc flu hosp,2023-02-25,50,quantile,0.15,0
2023-02-06,3 wk ahead inc flu hosp,2023-02-25,51,quantile,0.15,17.6
2023-02-06,3 wk ahead inc flu hosp,2023-02-25,09,quantile,0.15,0.6
2023-02-06,3 wk ahead inc flu hosp,2023-02-25,19,quantile,0.15,0.5
2023-02-06,3 wk ahead inc flu hosp,2023-02-25,22,quantile,0.15,2.1
2023-02-06,3 wk ahead inc flu hosp,2023-02-25,39,quantile,0.15,16.4
2023-02-06,3 wk ahead inc flu hosp,2023-02-25,26,quantile,0.15,4.2
2023-02-06,3 wk ahead inc flu hosp,2023-02-25,46,quantile,0.15,0.1
2023-02-06,3 wk ahead inc flu hosp,2023-02-25,05,quantile,0.15,1.1
2023-02-06,3 wk ahead inc flu hosp,2023-02-25,10,quantile,0.15,0.8
2023-02-06,3 wk ahead inc flu hosp,2023-02-25,28,quantile,0.15,8.6
2023-02-06,3 wk ahead inc flu hosp,2023-02-25,35,quantile,0.15,2
2023-02-06,3 wk ahead inc flu hosp,2023-02-25,38,quantile,0.15,4
2023-02-06,3 wk ahead inc flu hosp,2023-02-25,56,quantile,0.15,0
2023-02-06,3 wk ahead inc flu hosp,2023-02-25,02,quantile,0.15,0.4
2023-02-06,3 wk ahead inc flu hosp,2023-02-25,23,quantile,0.15,0.2
2023-02-06,3 wk ahead inc flu hosp,2023-02-25,01,quantile,0.15,4.2
2023-02-06,3 wk ahead inc flu hosp,2023-02-25,16,quantile,0.15,1
2023-02-06,3 wk ahead inc flu hosp,2023-02-25,30,quantile,0.15,0.7
2023-02-06,3 wk ahead inc flu hosp,2023-02-25,72,quantile,0.15,11.9
2023-02-06,3 wk ahead inc flu hosp,2023-02-25,78,quantile,0.15,0
2023-02-06,3 wk ahead inc flu hosp,2023-02-25,54,quantile,0.15,1.2
2023-02-06,4 wk ahead inc flu hosp,2023-03-04,53,quantile,0.15,2.3
2023-02-06,4 wk ahead inc flu hosp,2023-03-04,17,quantile,0.15,0
2023-02-06,4 wk ahead inc flu hosp,2023-03-04,06,quantile,0.15,10.1
2023-02-06,4 wk ahead inc flu hosp,2023-03-04,04,quantile,0.15,9.1
2023-02-06,4 wk ahead inc flu hosp,2023-03-04,25,quantile,0.15,1.6
2023-02-06,4 wk ahead inc flu hosp,2023-03-04,55,quantile,0.15,4.3
2023-02-06,4 wk ahead inc flu hosp,2023-03-04,48,quantile,0.15,27
2023-02-06,4 wk ahead inc flu hosp,2023-03-04,31,quantile,0.15,2
2023-02-06,4 wk ahead inc flu hosp,2023-03-04,49,quantile,0.15,0
2023-02-06,4 wk ahead inc flu hosp,2023-03-04,41,quantile,0.15,0
2023-02-06,4 wk ahead inc flu hosp,2023-03-04,12,quantile,0.15,35.6
2023-02-06,4 wk ahead inc flu hosp,2023-03-04,36,quantile,0.15,25
2023-02-06,4 wk ahead inc flu hosp,2023-03-04,44,quantile,0.15,0
2023-02-06,4 wk ahead inc flu hosp,2023-03-04,13,quantile,0.15,32.4
2023-02-06,4 wk ahead inc flu hosp,2023-03-04,33,quantile,0.15,0.8
2023-02-06,4 wk ahead inc flu hosp,2023-03-04,37,quantile,0.15,13.2
2023-02-06,4 wk ahead inc flu hosp,2023-03-04,34,quantile,0.15,6.4
2023-02-06,4 wk ahead inc flu hosp,2023-03-04,08,quantile,0.15,6.6
2023-02-06,4 wk ahead inc flu hosp,2023-03-04,24,quantile,0.15,5.8
2023-02-06,4 wk ahead inc flu hosp,2023-03-04,32,quantile,0.15,0
2023-02-06,4 wk ahead inc flu hosp,2023-03-04,47,quantile,0.15,7.4
2023-02-06,4 wk ahead inc flu hosp,2023-03-04,15,quantile,0.15,0.3
2023-02-06,4 wk ahead inc flu hosp,2023-03-04,18,quantile,0.15,10
2023-02-06,4 wk ahead inc flu hosp,2023-03-04,21,quantile,0.15,0
2023-02-06,4 wk ahead inc flu hosp,2023-03-04,27,quantile,0.15,1.1
2023-02-06,4 wk ahead inc flu hosp,2023-03-04,40,quantile,0.15,7.9
2023-02-06,4 wk ahead inc flu hosp,2023-03-04,42,quantile,0.15,13.4
2023-02-06,4 wk ahead inc flu hosp,2023-03-04,45,quantile,0.15,2.8
2023-02-06,4 wk ahead inc flu hosp,2023-03-04,11,quantile,0.15,0
2023-02-06,4 wk ahead inc flu hosp,2023-03-04,20,quantile,0.15,0
2023-02-06,4 wk ahead inc flu hosp,2023-03-04,29,quantile,0.15,9.1
2023-02-06,4 wk ahead inc flu hosp,2023-03-04,50,quantile,0.15,0
2023-02-06,4 wk ahead inc flu hosp,2023-03-04,51,quantile,0.15,6.4
2023-02-06,4 wk ahead inc flu hosp,2023-03-04,09,quantile,0.15,0.5
2023-02-06,4 wk ahead inc flu hosp,2023-03-04,19,quantile,0.15,4.9
2023-02-06,4 wk ahead inc flu hosp,2023-03-04,22,quantile,0.15,0.7
2023-02-06,4 wk ahead inc flu hosp,2023-03-04,39,quantile,0.15,15.2
2023-02-06,4 wk ahead inc flu hosp,2023-03-04,26,quantile,0.15,10
2023-02-06,4 wk ahead inc flu hosp,2023-03-04,46,quantile,0.15,2.4
2023-02-06,4 wk ahead inc flu hosp,2023-03-04,05,quantile,0.15,0.7
2023-02-06,4 wk ahead inc flu hosp,2023-03-04,10,quantile,0.15,0.1
2023-02-06,4 wk ahead inc flu hosp,2023-03-04,28,quantile,0.15,3.3
2023-02-06,4 wk ahead inc flu hosp,2023-03-04,35,quantile,0.15,0.7
2023-02-06,4 wk ahead inc flu hosp,2023-03-04,38,quantile,0.15,2
2023-02-06,4 wk ahead inc flu hosp,2023-03-04,56,quantile,0.15,0.1
2023-02-06,4 wk ahead inc flu hosp,2023-03-04,02,quantile,0.15,0.8
2023-02-06,4 wk ahead inc flu hosp,2023-03-04,23,quantile,0.15,0.4
2023-02-06,4 wk ahead inc flu hosp,2023-03-04,01,quantile,0.15,0
2023-02-06,4 wk ahead inc flu hosp,2023-03-04,16,quantile,0.15,1.1
2023-02-06,4 wk ahead inc flu hosp,2023-03-04,30,quantile,0.15,0.1
2023-02-06,4 wk ahead inc flu hosp,2023-03-04,72,quantile,0.15,12.3
2023-02-06,4 wk ahead inc flu hosp,2023-03-04,78,quantile,0.15,0
2023-02-06,4 wk ahead inc flu hosp,2023-03-04,54,quantile,0.15,0.8
2023-02-06,1 wk ahead inc flu hosp,2023-02-11,53,quantile,0.2,21.3
2023-02-06,1 wk ahead inc flu hosp,2023-02-11,17,quantile,0.2,16.5
2023-02-06,1 wk ahead inc flu hosp,2023-02-11,06,quantile,0.2,61.8
2023-02-06,1 wk ahead inc flu hosp,2023-02-11,04,quantile,0.2,19.3
2023-02-06,1 wk ahead inc flu hosp,2023-02-11,25,quantile,0.2,25.1
2023-02-06,1 wk ahead inc flu hosp,2023-02-11,55,quantile,0.2,15.2
2023-02-06,1 wk ahead inc flu hosp,2023-02-11,48,quantile,0.2,183.2
2023-02-06,1 wk ahead inc flu hosp,2023-02-11,31,quantile,0.2,2.7
2023-02-06,1 wk ahead inc flu hosp,2023-02-11,49,quantile,0.2,0.7
2023-02-06,1 wk ahead inc flu hosp,2023-02-11,41,quantile,0.2,2.7
2023-02-06,1 wk ahead inc flu hosp,2023-02-11,12,quantile,0.2,199.9
2023-02-06,1 wk ahead inc flu hosp,2023-02-11,36,quantile,0.2,57.6
2023-02-06,1 wk ahead inc flu hosp,2023-02-11,44,quantile,0.2,1.7
2023-02-06,1 wk ahead inc flu hosp,2023-02-11,13,quantile,0.2,70.4
2023-02-06,1 wk ahead inc flu hosp,2023-02-11,33,quantile,0.2,1.3
2023-02-06,1 wk ahead inc flu hosp,2023-02-11,37,quantile,0.2,27.2
2023-02-06,1 wk ahead inc flu hosp,2023-02-11,34,quantile,0.2,17.9
2023-02-06,1 wk ahead inc flu hosp,2023-02-11,08,quantile,0.2,18.5
2023-02-06,1 wk ahead inc flu hosp,2023-02-11,24,quantile,0.2,20.7
2023-02-06,1 wk ahead inc flu hosp,2023-02-11,32,quantile,0.2,1.1
2023-02-06,1 wk ahead inc flu hosp,2023-02-11,47,quantile,0.2,23
2023-02-06,1 wk ahead inc flu hosp,2023-02-11,15,quantile,0.2,4.3
2023-02-06,1 wk ahead inc flu hosp,2023-02-11,18,quantile,0.2,24.8
2023-02-06,1 wk ahead inc flu hosp,2023-02-11,21,quantile,0.2,3.6
2023-02-06,1 wk ahead inc flu hosp,2023-02-11,27,quantile,0.2,10.3
2023-02-06,1 wk ahead inc flu hosp,2023-02-11,40,quantile,0.2,29.2
2023-02-06,1 wk ahead inc flu hosp,2023-02-11,42,quantile,0.2,44.3
2023-02-06,1 wk ahead inc flu hosp,2023-02-11,45,quantile,0.2,15.5
2023-02-06,1 wk ahead inc flu hosp,2023-02-11,11,quantile,0.2,0
2023-02-06,1 wk ahead inc flu hosp,2023-02-11,20,quantile,0.2,2.6
2023-02-06,1 wk ahead inc flu hosp,2023-02-11,29,quantile,0.2,21.8
2023-02-06,1 wk ahead inc flu hosp,2023-02-11,50,quantile,0.2,0.1
2023-02-06,1 wk ahead inc flu hosp,2023-02-11,51,quantile,0.2,37.6
2023-02-06,1 wk ahead inc flu hosp,2023-02-11,09,quantile,0.2,3.7
2023-02-06,1 wk ahead inc flu hosp,2023-02-11,19,quantile,0.2,2
2023-02-06,1 wk ahead inc flu hosp,2023-02-11,22,quantile,0.2,16.7
2023-02-06,1 wk ahead inc flu hosp,2023-02-11,39,quantile,0.2,26.3
2023-02-06,1 wk ahead inc flu hosp,2023-02-11,26,quantile,0.2,35.1
2023-02-06,1 wk ahead inc flu hosp,2023-02-11,46,quantile,0.2,7.9
2023-02-06,1 wk ahead inc flu hosp,2023-02-11,05,quantile,0.2,7.5
2023-02-06,1 wk ahead inc flu hosp,2023-02-11,10,quantile,0.2,2.4
2023-02-06,1 wk ahead inc flu hosp,2023-02-11,28,quantile,0.2,16.5
2023-02-06,1 wk ahead inc flu hosp,2023-02-11,35,quantile,0.2,2.7
2023-02-06,1 wk ahead inc flu hosp,2023-02-11,38,quantile,0.2,9.7
2023-02-06,1 wk ahead inc flu hosp,2023-02-11,56,quantile,0.2,0
2023-02-06,1 wk ahead inc flu hosp,2023-02-11,02,quantile,0.2,2.6
2023-02-06,1 wk ahead inc flu hosp,2023-02-11,23,quantile,0.2,3
2023-02-06,1 wk ahead inc flu hosp,2023-02-11,01,quantile,0.2,20.8
2023-02-06,1 wk ahead inc flu hosp,2023-02-11,16,quantile,0.2,1.1
2023-02-06,1 wk ahead inc flu hosp,2023-02-11,30,quantile,0.2,3.4
2023-02-06,1 wk ahead inc flu hosp,2023-02-11,72,quantile,0.2,26.3
2023-02-06,1 wk ahead inc flu hosp,2023-02-11,78,quantile,0.2,0
2023-02-06,1 wk ahead inc flu hosp,2023-02-11,54,quantile,0.2,10.2
2023-02-06,2 wk ahead inc flu hosp,2023-02-18,53,quantile,0.2,17.2
2023-02-06,2 wk ahead inc flu hosp,2023-02-18,17,quantile,0.2,17.1
2023-02-06,2 wk ahead inc flu hosp,2023-02-18,06,quantile,0.2,23.8
2023-02-06,2 wk ahead inc flu hosp,2023-02-18,04,quantile,0.2,12.5
2023-02-06,2 wk ahead inc flu hosp,2023-02-18,25,quantile,0.2,12.2
2023-02-06,2 wk ahead inc flu hosp,2023-02-18,55,quantile,0.2,7.3
2023-02-06,2 wk ahead inc flu hosp,2023-02-18,48,quantile,0.2,143.1
2023-02-06,2 wk ahead inc flu hosp,2023-02-18,31,quantile,0.2,1.6
2023-02-06,2 wk ahead inc flu hosp,2023-02-18,49,quantile,0.2,0
2023-02-06,2 wk ahead inc flu hosp,2023-02-18,41,quantile,0.2,0.6
2023-02-06,2 wk ahead inc flu hosp,2023-02-18,12,quantile,0.2,172.6
2023-02-06,2 wk ahead inc flu hosp,2023-02-18,36,quantile,0.2,29.6
2023-02-06,2 wk ahead inc flu hosp,2023-02-18,44,quantile,0.2,0.3
2023-02-06,2 wk ahead inc flu hosp,2023-02-18,13,quantile,0.2,47.5
2023-02-06,2 wk ahead inc flu hosp,2023-02-18,33,quantile,0.2,0
2023-02-06,2 wk ahead inc flu hosp,2023-02-18,37,quantile,0.2,17.5
2023-02-06,2 wk ahead inc flu hosp,2023-02-18,34,quantile,0.2,8
2023-02-06,2 wk ahead inc flu hosp,2023-02-18,08,quantile,0.2,6.8
2023-02-06,2 wk ahead inc flu hosp,2023-02-18,24,quantile,0.2,13.8
2023-02-06,2 wk ahead inc flu hosp,2023-02-18,32,quantile,0.2,0
2023-02-06,2 wk ahead inc flu hosp,2023-02-18,47,quantile,0.2,9
2023-02-06,2 wk ahead inc flu hosp,2023-02-18,15,quantile,0.2,4.2
2023-02-06,2 wk ahead inc flu hosp,2023-02-18,18,quantile,0.2,7.3
2023-02-06,2 wk ahead inc flu hosp,2023-02-18,21,quantile,0.2,4.7
2023-02-06,2 wk ahead inc flu hosp,2023-02-18,27,quantile,0.2,9.3
2023-02-06,2 wk ahead inc flu hosp,2023-02-18,40,quantile,0.2,18.2
2023-02-06,2 wk ahead inc flu hosp,2023-02-18,42,quantile,0.2,13
2023-02-06,2 wk ahead inc flu hosp,2023-02-18,45,quantile,0.2,9.4
2023-02-06,2 wk ahead inc flu hosp,2023-02-18,11,quantile,0.2,0.8
2023-02-06,2 wk ahead inc flu hosp,2023-02-18,20,quantile,0.2,1.9
2023-02-06,2 wk ahead inc flu hosp,2023-02-18,29,quantile,0.2,13
2023-02-06,2 wk ahead inc flu hosp,2023-02-18,50,quantile,0.2,0.3
2023-02-06,2 wk ahead inc flu hosp,2023-02-18,51,quantile,0.2,29.2
2023-02-06,2 wk ahead inc flu hosp,2023-02-18,09,quantile,0.2,3
2023-02-06,2 wk ahead inc flu hosp,2023-02-18,19,quantile,0.2,3.6
2023-02-06,2 wk ahead inc flu hosp,2023-02-18,22,quantile,0.2,10.6
2023-02-06,2 wk ahead inc flu hosp,2023-02-18,39,quantile,0.2,17.1
2023-02-06,2 wk ahead inc flu hosp,2023-02-18,26,quantile,0.2,11.5
2023-02-06,2 wk ahead inc flu hosp,2023-02-18,46,quantile,0.2,4.5
2023-02-06,2 wk ahead inc flu hosp,2023-02-18,05,quantile,0.2,2.9
2023-02-06,2 wk ahead inc flu hosp,2023-02-18,10,quantile,0.2,4.1
2023-02-06,2 wk ahead inc flu hosp,2023-02-18,28,quantile,0.2,12.2
2023-02-06,2 wk ahead inc flu hosp,2023-02-18,35,quantile,0.2,3
2023-02-06,2 wk ahead inc flu hosp,2023-02-18,38,quantile,0.2,5.6
2023-02-06,2 wk ahead inc flu hosp,2023-02-18,56,quantile,0.2,0.1
2023-02-06,2 wk ahead inc flu hosp,2023-02-18,02,quantile,0.2,2
2023-02-06,2 wk ahead inc flu hosp,2023-02-18,23,quantile,0.2,0.9
2023-02-06,2 wk ahead inc flu hosp,2023-02-18,01,quantile,0.2,9.9
2023-02-06,2 wk ahead inc flu hosp,2023-02-18,16,quantile,0.2,1.8
2023-02-06,2 wk ahead inc flu hosp,2023-02-18,30,quantile,0.2,2.7
2023-02-06,2 wk ahead inc flu hosp,2023-02-18,72,quantile,0.2,21.6
2023-02-06,2 wk ahead inc flu hosp,2023-02-18,78,quantile,0.2,0
2023-02-06,2 wk ahead inc flu hosp,2023-02-18,54,quantile,0.2,3.6
2023-02-06,3 wk ahead inc flu hosp,2023-02-25,53,quantile,0.2,11.6
2023-02-06,3 wk ahead inc flu hosp,2023-02-25,17,quantile,0.2,8
2023-02-06,3 wk ahead inc flu hosp,2023-02-25,06,quantile,0.2,11.9
2023-02-06,3 wk ahead inc flu hosp,2023-02-25,04,quantile,0.2,10.9
2023-02-06,3 wk ahead inc flu hosp,2023-02-25,25,quantile,0.2,1
2023-02-06,3 wk ahead inc flu hosp,2023-02-25,55,quantile,0.2,10.3
2023-02-06,3 wk ahead inc flu hosp,2023-02-25,48,quantile,0.2,30.6
2023-02-06,3 wk ahead inc flu hosp,2023-02-25,31,quantile,0.2,0.7
2023-02-06,3 wk ahead inc flu hosp,2023-02-25,49,quantile,0.2,0
2023-02-06,3 wk ahead inc flu hosp,2023-02-25,41,quantile,0.2,0
2023-02-06,3 wk ahead inc flu hosp,2023-02-25,12,quantile,0.2,135.3
2023-02-06,3 wk ahead inc flu hosp,2023-02-25,36,quantile,0.2,17.8
2023-02-06,3 wk ahead inc flu hosp,2023-02-25,44,quantile,0.2,0
2023-02-06,3 wk ahead inc flu hosp,2023-02-25,13,quantile,0.2,37.8
2023-02-06,3 wk ahead inc flu hosp,2023-02-25,33,quantile,0.2,0.6
2023-02-06,3 wk ahead inc flu hosp,2023-02-25,37,quantile,0.2,17.9
2023-02-06,3 wk ahead inc flu hosp,2023-02-25,34,quantile,0.2,14.8
2023-02-06,3 wk ahead inc flu hosp,2023-02-25,08,quantile,0.2,14.8
2023-02-06,3 wk ahead inc flu hosp,2023-02-25,24,quantile,0.2,9.6
2023-02-06,3 wk ahead inc flu hosp,2023-02-25,32,quantile,0.2,0
2023-02-06,3 wk ahead inc flu hosp,2023-02-25,47,quantile,0.2,12
2023-02-06,3 wk ahead inc flu hosp,2023-02-25,15,quantile,0.2,3.1
2023-02-06,3 wk ahead inc flu hosp,2023-02-25,18,quantile,0.2,8.3
2023-02-06,3 wk ahead inc flu hosp,2023-02-25,21,quantile,0.2,3
2023-02-06,3 wk ahead inc flu hosp,2023-02-25,27,quantile,0.2,5.2
2023-02-06,3 wk ahead inc flu hosp,2023-02-25,40,quantile,0.2,9.5
2023-02-06,3 wk ahead inc flu hosp,2023-02-25,42,quantile,0.2,11.4
2023-02-06,3 wk ahead inc flu hosp,2023-02-25,45,quantile,0.2,9.9
2023-02-06,3 wk ahead inc flu hosp,2023-02-25,11,quantile,0.2,1.2
2023-02-06,3 wk ahead inc flu hosp,2023-02-25,20,quantile,0.2,0.3
2023-02-06,3 wk ahead inc flu hosp,2023-02-25,29,quantile,0.2,13.2
2023-02-06,3 wk ahead inc flu hosp,2023-02-25,50,quantile,0.2,0
2023-02-06,3 wk ahead inc flu hosp,2023-02-25,51,quantile,0.2,20.3
2023-02-06,3 wk ahead inc flu hosp,2023-02-25,09,quantile,0.2,1.8
2023-02-06,3 wk ahead inc flu hosp,2023-02-25,19,quantile,0.2,1.7
2023-02-06,3 wk ahead inc flu hosp,2023-02-25,22,quantile,0.2,4.6
2023-02-06,3 wk ahead inc flu hosp,2023-02-25,39,quantile,0.2,20.5
2023-02-06,3 wk ahead inc flu hosp,2023-02-25,26,quantile,0.2,6.5
2023-02-06,3 wk ahead inc flu hosp,2023-02-25,46,quantile,0.2,1.5
2023-02-06,3 wk ahead inc flu hosp,2023-02-25,05,quantile,0.2,3.6
2023-02-06,3 wk ahead inc flu hosp,2023-02-25,10,quantile,0.2,3.3
2023-02-06,3 wk ahead inc flu hosp,2023-02-25,28,quantile,0.2,9.9
2023-02-06,3 wk ahead inc flu hosp,2023-02-25,35,quantile,0.2,2.8
2023-02-06,3 wk ahead inc flu hosp,2023-02-25,38,quantile,0.2,4.6
2023-02-06,3 wk ahead inc flu hosp,2023-02-25,56,quantile,0.2,0
2023-02-06,3 wk ahead inc flu hosp,2023-02-25,02,quantile,0.2,1.4
2023-02-06,3 wk ahead inc flu hosp,2023-02-25,23,quantile,0.2,0.2
2023-02-06,3 wk ahead inc flu hosp,2023-02-25,01,quantile,0.2,6.8
2023-02-06,3 wk ahead inc flu hosp,2023-02-25,16,quantile,0.2,1.2
2023-02-06,3 wk ahead inc flu hosp,2023-02-25,30,quantile,0.2,1.4
2023-02-06,3 wk ahead inc flu hosp,2023-02-25,72,quantile,0.2,15.3
2023-02-06,3 wk ahead inc flu hosp,2023-02-25,78,quantile,0.2,0
2023-02-06,3 wk ahead inc flu hosp,2023-02-25,54,quantile,0.2,3.1
2023-02-06,4 wk ahead inc flu hosp,2023-03-04,53,quantile,0.2,7.2
2023-02-06,4 wk ahead inc flu hosp,2023-03-04,17,quantile,0.2,0
2023-02-06,4 wk ahead inc flu hosp,2023-03-04,06,quantile,0.2,19.7
2023-02-06,4 wk ahead inc flu hosp,2023-03-04,04,quantile,0.2,12.5
2023-02-06,4 wk ahead inc flu hosp,2023-03-04,25,quantile,0.2,4.8
2023-02-06,4 wk ahead inc flu hosp,2023-03-04,55,quantile,0.2,8.2
2023-02-06,4 wk ahead inc flu hosp,2023-03-04,48,quantile,0.2,72
2023-02-06,4 wk ahead inc flu hosp,2023-03-04,31,quantile,0.2,3.4
2023-02-06,4 wk ahead inc flu hosp,2023-03-04,49,quantile,0.2,0
2023-02-06,4 wk ahead inc flu hosp,2023-03-04,41,quantile,0.2,0
2023-02-06,4 wk ahead inc flu hosp,2023-03-04,12,quantile,0.2,73.9
2023-02-06,4 wk ahead inc flu hosp,2023-03-04,36,quantile,0.2,37.1
2023-02-06,4 wk ahead inc flu hosp,2023-03-04,44,quantile,0.2,0
2023-02-06,4 wk ahead inc flu hosp,2023-03-04,13,quantile,0.2,41.9
2023-02-06,4 wk ahead inc flu hosp,2023-03-04,33,quantile,0.2,2.3
2023-02-06,4 wk ahead inc flu hosp,2023-03-04,37,quantile,0.2,23.7
2023-02-06,4 wk ahead inc flu hosp,2023-03-04,34,quantile,0.2,12.9
2023-02-06,4 wk ahead inc flu hosp,2023-03-04,08,quantile,0.2,10.9
2023-02-06,4 wk ahead inc flu hosp,2023-03-04,24,quantile,0.2,10.9
2023-02-06,4 wk ahead inc flu hosp,2023-03-04,32,quantile,0.2,0
2023-02-06,4 wk ahead inc flu hosp,2023-03-04,47,quantile,0.2,11.4
2023-02-06,4 wk ahead inc flu hosp,2023-03-04,15,quantile,0.2,1.5
2023-02-06,4 wk ahead inc flu hosp,2023-03-04,18,quantile,0.2,14.3
2023-02-06,4 wk ahead inc flu hosp,2023-03-04,21,quantile,0.2,0
2023-02-06,4 wk ahead inc flu hosp,2023-03-04,27,quantile,0.2,3.3
2023-02-06,4 wk ahead inc flu hosp,2023-03-04,40,quantile,0.2,15.1
2023-02-06,4 wk ahead inc flu hosp,2023-03-04,42,quantile,0.2,17.4
2023-02-06,4 wk ahead inc flu hosp,2023-03-04,45,quantile,0.2,6.7
2023-02-06,4 wk ahead inc flu hosp,2023-03-04,11,quantile,0.2,0.4
2023-02-06,4 wk ahead inc flu hosp,2023-03-04,20,quantile,0.2,1.6
2023-02-06,4 wk ahead inc flu hosp,2023-03-04,29,quantile,0.2,13
2023-02-06,4 wk ahead inc flu hosp,2023-03-04,50,quantile,0.2,0.1
2023-02-06,4 wk ahead inc flu hosp,2023-03-04,51,quantile,0.2,15.5
2023-02-06,4 wk ahead inc flu hosp,2023-03-04,09,quantile,0.2,2.1
2023-02-06,4 wk ahead inc flu hosp,2023-03-04,19,quantile,0.2,8.3
2023-02-06,4 wk ahead inc flu hosp,2023-03-04,22,quantile,0.2,3
2023-02-06,4 wk ahead inc flu hosp,2023-03-04,39,quantile,0.2,27
2023-02-06,4 wk ahead inc flu hosp,2023-03-04,26,quantile,0.2,10.6
2023-02-06,4 wk ahead inc flu hosp,2023-03-04,46,quantile,0.2,3.7
2023-02-06,4 wk ahead inc flu hosp,2023-03-04,05,quantile,0.2,2.5
2023-02-06,4 wk ahead inc flu hosp,2023-03-04,10,quantile,0.2,0.9
2023-02-06,4 wk ahead inc flu hosp,2023-03-04,28,quantile,0.2,4.7
2023-02-06,4 wk ahead inc flu hosp,2023-03-04,35,quantile,0.2,1.8
2023-02-06,4 wk ahead inc flu hosp,2023-03-04,38,quantile,0.2,3.2
2023-02-06,4 wk ahead inc flu hosp,2023-03-04,56,quantile,0.2,0.4
2023-02-06,4 wk ahead inc flu hosp,2023-03-04,02,quantile,0.2,1.4
2023-02-06,4 wk ahead inc flu hosp,2023-03-04,23,quantile,0.2,1.2
2023-02-06,4 wk ahead inc flu hosp,2023-03-04,01,quantile,0.2,4.1
2023-02-06,4 wk ahead inc flu hosp,2023-03-04,16,quantile,0.2,1.7
2023-02-06,4 wk ahead inc flu hosp,2023-03-04,30,quantile,0.2,0.6
2023-02-06,4 wk ahead inc flu hosp,2023-03-04,72,quantile,0.2,15.9
2023-02-06,4 wk ahead inc flu hosp,2023-03-04,78,quantile,0.2,0
2023-02-06,4 wk ahead inc flu hosp,2023-03-04,54,quantile,0.2,3.2
2023-02-06,1 wk ahead inc flu hosp,2023-02-11,53,quantile,0.25,23.8
2023-02-06,1 wk ahead inc flu hosp,2023-02-11,17,quantile,0.25,21.1
2023-02-06,1 wk ahead inc flu hosp,2023-02-11,06,quantile,0.25,76
2023-02-06,1 wk ahead inc flu hosp,2023-02-11,04,quantile,0.25,23.7
2023-02-06,1 wk ahead inc flu hosp,2023-02-11,25,quantile,0.25,29.6
2023-02-06,1 wk ahead inc flu hosp,2023-02-11,55,quantile,0.25,17.5
2023-02-06,1 wk ahead inc flu hosp,2023-02-11,48,quantile,0.25,210.4
2023-02-06,1 wk ahead inc flu hosp,2023-02-11,31,quantile,0.25,4.3
2023-02-06,1 wk ahead inc flu hosp,2023-02-11,49,quantile,0.25,2.3
2023-02-06,1 wk ahead inc flu hosp,2023-02-11,41,quantile,0.25,3.7
2023-02-06,1 wk ahead inc flu hosp,2023-02-11,12,quantile,0.25,217.7
2023-02-06,1 wk ahead inc flu hosp,2023-02-11,36,quantile,0.25,64.5
2023-02-06,1 wk ahead inc flu hosp,2023-02-11,44,quantile,0.25,2.5
2023-02-06,1 wk ahead inc flu hosp,2023-02-11,13,quantile,0.25,84.1
2023-02-06,1 wk ahead inc flu hosp,2023-02-11,33,quantile,0.25,2.9
2023-02-06,1 wk ahead inc flu hosp,2023-02-11,37,quantile,0.25,32.2
2023-02-06,1 wk ahead inc flu hosp,2023-02-11,34,quantile,0.25,22.2
2023-02-06,1 wk ahead inc flu hosp,2023-02-11,08,quantile,0.25,22.7
2023-02-06,1 wk ahead inc flu hosp,2023-02-11,24,quantile,0.25,23.9
2023-02-06,1 wk ahead inc flu hosp,2023-02-11,32,quantile,0.25,1.7
2023-02-06,1 wk ahead inc flu hosp,2023-02-11,47,quantile,0.25,26
2023-02-06,1 wk ahead inc flu hosp,2023-02-11,15,quantile,0.25,5.3
2023-02-06,1 wk ahead inc flu hosp,2023-02-11,18,quantile,0.25,28.8
2023-02-06,1 wk ahead inc flu hosp,2023-02-11,21,quantile,0.25,6.3
2023-02-06,1 wk ahead inc flu hosp,2023-02-11,27,quantile,0.25,13.1
2023-02-06,1 wk ahead inc flu hosp,2023-02-11,40,quantile,0.25,34
2023-02-06,1 wk ahead inc flu hosp,2023-02-11,42,quantile,0.25,53.5
2023-02-06,1 wk ahead inc flu hosp,2023-02-11,45,quantile,0.25,17.5
2023-02-06,1 wk ahead inc flu hosp,2023-02-11,11,quantile,0.25,1.1
2023-02-06,1 wk ahead inc flu hosp,2023-02-11,20,quantile,0.25,4.5
2023-02-06,1 wk ahead inc flu hosp,2023-02-11,29,quantile,0.25,27.6
2023-02-06,1 wk ahead inc flu hosp,2023-02-11,50,quantile,0.25,0.4
2023-02-06,1 wk ahead inc flu hosp,2023-02-11,51,quantile,0.25,42.5
2023-02-06,1 wk ahead inc flu hosp,2023-02-11,09,quantile,0.25,5.1
2023-02-06,1 wk ahead inc flu hosp,2023-02-11,19,quantile,0.25,3.9
2023-02-06,1 wk ahead inc flu hosp,2023-02-11,22,quantile,0.25,19.3
2023-02-06,1 wk ahead inc flu hosp,2023-02-11,39,quantile,0.25,30.5
2023-02-06,1 wk ahead inc flu hosp,2023-02-11,26,quantile,0.25,41.1
2023-02-06,1 wk ahead inc flu hosp,2023-02-11,46,quantile,0.25,9.5
2023-02-06,1 wk ahead inc flu hosp,2023-02-11,05,quantile,0.25,9.7
2023-02-06,1 wk ahead inc flu hosp,2023-02-11,10,quantile,0.25,3.6
2023-02-06,1 wk ahead inc flu hosp,2023-02-11,28,quantile,0.25,18.7
2023-02-06,1 wk ahead inc flu hosp,2023-02-11,35,quantile,0.25,3.7
2023-02-06,1 wk ahead inc flu hosp,2023-02-11,38,quantile,0.25,10.7
2023-02-06,1 wk ahead inc flu hosp,2023-02-11,56,quantile,0.25,0
2023-02-06,1 wk ahead inc flu hosp,2023-02-11,02,quantile,0.25,3.2
2023-02-06,1 wk ahead inc flu hosp,2023-02-11,23,quantile,0.25,4.1
2023-02-06,1 wk ahead inc flu hosp,2023-02-11,01,quantile,0.25,22.7
2023-02-06,1 wk ahead inc flu hosp,2023-02-11,16,quantile,0.25,1.7
2023-02-06,1 wk ahead inc flu hosp,2023-02-11,30,quantile,0.25,4.4
2023-02-06,1 wk ahead inc flu hosp,2023-02-11,72,quantile,0.25,28.2
2023-02-06,1 wk ahead inc flu hosp,2023-02-11,78,quantile,0.25,0
2023-02-06,1 wk ahead inc flu hosp,2023-02-11,54,quantile,0.25,13
2023-02-06,2 wk ahead inc flu hosp,2023-02-18,53,quantile,0.25,19.4
2023-02-06,2 wk ahead inc flu hosp,2023-02-18,17,quantile,0.25,21.1
2023-02-06,2 wk ahead inc flu hosp,2023-02-18,06,quantile,0.25,38
2023-02-06,2 wk ahead inc flu hosp,2023-02-18,04,quantile,0.25,14.5
2023-02-06,2 wk ahead inc flu hosp,2023-02-18,25,quantile,0.25,16.4
2023-02-06,2 wk ahead inc flu hosp,2023-02-18,55,quantile,0.25,10.2
2023-02-06,2 wk ahead inc flu hosp,2023-02-18,48,quantile,0.25,169.1
2023-02-06,2 wk ahead inc flu hosp,2023-02-18,31,quantile,0.25,3.2
2023-02-06,2 wk ahead inc flu hosp,2023-02-18,49,quantile,0.25,0
2023-02-06,2 wk ahead inc flu hosp,2023-02-18,41,quantile,0.25,0.7
2023-02-06,2 wk ahead inc flu hosp,2023-02-18,12,quantile,0.25,187.5
2023-02-06,2 wk ahead inc flu hosp,2023-02-18,36,quantile,0.25,37.4
2023-02-06,2 wk ahead inc flu hosp,2023-02-18,44,quantile,0.25,0.8
2023-02-06,2 wk ahead inc flu hosp,2023-02-18,13,quantile,0.25,60.4
2023-02-06,2 wk ahead inc flu hosp,2023-02-18,33,quantile,0.25,0.2
2023-02-06,2 wk ahead inc flu hosp,2023-02-18,37,quantile,0.25,22.3
2023-02-06,2 wk ahead inc flu hosp,2023-02-18,34,quantile,0.25,11.4
2023-02-06,2 wk ahead inc flu hosp,2023-02-18,08,quantile,0.25,10.2
2023-02-06,2 wk ahead inc flu hosp,2023-02-18,24,quantile,0.25,18.7
2023-02-06,2 wk ahead inc flu hosp,2023-02-18,32,quantile,0.25,0
2023-02-06,2 wk ahead inc flu hosp,2023-02-18,47,quantile,0.25,11.9
2023-02-06,2 wk ahead inc flu hosp,2023-02-18,15,quantile,0.25,5.8
2023-02-06,2 wk ahead inc flu hosp,2023-02-18,18,quantile,0.25,10.6
2023-02-06,2 wk ahead inc flu hosp,2023-02-18,21,quantile,0.25,6.4
2023-02-06,2 wk ahead inc flu hosp,2023-02-18,27,quantile,0.25,11.1
2023-02-06,2 wk ahead inc flu hosp,2023-02-18,40,quantile,0.25,22.5
2023-02-06,2 wk ahead inc flu hosp,2023-02-18,42,quantile,0.25,21.6
2023-02-06,2 wk ahead inc flu hosp,2023-02-18,45,quantile,0.25,12.2
2023-02-06,2 wk ahead inc flu hosp,2023-02-18,11,quantile,0.25,2
2023-02-06,2 wk ahead inc flu hosp,2023-02-18,20,quantile,0.25,3.3
2023-02-06,2 wk ahead inc flu hosp,2023-02-18,29,quantile,0.25,17.7
2023-02-06,2 wk ahead inc flu hosp,2023-02-18,50,quantile,0.25,0.8
2023-02-06,2 wk ahead inc flu hosp,2023-02-18,51,quantile,0.25,32.9
2023-02-06,2 wk ahead inc flu hosp,2023-02-18,09,quantile,0.25,5.7
2023-02-06,2 wk ahead inc flu hosp,2023-02-18,19,quantile,0.25,6.7
2023-02-06,2 wk ahead inc flu hosp,2023-02-18,22,quantile,0.25,13.3
2023-02-06,2 wk ahead inc flu hosp,2023-02-18,39,quantile,0.25,21.6
2023-02-06,2 wk ahead inc flu hosp,2023-02-18,26,quantile,0.25,18.9
2023-02-06,2 wk ahead inc flu hosp,2023-02-18,46,quantile,0.25,6.3
2023-02-06,2 wk ahead inc flu hosp,2023-02-18,05,quantile,0.25,5.4
2023-02-06,2 wk ahead inc flu hosp,2023-02-18,10,quantile,0.25,5.2
2023-02-06,2 wk ahead inc flu hosp,2023-02-18,28,quantile,0.25,14.2
2023-02-06,2 wk ahead inc flu hosp,2023-02-18,35,quantile,0.25,3.9
2023-02-06,2 wk ahead inc flu hosp,2023-02-18,38,quantile,0.25,6.8
2023-02-06,2 wk ahead inc flu hosp,2023-02-18,56,quantile,0.25,0.2
2023-02-06,2 wk ahead inc flu hosp,2023-02-18,02,quantile,0.25,2.4
2023-02-06,2 wk ahead inc flu hosp,2023-02-18,23,quantile,0.25,2
2023-02-06,2 wk ahead inc flu hosp,2023-02-18,01,quantile,0.25,12.7
2023-02-06,2 wk ahead inc flu hosp,2023-02-18,16,quantile,0.25,3.2
2023-02-06,2 wk ahead inc flu hosp,2023-02-18,30,quantile,0.25,3.6
2023-02-06,2 wk ahead inc flu hosp,2023-02-18,72,quantile,0.25,23.4
2023-02-06,2 wk ahead inc flu hosp,2023-02-18,78,quantile,0.25,0
2023-02-06,2 wk ahead inc flu hosp,2023-02-18,54,quantile,0.25,5.6
2023-02-06,3 wk ahead inc flu hosp,2023-02-25,53,quantile,0.25,16.2
2023-02-06,3 wk ahead inc flu hosp,2023-02-25,17,quantile,0.25,11.8
2023-02-06,3 wk ahead inc flu hosp,2023-02-25,06,quantile,0.25,29.4
2023-02-06,3 wk ahead inc flu hosp,2023-02-25,04,quantile,0.25,12.9
2023-02-06,3 wk ahead inc flu hosp,2023-02-25,25,quantile,0.25,7.7
2023-02-06,3 wk ahead inc flu hosp,2023-02-25,55,quantile,0.25,12.8
2023-02-06,3 wk ahead inc flu hosp,2023-02-25,48,quantile,0.25,62.4
2023-02-06,3 wk ahead inc flu hosp,2023-02-25,31,quantile,0.25,1.1
2023-02-06,3 wk ahead inc flu hosp,2023-02-25,49,quantile,0.25,0.7
2023-02-06,3 wk ahead inc flu hosp,2023-02-25,41,quantile,0.25,0.6
2023-02-06,3 wk ahead inc flu hosp,2023-02-25,12,quantile,0.25,148.8
2023-02-06,3 wk ahead inc flu hosp,2023-02-25,36,quantile,0.25,30.4
2023-02-06,3 wk ahead inc flu hosp,2023-02-25,44,quantile,0.25,0
2023-02-06,3 wk ahead inc flu hosp,2023-02-25,13,quantile,0.25,45.2
2023-02-06,3 wk ahead inc flu hosp,2023-02-25,33,quantile,0.25,1.2
2023-02-06,3 wk ahead inc flu hosp,2023-02-25,37,quantile,0.25,26.2
2023-02-06,3 wk ahead inc flu hosp,2023-02-25,34,quantile,0.25,18.6
2023-02-06,3 wk ahead inc flu hosp,2023-02-25,08,quantile,0.25,18.6
2023-02-06,3 wk ahead inc flu hosp,2023-02-25,24,quantile,0.25,12.5
2023-02-06,3 wk ahead inc flu hosp,2023-02-25,32,quantile,0.25,0
2023-02-06,3 wk ahead inc flu hosp,2023-02-25,47,quantile,0.25,16.9
2023-02-06,3 wk ahead inc flu hosp,2023-02-25,15,quantile,0.25,3.7
2023-02-06,3 wk ahead inc flu hosp,2023-02-25,18,quantile,0.25,12.5
2023-02-06,3 wk ahead inc flu hosp,2023-02-25,21,quantile,0.25,4
2023-02-06,3 wk ahead inc flu hosp,2023-02-25,27,quantile,0.25,8
2023-02-06,3 wk ahead inc flu hosp,2023-02-25,40,quantile,0.25,13.2
2023-02-06,3 wk ahead inc flu hosp,2023-02-25,42,quantile,0.25,19.1
2023-02-06,3 wk ahead inc flu hosp,2023-02-25,45,quantile,0.25,11.6
2023-02-06,3 wk ahead inc flu hosp,2023-02-25,11,quantile,0.25,1.7
2023-02-06,3 wk ahead inc flu hosp,2023-02-25,20,quantile,0.25,1.4
2023-02-06,3 wk ahead inc flu hosp,2023-02-25,29,quantile,0.25,18.1
2023-02-06,3 wk ahead inc flu hosp,2023-02-25,50,quantile,0.25,0.1
2023-02-06,3 wk ahead inc flu hosp,2023-02-25,51,quantile,0.25,25.7
2023-02-06,3 wk ahead inc flu hosp,2023-02-25,09,quantile,0.25,3.9
2023-02-06,3 wk ahead inc flu hosp,2023-02-25,19,quantile,0.25,2.3
2023-02-06,3 wk ahead inc flu hosp,2023-02-25,22,quantile,0.25,8.2
2023-02-06,3 wk ahead inc flu hosp,2023-02-25,39,quantile,0.25,29.7
2023-02-06,3 wk ahead inc flu hosp,2023-02-25,26,quantile,0.25,11.9
2023-02-06,3 wk ahead inc flu hosp,2023-02-25,46,quantile,0.25,2.9
2023-02-06,3 wk ahead inc flu hosp,2023-02-25,05,quantile,0.25,6
2023-02-06,3 wk ahead inc flu hosp,2023-02-25,10,quantile,0.25,4.3
2023-02-06,3 wk ahead inc flu hosp,2023-02-25,28,quantile,0.25,11.3
2023-02-06,3 wk ahead inc flu hosp,2023-02-25,35,quantile,0.25,3.9
2023-02-06,3 wk ahead inc flu hosp,2023-02-25,38,quantile,0.25,5.2
2023-02-06,3 wk ahead inc flu hosp,2023-02-25,56,quantile,0.25,0
2023-02-06,3 wk ahead inc flu hosp,2023-02-25,02,quantile,0.25,2.7
2023-02-06,3 wk ahead inc flu hosp,2023-02-25,23,quantile,0.25,0.2
2023-02-06,3 wk ahead inc flu hosp,2023-02-25,01,quantile,0.25,8.5
2023-02-06,3 wk ahead inc flu hosp,2023-02-25,16,quantile,0.25,1.8
2023-02-06,3 wk ahead inc flu hosp,2023-02-25,30,quantile,0.25,2.3
2023-02-06,3 wk ahead inc flu hosp,2023-02-25,72,quantile,0.25,17.9
2023-02-06,3 wk ahead inc flu hosp,2023-02-25,78,quantile,0.25,0
2023-02-06,3 wk ahead inc flu hosp,2023-02-25,54,quantile,0.25,5.2
2023-02-06,4 wk ahead inc flu hosp,2023-03-04,53,quantile,0.25,12.2
2023-02-06,4 wk ahead inc flu hosp,2023-03-04,17,quantile,0.25,1.9
2023-02-06,4 wk ahead inc flu hosp,2023-03-04,06,quantile,0.25,39.9
2023-02-06,4 wk ahead inc flu hosp,2023-03-04,04,quantile,0.25,17.1
2023-02-06,4 wk ahead inc flu hosp,2023-03-04,25,quantile,0.25,7.6
2023-02-06,4 wk ahead inc flu hosp,2023-03-04,55,quantile,0.25,10.2
2023-02-06,4 wk ahead inc flu hosp,2023-03-04,48,quantile,0.25,103.6
2023-02-06,4 wk ahead inc flu hosp,2023-03-04,31,quantile,0.25,5.2
2023-02-06,4 wk ahead inc flu hosp,2023-03-04,49,quantile,0.25,0.6
2023-02-06,4 wk ahead inc flu hosp,2023-03-04,41,quantile,0.25,0
2023-02-06,4 wk ahead inc flu hosp,2023-03-04,12,quantile,0.25,111.5
2023-02-06,4 wk ahead inc flu hosp,2023-03-04,36,quantile,0.25,44.1
2023-02-06,4 wk ahead inc flu hosp,2023-03-04,44,quantile,0.25,0.2
2023-02-06,4 wk ahead inc flu hosp,2023-03-04,13,quantile,0.25,49.6
2023-02-06,4 wk ahead inc flu hosp,2023-03-04,33,quantile,0.25,2.9
2023-02-06,4 wk ahead inc flu hosp,2023-03-04,37,quantile,0.25,31.4
2023-02-06,4 wk ahead inc flu hosp,2023-03-04,34,quantile,0.25,20.8
2023-02-06,4 wk ahead inc flu hosp,2023-03-04,08,quantile,0.25,15
2023-02-06,4 wk ahead inc flu hosp,2023-03-04,24,quantile,0.25,13.6
2023-02-06,4 wk ahead inc flu hosp,2023-03-04,32,quantile,0.25,0
2023-02-06,4 wk ahead inc flu hosp,2023-03-04,47,quantile,0.25,15.8
2023-02-06,4 wk ahead inc flu hosp,2023-03-04,15,quantile,0.25,3.2
2023-02-06,4 wk ahead inc flu hosp,2023-03-04,18,quantile,0.25,16.7
2023-02-06,4 wk ahead inc flu hosp,2023-03-04,21,quantile,0.25,0
2023-02-06,4 wk ahead inc flu hosp,2023-03-04,27,quantile,0.25,5.4
2023-02-06,4 wk ahead inc flu hosp,2023-03-04,40,quantile,0.25,20.4
2023-02-06,4 wk ahead inc flu hosp,2023-03-04,42,quantile,0.25,19.3
2023-02-06,4 wk ahead inc flu hosp,2023-03-04,45,quantile,0.25,8.9
2023-02-06,4 wk ahead inc flu hosp,2023-03-04,11,quantile,0.25,1.3
2023-02-06,4 wk ahead inc flu hosp,2023-03-04,20,quantile,0.25,3.1
2023-02-06,4 wk ahead inc flu hosp,2023-03-04,29,quantile,0.25,16.5
2023-02-06,4 wk ahead inc flu hosp,2023-03-04,50,quantile,0.25,0.2
2023-02-06,4 wk ahead inc flu hosp,2023-03-04,51,quantile,0.25,19.5
2023-02-06,4 wk ahead inc flu hosp,2023-03-04,09,quantile,0.25,4.7
2023-02-06,4 wk ahead inc flu hosp,2023-03-04,19,quantile,0.25,11.8
2023-02-06,4 wk ahead inc flu hosp,2023-03-04,22,quantile,0.25,5.3
2023-02-06,4 wk ahead inc flu hosp,2023-03-04,39,quantile,0.25,34.8
2023-02-06,4 wk ahead inc flu hosp,2023-03-04,26,quantile,0.25,13.7
2023-02-06,4 wk ahead inc flu hosp,2023-03-04,46,quantile,0.25,4.9
2023-02-06,4 wk ahead inc flu hosp,2023-03-04,05,quantile,0.25,4.5
2023-02-06,4 wk ahead inc flu hosp,2023-03-04,10,quantile,0.25,2.1
2023-02-06,4 wk ahead inc flu hosp,2023-03-04,28,quantile,0.25,5.9
2023-02-06,4 wk ahead inc flu hosp,2023-03-04,35,quantile,0.25,3.2
2023-02-06,4 wk ahead inc flu hosp,2023-03-04,38,quantile,0.25,4.2
2023-02-06,4 wk ahead inc flu hosp,2023-03-04,56,quantile,0.25,0.6
2023-02-06,4 wk ahead inc flu hosp,2023-03-04,02,quantile,0.25,2
2023-02-06,4 wk ahead inc flu hosp,2023-03-04,23,quantile,0.25,1.6
2023-02-06,4 wk ahead inc flu hosp,2023-03-04,01,quantile,0.25,5.7
2023-02-06,4 wk ahead inc flu hosp,2023-03-04,16,quantile,0.25,2.7
2023-02-06,4 wk ahead inc flu hosp,2023-03-04,30,quantile,0.25,1.2
2023-02-06,4 wk ahead inc flu hosp,2023-03-04,72,quantile,0.25,19.3
2023-02-06,4 wk ahead inc flu hosp,2023-03-04,78,quantile,0.25,0
2023-02-06,4 wk ahead inc flu hosp,2023-03-04,54,quantile,0.25,5
2023-02-06,1 wk ahead inc flu hosp,2023-02-11,53,quantile,0.3,26
2023-02-06,1 wk ahead inc flu hosp,2023-02-11,17,quantile,0.3,25.3
2023-02-06,1 wk ahead inc flu hosp,2023-02-11,06,quantile,0.3,85.5
2023-02-06,1 wk ahead inc flu hosp,2023-02-11,04,quantile,0.3,28
2023-02-06,1 wk ahead inc flu hosp,2023-02-11,25,quantile,0.3,33.4
2023-02-06,1 wk ahead inc flu hosp,2023-02-11,55,quantile,0.3,19.2
2023-02-06,1 wk ahead inc flu hosp,2023-02-11,48,quantile,0.3,237.9
2023-02-06,1 wk ahead inc flu hosp,2023-02-11,31,quantile,0.3,5.9
2023-02-06,1 wk ahead inc flu hosp,2023-02-11,49,quantile,0.3,3.1
2023-02-06,1 wk ahead inc flu hosp,2023-02-11,41,quantile,0.3,4.4
2023-02-06,1 wk ahead inc flu hosp,2023-02-11,12,quantile,0.3,233.4
2023-02-06,1 wk ahead inc flu hosp,2023-02-11,36,quantile,0.3,70.2
2023-02-06,1 wk ahead inc flu hosp,2023-02-11,44,quantile,0.3,3.2
2023-02-06,1 wk ahead inc flu hosp,2023-02-11,13,quantile,0.3,88.7
2023-02-06,1 wk ahead inc flu hosp,2023-02-11,33,quantile,0.3,4.2
2023-02-06,1 wk ahead inc flu hosp,2023-02-11,37,quantile,0.3,35
2023-02-06,1 wk ahead inc flu hosp,2023-02-11,34,quantile,0.3,25.8
2023-02-06,1 wk ahead inc flu hosp,2023-02-11,08,quantile,0.3,24.4
2023-02-06,1 wk ahead inc flu hosp,2023-02-11,24,quantile,0.3,24.8
2023-02-06,1 wk ahead inc flu hosp,2023-02-11,32,quantile,0.3,2.1
2023-02-06,1 wk ahead inc flu hosp,2023-02-11,47,quantile,0.3,28.1
2023-02-06,1 wk ahead inc flu hosp,2023-02-11,15,quantile,0.3,6.6
2023-02-06,1 wk ahead inc flu hosp,2023-02-11,18,quantile,0.3,32.2
2023-02-06,1 wk ahead inc flu hosp,2023-02-11,21,quantile,0.3,7.9
2023-02-06,1 wk ahead inc flu hosp,2023-02-11,27,quantile,0.3,15
2023-02-06,1 wk ahead inc flu hosp,2023-02-11,40,quantile,0.3,37.6
2023-02-06,1 wk ahead inc flu hosp,2023-02-11,42,quantile,0.3,60.7
2023-02-06,1 wk ahead inc flu hosp,2023-02-11,45,quantile,0.3,18.9
2023-02-06,1 wk ahead inc flu hosp,2023-02-11,11,quantile,0.3,2.1
2023-02-06,1 wk ahead inc flu hosp,2023-02-11,20,quantile,0.3,6
2023-02-06,1 wk ahead inc flu hosp,2023-02-11,29,quantile,0.3,30.7
2023-02-06,1 wk ahead inc flu hosp,2023-02-11,50,quantile,0.3,0.9
2023-02-06,1 wk ahead inc flu hosp,2023-02-11,51,quantile,0.3,45.9
2023-02-06,1 wk ahead inc flu hosp,2023-02-11,09,quantile,0.3,6.4
2023-02-06,1 wk ahead inc flu hosp,2023-02-11,19,quantile,0.3,5.4
2023-02-06,1 wk ahead inc flu hosp,2023-02-11,22,quantile,0.3,21.7
2023-02-06,1 wk ahead inc flu hosp,2023-02-11,39,quantile,0.3,34.4
2023-02-06,1 wk ahead inc flu hosp,2023-02-11,26,quantile,0.3,43.6
2023-02-06,1 wk ahead inc flu hosp,2023-02-11,46,quantile,0.3,11.2
2023-02-06,1 wk ahead inc flu hosp,2023-02-11,05,quantile,0.3,11
2023-02-06,1 wk ahead inc flu hosp,2023-02-11,10,quantile,0.3,4.6
2023-02-06,1 wk ahead inc flu hosp,2023-02-11,28,quantile,0.3,21
2023-02-06,1 wk ahead inc flu hosp,2023-02-11,35,quantile,0.3,4.4
2023-02-06,1 wk ahead inc flu hosp,2023-02-11,38,quantile,0.3,12.1
2023-02-06,1 wk ahead inc flu hosp,2023-02-11,56,quantile,0.3,0
2023-02-06,1 wk ahead inc flu hosp,2023-02-11,02,quantile,0.3,4.2
2023-02-06,1 wk ahead inc flu hosp,2023-02-11,23,quantile,0.3,5.4
2023-02-06,1 wk ahead inc flu hosp,2023-02-11,01,quantile,0.3,24.4
2023-02-06,1 wk ahead inc flu hosp,2023-02-11,16,quantile,0.3,2.1
2023-02-06,1 wk ahead inc flu hosp,2023-02-11,30,quantile,0.3,5.2
2023-02-06,1 wk ahead inc flu hosp,2023-02-11,72,quantile,0.3,30.2
2023-02-06,1 wk ahead inc flu hosp,2023-02-11,78,quantile,0.3,0
2023-02-06,1 wk ahead inc flu hosp,2023-02-11,54,quantile,0.3,14.3
2023-02-06,2 wk ahead inc flu hosp,2023-02-18,53,quantile,0.3,21.9
2023-02-06,2 wk ahead inc flu hosp,2023-02-18,17,quantile,0.3,25.9
2023-02-06,2 wk ahead inc flu hosp,2023-02-18,06,quantile,0.3,51.3
2023-02-06,2 wk ahead inc flu hosp,2023-02-18,04,quantile,0.3,15.7
2023-02-06,2 wk ahead inc flu hosp,2023-02-18,25,quantile,0.3,19.6
2023-02-06,2 wk ahead inc flu hosp,2023-02-18,55,quantile,0.3,13.2
2023-02-06,2 wk ahead inc flu hosp,2023-02-18,48,quantile,0.3,195.3
2023-02-06,2 wk ahead inc flu hosp,2023-02-18,31,quantile,0.3,4.2
2023-02-06,2 wk ahead inc flu hosp,2023-02-18,49,quantile,0.3,0
2023-02-06,2 wk ahead inc flu hosp,2023-02-18,41,quantile,0.3,1.6
2023-02-06,2 wk ahead inc flu hosp,2023-02-18,12,quantile,0.3,203
2023-02-06,2 wk ahead inc flu hosp,2023-02-18,36,quantile,0.3,44
2023-02-06,2 wk ahead inc flu hosp,2023-02-18,44,quantile,0.3,1.1
2023-02-06,2 wk ahead inc flu hosp,2023-02-18,13,quantile,0.3,68.8
2023-02-06,2 wk ahead inc flu hosp,2023-02-18,33,quantile,0.3,1.5
2023-02-06,2 wk ahead inc flu hosp,2023-02-18,37,quantile,0.3,26
2023-02-06,2 wk ahead inc flu hosp,2023-02-18,34,quantile,0.3,13.7
2023-02-06,2 wk ahead inc flu hosp,2023-02-18,08,quantile,0.3,13.9
2023-02-06,2 wk ahead inc flu hosp,2023-02-18,24,quantile,0.3,21.4
2023-02-06,2 wk ahead inc flu hosp,2023-02-18,32,quantile,0.3,0.7
2023-02-06,2 wk ahead inc flu hosp,2023-02-18,47,quantile,0.3,16.3
2023-02-06,2 wk ahead inc flu hosp,2023-02-18,15,quantile,0.3,6.7
2023-02-06,2 wk ahead inc flu hosp,2023-02-18,18,quantile,0.3,14.7
2023-02-06,2 wk ahead inc flu hosp,2023-02-18,21,quantile,0.3,7.5
2023-02-06,2 wk ahead inc flu hosp,2023-02-18,27,quantile,0.3,13.2
2023-02-06,2 wk ahead inc flu hosp,2023-02-18,40,quantile,0.3,26.7
2023-02-06,2 wk ahead inc flu hosp,2023-02-18,42,quantile,0.3,30.3
2023-02-06,2 wk ahead inc flu hosp,2023-02-18,45,quantile,0.3,13.9
2023-02-06,2 wk ahead inc flu hosp,2023-02-18,11,quantile,0.3,2.7
2023-02-06,2 wk ahead inc flu hosp,2023-02-18,20,quantile,0.3,5.4
2023-02-06,2 wk ahead inc flu hosp,2023-02-18,29,quantile,0.3,20.9
2023-02-06,2 wk ahead inc flu hosp,2023-02-18,50,quantile,0.3,1.2
2023-02-06,2 wk ahead inc flu hosp,2023-02-18,51,quantile,0.3,37.4
2023-02-06,2 wk ahead inc flu hosp,2023-02-18,09,quantile,0.3,7.2
2023-02-06,2 wk ahead inc flu hosp,2023-02-18,19,quantile,0.3,9
2023-02-06,2 wk ahead inc flu hosp,2023-02-18,22,quantile,0.3,16.2
2023-02-06,2 wk ahead inc flu hosp,2023-02-18,39,quantile,0.3,24
2023-02-06,2 wk ahead inc flu hosp,2023-02-18,26,quantile,0.3,23.9
2023-02-06,2 wk ahead inc flu hosp,2023-02-18,46,quantile,0.3,8.3
2023-02-06,2 wk ahead inc flu hosp,2023-02-18,05,quantile,0.3,7.2
2023-02-06,2 wk ahead inc flu hosp,2023-02-18,10,quantile,0.3,6.8
2023-02-06,2 wk ahead inc flu hosp,2023-02-18,28,quantile,0.3,15
2023-02-06,2 wk ahead inc flu hosp,2023-02-18,35,quantile,0.3,4.7
2023-02-06,2 wk ahead inc flu hosp,2023-02-18,38,quantile,0.3,7.6
2023-02-06,2 wk ahead inc flu hosp,2023-02-18,56,quantile,0.3,0.6
2023-02-06,2 wk ahead inc flu hosp,2023-02-18,02,quantile,0.3,3.4
2023-02-06,2 wk ahead inc flu hosp,2023-02-18,23,quantile,0.3,3.1
2023-02-06,2 wk ahead inc flu hosp,2023-02-18,01,quantile,0.3,14.7
2023-02-06,2 wk ahead inc flu hosp,2023-02-18,16,quantile,0.3,4.5
2023-02-06,2 wk ahead inc flu hosp,2023-02-18,30,quantile,0.3,4.7
2023-02-06,2 wk ahead inc flu hosp,2023-02-18,72,quantile,0.3,25.7
2023-02-06,2 wk ahead inc flu hosp,2023-02-18,78,quantile,0.3,0
2023-02-06,2 wk ahead inc flu hosp,2023-02-18,54,quantile,0.3,7.9
2023-02-06,3 wk ahead inc flu hosp,2023-02-25,53,quantile,0.3,19.6
2023-02-06,3 wk ahead inc flu hosp,2023-02-25,17,quantile,0.3,15.7
2023-02-06,3 wk ahead inc flu hosp,2023-02-25,06,quantile,0.3,54.3
2023-02-06,3 wk ahead inc flu hosp,2023-02-25,04,quantile,0.3,16.4
2023-02-06,3 wk ahead inc flu hosp,2023-02-25,25,quantile,0.3,10.2
2023-02-06,3 wk ahead inc flu hosp,2023-02-25,55,quantile,0.3,14
2023-02-06,3 wk ahead inc flu hosp,2023-02-25,48,quantile,0.3,110.8
2023-02-06,3 wk ahead inc flu hosp,2023-02-25,31,quantile,0.3,1.5
2023-02-06,3 wk ahead inc flu hosp,2023-02-25,49,quantile,0.3,2.1
2023-02-06,3 wk ahead inc flu hosp,2023-02-25,41,quantile,0.3,0.7
2023-02-06,3 wk ahead inc flu hosp,2023-02-25,12,quantile,0.3,168.4
2023-02-06,3 wk ahead inc flu hosp,2023-02-25,36,quantile,0.3,34.7
2023-02-06,3 wk ahead inc flu hosp,2023-02-25,44,quantile,0.3,0
2023-02-06,3 wk ahead inc flu hosp,2023-02-25,13,quantile,0.3,57.3
2023-02-06,3 wk ahead inc flu hosp,2023-02-25,33,quantile,0.3,2.2
2023-02-06,3 wk ahead inc flu hosp,2023-02-25,37,quantile,0.3,33.9
2023-02-06,3 wk ahead inc flu hosp,2023-02-25,34,quantile,0.3,22.2
2023-02-06,3 wk ahead inc flu hosp,2023-02-25,08,quantile,0.3,21.1
2023-02-06,3 wk ahead inc flu hosp,2023-02-25,24,quantile,0.3,17
2023-02-06,3 wk ahead inc flu hosp,2023-02-25,32,quantile,0.3,0
2023-02-06,3 wk ahead inc flu hosp,2023-02-25,47,quantile,0.3,19.4
2023-02-06,3 wk ahead inc flu hosp,2023-02-25,15,quantile,0.3,5.1
2023-02-06,3 wk ahead inc flu hosp,2023-02-25,18,quantile,0.3,15.3
2023-02-06,3 wk ahead inc flu hosp,2023-02-25,21,quantile,0.3,6.6
2023-02-06,3 wk ahead inc flu hosp,2023-02-25,27,quantile,0.3,11.1
2023-02-06,3 wk ahead inc flu hosp,2023-02-25,40,quantile,0.3,17.2
2023-02-06,3 wk ahead inc flu hosp,2023-02-25,42,quantile,0.3,24.1
2023-02-06,3 wk ahead inc flu hosp,2023-02-25,45,quantile,0.3,13
2023-02-06,3 wk ahead inc flu hosp,2023-02-25,11,quantile,0.3,2.3
2023-02-06,3 wk ahead inc flu hosp,2023-02-25,20,quantile,0.3,2.4
2023-02-06,3 wk ahead inc flu hosp,2023-02-25,29,quantile,0.3,21.9
2023-02-06,3 wk ahead inc flu hosp,2023-02-25,50,quantile,0.3,0.5
2023-02-06,3 wk ahead inc flu hosp,2023-02-25,51,quantile,0.3,30.6
2023-02-06,3 wk ahead inc flu hosp,2023-02-25,09,quantile,0.3,5.6
2023-02-06,3 wk ahead inc flu hosp,2023-02-25,19,quantile,0.3,3.5
2023-02-06,3 wk ahead inc flu hosp,2023-02-25,22,quantile,0.3,10.1
2023-02-06,3 wk ahead inc flu hosp,2023-02-25,39,quantile,0.3,36.2
2023-02-06,3 wk ahead inc flu hosp,2023-02-25,26,quantile,0.3,15.4
2023-02-06,3 wk ahead inc flu hosp,2023-02-25,46,quantile,0.3,4.1
2023-02-06,3 wk ahead inc flu hosp,2023-02-25,05,quantile,0.3,7.2
2023-02-06,3 wk ahead inc flu hosp,2023-02-25,10,quantile,0.3,5.2
2023-02-06,3 wk ahead inc flu hosp,2023-02-25,28,quantile,0.3,12.4
2023-02-06,3 wk ahead inc flu hosp,2023-02-25,35,quantile,0.3,4.6
2023-02-06,3 wk ahead inc flu hosp,2023-02-25,38,quantile,0.3,5.8
2023-02-06,3 wk ahead inc flu hosp,2023-02-25,56,quantile,0.3,0.1
2023-02-06,3 wk ahead inc flu hosp,2023-02-25,02,quantile,0.3,3.7
2023-02-06,3 wk ahead inc flu hosp,2023-02-25,23,quantile,0.3,0.9
2023-02-06,3 wk ahead inc flu hosp,2023-02-25,01,quantile,0.3,10.5
2023-02-06,3 wk ahead inc flu hosp,2023-02-25,16,quantile,0.3,2
2023-02-06,3 wk ahead inc flu hosp,2023-02-25,30,quantile,0.3,3.1
2023-02-06,3 wk ahead inc flu hosp,2023-02-25,72,quantile,0.3,20.3
2023-02-06,3 wk ahead inc flu hosp,2023-02-25,78,quantile,0.3,0
2023-02-06,3 wk ahead inc flu hosp,2023-02-25,54,quantile,0.3,7.9
2023-02-06,4 wk ahead inc flu hosp,2023-03-04,53,quantile,0.3,15.8
2023-02-06,4 wk ahead inc flu hosp,2023-03-04,17,quantile,0.3,7.2
2023-02-06,4 wk ahead inc flu hosp,2023-03-04,06,quantile,0.3,65.4
2023-02-06,4 wk ahead inc flu hosp,2023-03-04,04,quantile,0.3,22.4
2023-02-06,4 wk ahead inc flu hosp,2023-03-04,25,quantile,0.3,10.8
2023-02-06,4 wk ahead inc flu hosp,2023-03-04,55,quantile,0.3,11.7
2023-02-06,4 wk ahead inc flu hosp,2023-03-04,48,quantile,0.3,134.8
2023-02-06,4 wk ahead inc flu hosp,2023-03-04,31,quantile,0.3,7.4
2023-02-06,4 wk ahead inc flu hosp,2023-03-04,49,quantile,0.3,2
2023-02-06,4 wk ahead inc flu hosp,2023-03-04,41,quantile,0.3,0.8
2023-02-06,4 wk ahead inc flu hosp,2023-03-04,12,quantile,0.3,131.8
2023-02-06,4 wk ahead inc flu hosp,2023-03-04,36,quantile,0.3,53.9
2023-02-06,4 wk ahead inc flu hosp,2023-03-04,44,quantile,0.3,0.5
2023-02-06,4 wk ahead inc flu hosp,2023-03-04,13,quantile,0.3,55.9
2023-02-06,4 wk ahead inc flu hosp,2023-03-04,33,quantile,0.3,3.3
2023-02-06,4 wk ahead inc flu hosp,2023-03-04,37,quantile,0.3,34.1
2023-02-06,4 wk ahead inc flu hosp,2023-03-04,34,quantile,0.3,25.2
2023-02-06,4 wk ahead inc flu hosp,2023-03-04,08,quantile,0.3,18.6
2023-02-06,4 wk ahead inc flu hosp,2023-03-04,24,quantile,0.3,16.6
2023-02-06,4 wk ahead inc flu hosp,2023-03-04,32,quantile,0.3,0
2023-02-06,4 wk ahead inc flu hosp,2023-03-04,47,quantile,0.3,20.7
2023-02-06,4 wk ahead inc flu hosp,2023-03-04,15,quantile,0.3,5.3
2023-02-06,4 wk ahead inc flu hosp,2023-03-04,18,quantile,0.3,20.4
2023-02-06,4 wk ahead inc flu hosp,2023-03-04,21,quantile,0.3,0.2
2023-02-06,4 wk ahead inc flu hosp,2023-03-04,27,quantile,0.3,7.9
2023-02-06,4 wk ahead inc flu hosp,2023-03-04,40,quantile,0.3,26.4
2023-02-06,4 wk ahead inc flu hosp,2023-03-04,42,quantile,0.3,21.3
2023-02-06,4 wk ahead inc flu hosp,2023-03-04,45,quantile,0.3,10.8
2023-02-06,4 wk ahead inc flu hosp,2023-03-04,11,quantile,0.3,2.3
2023-02-06,4 wk ahead inc flu hosp,2023-03-04,20,quantile,0.3,4.2
2023-02-06,4 wk ahead inc flu hosp,2023-03-04,29,quantile,0.3,20.7
2023-02-06,4 wk ahead inc flu hosp,2023-03-04,50,quantile,0.3,0.5
2023-02-06,4 wk ahead inc flu hosp,2023-03-04,51,quantile,0.3,25.9
2023-02-06,4 wk ahead inc flu hosp,2023-03-04,09,quantile,0.3,7.3
2023-02-06,4 wk ahead inc flu hosp,2023-03-04,19,quantile,0.3,13.8
2023-02-06,4 wk ahead inc flu hosp,2023-03-04,22,quantile,0.3,6.5
2023-02-06,4 wk ahead inc flu hosp,2023-03-04,39,quantile,0.3,40.2
2023-02-06,4 wk ahead inc flu hosp,2023-03-04,26,quantile,0.3,19.1
2023-02-06,4 wk ahead inc flu hosp,2023-03-04,46,quantile,0.3,5.8
2023-02-06,4 wk ahead inc flu hosp,2023-03-04,05,quantile,0.3,5.8
2023-02-06,4 wk ahead inc flu hosp,2023-03-04,10,quantile,0.3,3
2023-02-06,4 wk ahead inc flu hosp,2023-03-04,28,quantile,0.3,6.7
2023-02-06,4 wk ahead inc flu hosp,2023-03-04,35,quantile,0.3,4
2023-02-06,4 wk ahead inc flu hosp,2023-03-04,38,quantile,0.3,4.8
2023-02-06,4 wk ahead inc flu hosp,2023-03-04,56,quantile,0.3,0.8
2023-02-06,4 wk ahead inc flu hosp,2023-03-04,02,quantile,0.3,2.3
2023-02-06,4 wk ahead inc flu hosp,2023-03-04,23,quantile,0.3,2.2
2023-02-06,4 wk ahead inc flu hosp,2023-03-04,01,quantile,0.3,7.9
2023-02-06,4 wk ahead inc flu hosp,2023-03-04,16,quantile,0.3,3.4
2023-02-06,4 wk ahead inc flu hosp,2023-03-04,30,quantile,0.3,1.7
2023-02-06,4 wk ahead inc flu hosp,2023-03-04,72,quantile,0.3,22.6
2023-02-06,4 wk ahead inc flu hosp,2023-03-04,78,quantile,0.3,0
2023-02-06,4 wk ahead inc flu hosp,2023-03-04,54,quantile,0.3,6.9
2023-02-06,1 wk ahead inc flu hosp,2023-02-11,53,quantile,0.35,28.7
2023-02-06,1 wk ahead inc flu hosp,2023-02-11,17,quantile,0.35,29.7
2023-02-06,1 wk ahead inc flu hosp,2023-02-11,06,quantile,0.35,97
2023-02-06,1 wk ahead inc flu hosp,2023-02-11,04,quantile,0.35,30.3
2023-02-06,1 wk ahead inc flu hosp,2023-02-11,25,quantile,0.35,36.7
2023-02-06,1 wk ahead inc flu hosp,2023-02-11,55,quantile,0.35,20.1
2023-02-06,1 wk ahead inc flu hosp,2023-02-11,48,quantile,0.35,259
2023-02-06,1 wk ahead inc flu hosp,2023-02-11,31,quantile,0.35,7.3
2023-02-06,1 wk ahead inc flu hosp,2023-02-11,49,quantile,0.35,4.1
2023-02-06,1 wk ahead inc flu hosp,2023-02-11,41,quantile,0.35,6.1
2023-02-06,1 wk ahead inc flu hosp,2023-02-11,12,quantile,0.35,240.1
2023-02-06,1 wk ahead inc flu hosp,2023-02-11,36,quantile,0.35,74.8
2023-02-06,1 wk ahead inc flu hosp,2023-02-11,44,quantile,0.35,3.5
2023-02-06,1 wk ahead inc flu hosp,2023-02-11,13,quantile,0.35,94.2
2023-02-06,1 wk ahead inc flu hosp,2023-02-11,33,quantile,0.35,5.8
2023-02-06,1 wk ahead inc flu hosp,2023-02-11,37,quantile,0.35,39
2023-02-06,1 wk ahead inc flu hosp,2023-02-11,34,quantile,0.35,28.5
2023-02-06,1 wk ahead inc flu hosp,2023-02-11,08,quantile,0.35,27.5
2023-02-06,1 wk ahead inc flu hosp,2023-02-11,24,quantile,0.35,27.5
2023-02-06,1 wk ahead inc flu hosp,2023-02-11,32,quantile,0.35,3.3
2023-02-06,1 wk ahead inc flu hosp,2023-02-11,47,quantile,0.35,29.9
2023-02-06,1 wk ahead inc flu hosp,2023-02-11,15,quantile,0.35,7.7
2023-02-06,1 wk ahead inc flu hosp,2023-02-11,18,quantile,0.35,36
2023-02-06,1 wk ahead inc flu hosp,2023-02-11,21,quantile,0.35,8.6
2023-02-06,1 wk ahead inc flu hosp,2023-02-11,27,quantile,0.35,17.2
2023-02-06,1 wk ahead inc flu hosp,2023-02-11,40,quantile,0.35,39.9
2023-02-06,1 wk ahead inc flu hosp,2023-02-11,42,quantile,0.35,66.3
2023-02-06,1 wk ahead inc flu hosp,2023-02-11,45,quantile,0.35,21.2
2023-02-06,1 wk ahead inc flu hosp,2023-02-11,11,quantile,0.35,3.2
2023-02-06,1 wk ahead inc flu hosp,2023-02-11,20,quantile,0.35,6.9
2023-02-06,1 wk ahead inc flu hosp,2023-02-11,29,quantile,0.35,34.9
2023-02-06,1 wk ahead inc flu hosp,2023-02-11,50,quantile,0.35,1
2023-02-06,1 wk ahead inc flu hosp,2023-02-11,51,quantile,0.35,48.8
2023-02-06,1 wk ahead inc flu hosp,2023-02-11,09,quantile,0.35,7.8
2023-02-06,1 wk ahead inc flu hosp,2023-02-11,19,quantile,0.35,6.8
2023-02-06,1 wk ahead inc flu hosp,2023-02-11,22,quantile,0.35,23.5
2023-02-06,1 wk ahead inc flu hosp,2023-02-11,39,quantile,0.35,38.5
2023-02-06,1 wk ahead inc flu hosp,2023-02-11,26,quantile,0.35,47.5
2023-02-06,1 wk ahead inc flu hosp,2023-02-11,46,quantile,0.35,12.1
2023-02-06,1 wk ahead inc flu hosp,2023-02-11,05,quantile,0.35,13.1
2023-02-06,1 wk ahead inc flu hosp,2023-02-11,10,quantile,0.35,6.3
2023-02-06,1 wk ahead inc flu hosp,2023-02-11,28,quantile,0.35,22
2023-02-06,1 wk ahead inc flu hosp,2023-02-11,35,quantile,0.35,5.1
2023-02-06,1 wk ahead inc flu hosp,2023-02-11,38,quantile,0.35,13.1
2023-02-06,1 wk ahead inc flu hosp,2023-02-11,56,quantile,0.35,0
2023-02-06,1 wk ahead inc flu hosp,2023-02-11,02,quantile,0.35,5.6
2023-02-06,1 wk ahead inc flu hosp,2023-02-11,23,quantile,0.35,6.1
2023-02-06,1 wk ahead inc flu hosp,2023-02-11,01,quantile,0.35,25.9
2023-02-06,1 wk ahead inc flu hosp,2023-02-11,16,quantile,0.35,3.2
2023-02-06,1 wk ahead inc flu hosp,2023-02-11,30,quantile,0.35,6.2
2023-02-06,1 wk ahead inc flu hosp,2023-02-11,72,quantile,0.35,33
2023-02-06,1 wk ahead inc flu hosp,2023-02-11,78,quantile,0.35,0
2023-02-06,1 wk ahead inc flu hosp,2023-02-11,54,quantile,0.35,16.2
2023-02-06,2 wk ahead inc flu hosp,2023-02-18,53,quantile,0.35,24.8
2023-02-06,2 wk ahead inc flu hosp,2023-02-18,17,quantile,0.35,32.4
2023-02-06,2 wk ahead inc flu hosp,2023-02-18,06,quantile,0.35,70.9
2023-02-06,2 wk ahead inc flu hosp,2023-02-18,04,quantile,0.35,19.4
2023-02-06,2 wk ahead inc flu hosp,2023-02-18,25,quantile,0.35,23.1
2023-02-06,2 wk ahead inc flu hosp,2023-02-18,55,quantile,0.35,15.4
2023-02-06,2 wk ahead inc flu hosp,2023-02-18,48,quantile,0.35,212.4
2023-02-06,2 wk ahead inc flu hosp,2023-02-18,31,quantile,0.35,5.2
2023-02-06,2 wk ahead inc flu hosp,2023-02-18,49,quantile,0.35,1.1
2023-02-06,2 wk ahead inc flu hosp,2023-02-18,41,quantile,0.35,3.3
2023-02-06,2 wk ahead inc flu hosp,2023-02-18,12,quantile,0.35,214.8
2023-02-06,2 wk ahead inc flu hosp,2023-02-18,36,quantile,0.35,50.5
2023-02-06,2 wk ahead inc flu hosp,2023-02-18,44,quantile,0.35,2
2023-02-06,2 wk ahead inc flu hosp,2023-02-18,13,quantile,0.35,77.5
2023-02-06,2 wk ahead inc flu hosp,2023-02-18,33,quantile,0.35,3.1
2023-02-06,2 wk ahead inc flu hosp,2023-02-18,37,quantile,0.35,30
2023-02-06,2 wk ahead inc flu hosp,2023-02-18,34,quantile,0.35,16.9
2023-02-06,2 wk ahead inc flu hosp,2023-02-18,08,quantile,0.35,17
2023-02-06,2 wk ahead inc flu hosp,2023-02-18,24,quantile,0.35,23.1
2023-02-06,2 wk ahead inc flu hosp,2023-02-18,32,quantile,0.35,1.8
2023-02-06,2 wk ahead inc flu hosp,2023-02-18,47,quantile,0.35,20.2
2023-02-06,2 wk ahead inc flu hosp,2023-02-18,15,quantile,0.35,7.7
2023-02-06,2 wk ahead inc flu hosp,2023-02-18,18,quantile,0.35,16.8
2023-02-06,2 wk ahead inc flu hosp,2023-02-18,21,quantile,0.35,11.2
2023-02-06,2 wk ahead inc flu hosp,2023-02-18,27,quantile,0.35,14.7
2023-02-06,2 wk ahead inc flu hosp,2023-02-18,40,quantile,0.35,29.5
2023-02-06,2 wk ahead inc flu hosp,2023-02-18,42,quantile,0.35,35.9
2023-02-06,2 wk ahead inc flu hosp,2023-02-18,45,quantile,0.35,16.9
2023-02-06,2 wk ahead inc flu hosp,2023-02-18,11,quantile,0.35,3.3
2023-02-06,2 wk ahead inc flu hosp,2023-02-18,20,quantile,0.35,6.7
2023-02-06,2 wk ahead inc flu hosp,2023-02-18,29,quantile,0.35,25.9
2023-02-06,2 wk ahead inc flu hosp,2023-02-18,50,quantile,0.35,1.8
2023-02-06,2 wk ahead inc flu hosp,2023-02-18,51,quantile,0.35,42.1
2023-02-06,2 wk ahead inc flu hosp,2023-02-18,09,quantile,0.35,9.2
2023-02-06,2 wk ahead inc flu hosp,2023-02-18,19,quantile,0.35,11
2023-02-06,2 wk ahead inc flu hosp,2023-02-18,22,quantile,0.35,18.8
2023-02-06,2 wk ahead inc flu hosp,2023-02-18,39,quantile,0.35,26.6
2023-02-06,2 wk ahead inc flu hosp,2023-02-18,26,quantile,0.35,28.3
2023-02-06,2 wk ahead inc flu hosp,2023-02-18,46,quantile,0.35,10.4
2023-02-06,2 wk ahead inc flu hosp,2023-02-18,05,quantile,0.35,8.6
2023-02-06,2 wk ahead inc flu hosp,2023-02-18,10,quantile,0.35,8.7
2023-02-06,2 wk ahead inc flu hosp,2023-02-18,28,quantile,0.35,15.6
2023-02-06,2 wk ahead inc flu hosp,2023-02-18,35,quantile,0.35,5.8
2023-02-06,2 wk ahead inc flu hosp,2023-02-18,38,quantile,0.35,7.9
2023-02-06,2 wk ahead inc flu hosp,2023-02-18,56,quantile,0.35,0.8
2023-02-06,2 wk ahead inc flu hosp,2023-02-18,02,quantile,0.35,4.2
2023-02-06,2 wk ahead inc flu hosp,2023-02-18,23,quantile,0.35,3.8
2023-02-06,2 wk ahead inc flu hosp,2023-02-18,01,quantile,0.35,17.5
2023-02-06,2 wk ahead inc flu hosp,2023-02-18,16,quantile,0.35,5.4
2023-02-06,2 wk ahead inc flu hosp,2023-02-18,30,quantile,0.35,5.2
2023-02-06,2 wk ahead inc flu hosp,2023-02-18,72,quantile,0.35,27.9
2023-02-06,2 wk ahead inc flu hosp,2023-02-18,78,quantile,0.35,0
2023-02-06,2 wk ahead inc flu hosp,2023-02-18,54,quantile,0.35,10.9
2023-02-06,3 wk ahead inc flu hosp,2023-02-25,53,quantile,0.35,23.3
2023-02-06,3 wk ahead inc flu hosp,2023-02-25,17,quantile,0.35,21.5
2023-02-06,3 wk ahead inc flu hosp,2023-02-25,06,quantile,0.35,67.6
2023-02-06,3 wk ahead inc flu hosp,2023-02-25,04,quantile,0.35,19.3
2023-02-06,3 wk ahead inc flu hosp,2023-02-25,25,quantile,0.35,11.6
2023-02-06,3 wk ahead inc flu hosp,2023-02-25,55,quantile,0.35,16.7
2023-02-06,3 wk ahead inc flu hosp,2023-02-25,48,quantile,0.35,146.6
2023-02-06,3 wk ahead inc flu hosp,2023-02-25,31,quantile,0.35,2.2
2023-02-06,3 wk ahead inc flu hosp,2023-02-25,49,quantile,0.35,2.6
2023-02-06,3 wk ahead inc flu hosp,2023-02-25,41,quantile,0.35,1.4
2023-02-06,3 wk ahead inc flu hosp,2023-02-25,12,quantile,0.35,178.2
2023-02-06,3 wk ahead inc flu hosp,2023-02-25,36,quantile,0.35,42.3
2023-02-06,3 wk ahead inc flu hosp,2023-02-25,44,quantile,0.35,0.9
2023-02-06,3 wk ahead inc flu hosp,2023-02-25,13,quantile,0.35,69.2
2023-02-06,3 wk ahead inc flu hosp,2023-02-25,33,quantile,0.35,3
2023-02-06,3 wk ahead inc flu hosp,2023-02-25,37,quantile,0.35,38.8
2023-02-06,3 wk ahead inc flu hosp,2023-02-25,34,quantile,0.35,26.2
2023-02-06,3 wk ahead inc flu hosp,2023-02-25,08,quantile,0.35,24
2023-02-06,3 wk ahead inc flu hosp,2023-02-25,24,quantile,0.35,21.4
2023-02-06,3 wk ahead inc flu hosp,2023-02-25,32,quantile,0.35,0.4
2023-02-06,3 wk ahead inc flu hosp,2023-02-25,47,quantile,0.35,21.3
2023-02-06,3 wk ahead inc flu hosp,2023-02-25,15,quantile,0.35,6
2023-02-06,3 wk ahead inc flu hosp,2023-02-25,18,quantile,0.35,19
2023-02-06,3 wk ahead inc flu hosp,2023-02-25,21,quantile,0.35,8.4
2023-02-06,3 wk ahead inc flu hosp,2023-02-25,27,quantile,0.35,13
2023-02-06,3 wk ahead inc flu hosp,2023-02-25,40,quantile,0.35,20.6
2023-02-06,3 wk ahead inc flu hosp,2023-02-25,42,quantile,0.35,27.9
2023-02-06,3 wk ahead inc flu hosp,2023-02-25,45,quantile,0.35,14.7
2023-02-06,3 wk ahead inc flu hosp,2023-02-25,11,quantile,0.35,2.8
2023-02-06,3 wk ahead inc flu hosp,2023-02-25,20,quantile,0.35,3.6
2023-02-06,3 wk ahead inc flu hosp,2023-02-25,29,quantile,0.35,25.4
2023-02-06,3 wk ahead inc flu hosp,2023-02-25,50,quantile,0.35,0.9
2023-02-06,3 wk ahead inc flu hosp,2023-02-25,51,quantile,0.35,35.7
2023-02-06,3 wk ahead inc flu hosp,2023-02-25,09,quantile,0.35,7.1
2023-02-06,3 wk ahead inc flu hosp,2023-02-25,19,quantile,0.35,3.8
2023-02-06,3 wk ahead inc flu hosp,2023-02-25,22,quantile,0.35,11.4
2023-02-06,3 wk ahead inc flu hosp,2023-02-25,39,quantile,0.35,42.9
2023-02-06,3 wk ahead inc flu hosp,2023-02-25,26,quantile,0.35,16.1
2023-02-06,3 wk ahead inc flu hosp,2023-02-25,46,quantile,0.35,5.2
2023-02-06,3 wk ahead inc flu hosp,2023-02-25,05,quantile,0.35,8.5
2023-02-06,3 wk ahead inc flu hosp,2023-02-25,10,quantile,0.35,6.1
2023-02-06,3 wk ahead inc flu hosp,2023-02-25,28,quantile,0.35,13.3
2023-02-06,3 wk ahead inc flu hosp,2023-02-25,35,quantile,0.35,5.5
2023-02-06,3 wk ahead inc flu hosp,2023-02-25,38,quantile,0.35,6.4
2023-02-06,3 wk ahead inc flu hosp,2023-02-25,56,quantile,0.35,0.6
2023-02-06,3 wk ahead inc flu hosp,2023-02-25,02,quantile,0.35,4.2
2023-02-06,3 wk ahead inc flu hosp,2023-02-25,23,quantile,0.35,2
2023-02-06,3 wk ahead inc flu hosp,2023-02-25,01,quantile,0.35,12.8
2023-02-06,3 wk ahead inc flu hosp,2023-02-25,16,quantile,0.35,2.2
2023-02-06,3 wk ahead inc flu hosp,2023-02-25,30,quantile,0.35,4.1
2023-02-06,3 wk ahead inc flu hosp,2023-02-25,72,quantile,0.35,23.9
2023-02-06,3 wk ahead inc flu hosp,2023-02-25,78,quantile,0.35,0
2023-02-06,3 wk ahead inc flu hosp,2023-02-25,54,quantile,0.35,9.7
2023-02-06,4 wk ahead inc flu hosp,2023-03-04,53,quantile,0.35,19.3
2023-02-06,4 wk ahead inc flu hosp,2023-03-04,17,quantile,0.35,15.3
2023-02-06,4 wk ahead inc flu hosp,2023-03-04,06,quantile,0.35,82.5
2023-02-06,4 wk ahead inc flu hosp,2023-03-04,04,quantile,0.35,26
2023-02-06,4 wk ahead inc flu hosp,2023-03-04,25,quantile,0.35,14.8
2023-02-06,4 wk ahead inc flu hosp,2023-03-04,55,quantile,0.35,14.7
2023-02-06,4 wk ahead inc flu hosp,2023-03-04,48,quantile,0.35,153.7
2023-02-06,4 wk ahead inc flu hosp,2023-03-04,31,quantile,0.35,8.9
2023-02-06,4 wk ahead inc flu hosp,2023-03-04,49,quantile,0.35,2.8
2023-02-06,4 wk ahead inc flu hosp,2023-03-04,41,quantile,0.35,1.6
2023-02-06,4 wk ahead inc flu hosp,2023-03-04,12,quantile,0.35,152.7
2023-02-06,4 wk ahead inc flu hosp,2023-03-04,36,quantile,0.35,60.3
2023-02-06,4 wk ahead inc flu hosp,2023-03-04,44,quantile,0.35,0.8
2023-02-06,4 wk ahead inc flu hosp,2023-03-04,13,quantile,0.35,63.5
2023-02-06,4 wk ahead inc flu hosp,2023-03-04,33,quantile,0.35,4.2
2023-02-06,4 wk ahead inc flu hosp,2023-03-04,37,quantile,0.35,36.2
2023-02-06,4 wk ahead inc flu hosp,2023-03-04,34,quantile,0.35,28.8
2023-02-06,4 wk ahead inc flu hosp,2023-03-04,08,quantile,0.35,23.2
2023-02-06,4 wk ahead inc flu hosp,2023-03-04,24,quantile,0.35,19.2
2023-02-06,4 wk ahead inc flu hosp,2023-03-04,32,quantile,0.35,0.4
2023-02-06,4 wk ahead inc flu hosp,2023-03-04,47,quantile,0.35,25.3
2023-02-06,4 wk ahead inc flu hosp,2023-03-04,15,quantile,0.35,7.3
2023-02-06,4 wk ahead inc flu hosp,2023-03-04,18,quantile,0.35,24.5
2023-02-06,4 wk ahead inc flu hosp,2023-03-04,21,quantile,0.35,2.9
2023-02-06,4 wk ahead inc flu hosp,2023-03-04,27,quantile,0.35,9.5
2023-02-06,4 wk ahead inc flu hosp,2023-03-04,40,quantile,0.35,30.5
2023-02-06,4 wk ahead inc flu hosp,2023-03-04,42,quantile,0.35,27.2
2023-02-06,4 wk ahead inc flu hosp,2023-03-04,45,quantile,0.35,12.7
2023-02-06,4 wk ahead inc flu hosp,2023-03-04,11,quantile,0.35,2.8
2023-02-06,4 wk ahead inc flu hosp,2023-03-04,20,quantile,0.35,6
2023-02-06,4 wk ahead inc flu hosp,2023-03-04,29,quantile,0.35,24.9
2023-02-06,4 wk ahead inc flu hosp,2023-03-04,50,quantile,0.35,0.7
2023-02-06,4 wk ahead inc flu hosp,2023-03-04,51,quantile,0.35,32.3
2023-02-06,4 wk ahead inc flu hosp,2023-03-04,09,quantile,0.35,8.3
2023-02-06,4 wk ahead inc flu hosp,2023-03-04,19,quantile,0.35,15.9
2023-02-06,4 wk ahead inc flu hosp,2023-03-04,22,quantile,0.35,9.4
2023-02-06,4 wk ahead inc flu hosp,2023-03-04,39,quantile,0.35,43.5
2023-02-06,4 wk ahead inc flu hosp,2023-03-04,26,quantile,0.35,24.5
2023-02-06,4 wk ahead inc flu hosp,2023-03-04,46,quantile,0.35,6.8
2023-02-06,4 wk ahead inc flu hosp,2023-03-04,05,quantile,0.35,7
2023-02-06,4 wk ahead inc flu hosp,2023-03-04,10,quantile,0.35,3.7
2023-02-06,4 wk ahead inc flu hosp,2023-03-04,28,quantile,0.35,8.1
2023-02-06,4 wk ahead inc flu hosp,2023-03-04,35,quantile,0.35,5
2023-02-06,4 wk ahead inc flu hosp,2023-03-04,38,quantile,0.35,5.2
2023-02-06,4 wk ahead inc flu hosp,2023-03-04,56,quantile,0.35,1.1
2023-02-06,4 wk ahead inc flu hosp,2023-03-04,02,quantile,0.35,2.7
2023-02-06,4 wk ahead inc flu hosp,2023-03-04,23,quantile,0.35,2.8
2023-02-06,4 wk ahead inc flu hosp,2023-03-04,01,quantile,0.35,9.8
2023-02-06,4 wk ahead inc flu hosp,2023-03-04,16,quantile,0.35,4.1
2023-02-06,4 wk ahead inc flu hosp,2023-03-04,30,quantile,0.35,2.6
2023-02-06,4 wk ahead inc flu hosp,2023-03-04,72,quantile,0.35,25.6
2023-02-06,4 wk ahead inc flu hosp,2023-03-04,78,quantile,0.35,0
2023-02-06,4 wk ahead inc flu hosp,2023-03-04,54,quantile,0.35,8
2023-02-06,1 wk ahead inc flu hosp,2023-02-11,53,quantile,0.4,30.6
2023-02-06,1 wk ahead inc flu hosp,2023-02-11,17,quantile,0.4,32.5
2023-02-06,1 wk ahead inc flu hosp,2023-02-11,06,quantile,0.4,106.1
2023-02-06,1 wk ahead inc flu hosp,2023-02-11,04,quantile,0.4,32.6
2023-02-06,1 wk ahead inc flu hosp,2023-02-11,25,quantile,0.4,39.2
2023-02-06,1 wk ahead inc flu hosp,2023-02-11,55,quantile,0.4,21.3
2023-02-06,1 wk ahead inc flu hosp,2023-02-11,48,quantile,0.4,270.4
2023-02-06,1 wk ahead inc flu hosp,2023-02-11,31,quantile,0.4,8.3
2023-02-06,1 wk ahead inc flu hosp,2023-02-11,49,quantile,0.4,4.7
2023-02-06,1 wk ahead inc flu hosp,2023-02-11,41,quantile,0.4,6.8
2023-02-06,1 wk ahead inc flu hosp,2023-02-11,12,quantile,0.4,250
2023-02-06,1 wk ahead inc flu hosp,2023-02-11,36,quantile,0.4,77.7
2023-02-06,1 wk ahead inc flu hosp,2023-02-11,44,quantile,0.4,4.2
2023-02-06,1 wk ahead inc flu hosp,2023-02-11,13,quantile,0.4,97.2
2023-02-06,1 wk ahead inc flu hosp,2023-02-11,33,quantile,0.4,6.7
2023-02-06,1 wk ahead inc flu hosp,2023-02-11,37,quantile,0.4,40.9
2023-02-06,1 wk ahead inc flu hosp,2023-02-11,34,quantile,0.4,31.1
2023-02-06,1 wk ahead inc flu hosp,2023-02-11,08,quantile,0.4,29.5
2023-02-06,1 wk ahead inc flu hosp,2023-02-11,24,quantile,0.4,29.4
2023-02-06,1 wk ahead inc flu hosp,2023-02-11,32,quantile,0.4,4.8
2023-02-06,1 wk ahead inc flu hosp,2023-02-11,47,quantile,0.4,31.6
2023-02-06,1 wk ahead inc flu hosp,2023-02-11,15,quantile,0.4,8.5
2023-02-06,1 wk ahead inc flu hosp,2023-02-11,18,quantile,0.4,38
2023-02-06,1 wk ahead inc flu hosp,2023-02-11,21,quantile,0.4,9.8
2023-02-06,1 wk ahead inc flu hosp,2023-02-11,27,quantile,0.4,18.7
2023-02-06,1 wk ahead inc flu hosp,2023-02-11,40,quantile,0.4,42.1
2023-02-06,1 wk ahead inc flu hosp,2023-02-11,42,quantile,0.4,75.1
2023-02-06,1 wk ahead inc flu hosp,2023-02-11,45,quantile,0.4,22.5
2023-02-06,1 wk ahead inc flu hosp,2023-02-11,11,quantile,0.4,4
2023-02-06,1 wk ahead inc flu hosp,2023-02-11,20,quantile,0.4,8.3
2023-02-06,1 wk ahead inc flu hosp,2023-02-11,29,quantile,0.4,38.9
2023-02-06,1 wk ahead inc flu hosp,2023-02-11,50,quantile,0.4,1.5
2023-02-06,1 wk ahead inc flu hosp,2023-02-11,51,quantile,0.4,52.7
2023-02-06,1 wk ahead inc flu hosp,2023-02-11,09,quantile,0.4,9.3
2023-02-06,1 wk ahead inc flu hosp,2023-02-11,19,quantile,0.4,9.7
2023-02-06,1 wk ahead inc flu hosp,2023-02-11,22,quantile,0.4,24.8
2023-02-06,1 wk ahead inc flu hosp,2023-02-11,39,quantile,0.4,42.5
2023-02-06,1 wk ahead inc flu hosp,2023-02-11,26,quantile,0.4,51.3
2023-02-06,1 wk ahead inc flu hosp,2023-02-11,46,quantile,0.4,13.1
2023-02-06,1 wk ahead inc flu hosp,2023-02-11,05,quantile,0.4,14.6
2023-02-06,1 wk ahead inc flu hosp,2023-02-11,10,quantile,0.4,7.8
2023-02-06,1 wk ahead inc flu hosp,2023-02-11,28,quantile,0.4,23.2
2023-02-06,1 wk ahead inc flu hosp,2023-02-11,35,quantile,0.4,5.8
2023-02-06,1 wk ahead inc flu hosp,2023-02-11,38,quantile,0.4,14.1
2023-02-06,1 wk ahead inc flu hosp,2023-02-11,56,quantile,0.4,0.2
2023-02-06,1 wk ahead inc flu hosp,2023-02-11,02,quantile,0.4,6.4
2023-02-06,1 wk ahead inc flu hosp,2023-02-11,23,quantile,0.4,7
2023-02-06,1 wk ahead inc flu hosp,2023-02-11,01,quantile,0.4,26.9
2023-02-06,1 wk ahead inc flu hosp,2023-02-11,16,quantile,0.4,4.1
2023-02-06,1 wk ahead inc flu hosp,2023-02-11,30,quantile,0.4,7.1
2023-02-06,1 wk ahead inc flu hosp,2023-02-11,72,quantile,0.4,35.2
2023-02-06,1 wk ahead inc flu hosp,2023-02-11,78,quantile,0.4,0
2023-02-06,1 wk ahead inc flu hosp,2023-02-11,54,quantile,0.4,17.4
2023-02-06,2 wk ahead inc flu hosp,2023-02-18,53,quantile,0.4,26.5
2023-02-06,2 wk ahead inc flu hosp,2023-02-18,17,quantile,0.4,38.1
2023-02-06,2 wk ahead inc flu hosp,2023-02-18,06,quantile,0.4,81.5
2023-02-06,2 wk ahead inc flu hosp,2023-02-18,04,quantile,0.4,22.9
2023-02-06,2 wk ahead inc flu hosp,2023-02-18,25,quantile,0.4,25.8
2023-02-06,2 wk ahead inc flu hosp,2023-02-18,55,quantile,0.4,17
2023-02-06,2 wk ahead inc flu hosp,2023-02-18,48,quantile,0.4,228.2
2023-02-06,2 wk ahead inc flu hosp,2023-02-18,31,quantile,0.4,6.3
2023-02-06,2 wk ahead inc flu hosp,2023-02-18,49,quantile,0.4,2.4
2023-02-06,2 wk ahead inc flu hosp,2023-02-18,41,quantile,0.4,5.3
2023-02-06,2 wk ahead inc flu hosp,2023-02-18,12,quantile,0.4,217.8
2023-02-06,2 wk ahead inc flu hosp,2023-02-18,36,quantile,0.4,54.5
2023-02-06,2 wk ahead inc flu hosp,2023-02-18,44,quantile,0.4,2.8
2023-02-06,2 wk ahead inc flu hosp,2023-02-18,13,quantile,0.4,87
2023-02-06,2 wk ahead inc flu hosp,2023-02-18,33,quantile,0.4,4
2023-02-06,2 wk ahead inc flu hosp,2023-02-18,37,quantile,0.4,33.6
2023-02-06,2 wk ahead inc flu hosp,2023-02-18,34,quantile,0.4,20.7
2023-02-06,2 wk ahead inc flu hosp,2023-02-18,08,quantile,0.4,19.9
2023-02-06,2 wk ahead inc flu hosp,2023-02-18,24,quantile,0.4,24.7
2023-02-06,2 wk ahead inc flu hosp,2023-02-18,32,quantile,0.4,2.7
2023-02-06,2 wk ahead inc flu hosp,2023-02-18,47,quantile,0.4,23.8
2023-02-06,2 wk ahead inc flu hosp,2023-02-18,15,quantile,0.4,9.4
2023-02-06,2 wk ahead inc flu hosp,2023-02-18,18,quantile,0.4,20.4
2023-02-06,2 wk ahead inc flu hosp,2023-02-18,21,quantile,0.4,13.9
2023-02-06,2 wk ahead inc flu hosp,2023-02-18,27,quantile,0.4,16.8
2023-02-06,2 wk ahead inc flu hosp,2023-02-18,40,quantile,0.4,31.9
2023-02-06,2 wk ahead inc flu hosp,2023-02-18,42,quantile,0.4,41.7
2023-02-06,2 wk ahead inc flu hosp,2023-02-18,45,quantile,0.4,19.8
2023-02-06,2 wk ahead inc flu hosp,2023-02-18,11,quantile,0.4,4
2023-02-06,2 wk ahead inc flu hosp,2023-02-18,20,quantile,0.4,8.3
2023-02-06,2 wk ahead inc flu hosp,2023-02-18,29,quantile,0.4,28.9
2023-02-06,2 wk ahead inc flu hosp,2023-02-18,50,quantile,0.4,2.5
2023-02-06,2 wk ahead inc flu hosp,2023-02-18,51,quantile,0.4,46.4
2023-02-06,2 wk ahead inc flu hosp,2023-02-18,09,quantile,0.4,11.2
2023-02-06,2 wk ahead inc flu hosp,2023-02-18,19,quantile,0.4,13
2023-02-06,2 wk ahead inc flu hosp,2023-02-18,22,quantile,0.4,22.1
2023-02-06,2 wk ahead inc flu hosp,2023-02-18,39,quantile,0.4,29.1
2023-02-06,2 wk ahead inc flu hosp,2023-02-18,26,quantile,0.4,31.9
2023-02-06,2 wk ahead inc flu hosp,2023-02-18,46,quantile,0.4,12.1
2023-02-06,2 wk ahead inc flu hosp,2023-02-18,05,quantile,0.4,10.3
2023-02-06,2 wk ahead inc flu hosp,2023-02-18,10,quantile,0.4,10.2
2023-02-06,2 wk ahead inc flu hosp,2023-02-18,28,quantile,0.4,16.4
2023-02-06,2 wk ahead inc flu hosp,2023-02-18,35,quantile,0.4,6.7
2023-02-06,2 wk ahead inc flu hosp,2023-02-18,38,quantile,0.4,8.3
2023-02-06,2 wk ahead inc flu hosp,2023-02-18,56,quantile,0.4,1.3
2023-02-06,2 wk ahead inc flu hosp,2023-02-18,02,quantile,0.4,5.5
2023-02-06,2 wk ahead inc flu hosp,2023-02-18,23,quantile,0.4,4.5
2023-02-06,2 wk ahead inc flu hosp,2023-02-18,01,quantile,0.4,19.9
2023-02-06,2 wk ahead inc flu hosp,2023-02-18,16,quantile,0.4,6.6
2023-02-06,2 wk ahead inc flu hosp,2023-02-18,30,quantile,0.4,6
2023-02-06,2 wk ahead inc flu hosp,2023-02-18,72,quantile,0.4,29
2023-02-06,2 wk ahead inc flu hosp,2023-02-18,78,quantile,0.4,0
2023-02-06,2 wk ahead inc flu hosp,2023-02-18,54,quantile,0.4,13.8
2023-02-06,3 wk ahead inc flu hosp,2023-02-25,53,quantile,0.4,27.1
2023-02-06,3 wk ahead inc flu hosp,2023-02-25,17,quantile,0.4,25.4
2023-02-06,3 wk ahead inc flu hosp,2023-02-25,06,quantile,0.4,87.2
2023-02-06,3 wk ahead inc flu hosp,2023-02-25,04,quantile,0.4,24
2023-02-06,3 wk ahead inc flu hosp,2023-02-25,25,quantile,0.4,15.4
2023-02-06,3 wk ahead inc flu hosp,2023-02-25,55,quantile,0.4,19.5
2023-02-06,3 wk ahead inc flu hosp,2023-02-25,48,quantile,0.4,168.6
2023-02-06,3 wk ahead inc flu hosp,2023-02-25,31,quantile,0.4,3
2023-02-06,3 wk ahead inc flu hosp,2023-02-25,49,quantile,0.4,4.4
2023-02-06,3 wk ahead inc flu hosp,2023-02-25,41,quantile,0.4,2.3
2023-02-06,3 wk ahead inc flu hosp,2023-02-25,12,quantile,0.4,199.9
2023-02-06,3 wk ahead inc flu hosp,2023-02-25,36,quantile,0.4,53.1
2023-02-06,3 wk ahead inc flu hosp,2023-02-25,44,quantile,0.4,1.2
2023-02-06,3 wk ahead inc flu hosp,2023-02-25,13,quantile,0.4,84.4
2023-02-06,3 wk ahead inc flu hosp,2023-02-25,33,quantile,0.4,3.2
2023-02-06,3 wk ahead inc flu hosp,2023-02-25,37,quantile,0.4,44.6
2023-02-06,3 wk ahead inc flu hosp,2023-02-25,34,quantile,0.4,31.9
2023-02-06,3 wk ahead inc flu hosp,2023-02-25,08,quantile,0.4,27.7
2023-02-06,3 wk ahead inc flu hosp,2023-02-25,24,quantile,0.4,25.1
2023-02-06,3 wk ahead inc flu hosp,2023-02-25,32,quantile,0.4,1.2
2023-02-06,3 wk ahead inc flu hosp,2023-02-25,47,quantile,0.4,23.7
2023-02-06,3 wk ahead inc flu hosp,2023-02-25,15,quantile,0.4,7
2023-02-06,3 wk ahead inc flu hosp,2023-02-25,18,quantile,0.4,22.1
2023-02-06,3 wk ahead inc flu hosp,2023-02-25,21,quantile,0.4,10.1
2023-02-06,3 wk ahead inc flu hosp,2023-02-25,27,quantile,0.4,14.3
2023-02-06,3 wk ahead inc flu hosp,2023-02-25,40,quantile,0.4,23
2023-02-06,3 wk ahead inc flu hosp,2023-02-25,42,quantile,0.4,32.7
2023-02-06,3 wk ahead inc flu hosp,2023-02-25,45,quantile,0.4,16.7
2023-02-06,3 wk ahead inc flu hosp,2023-02-25,11,quantile,0.4,3.3
2023-02-06,3 wk ahead inc flu hosp,2023-02-25,20,quantile,0.4,5.6
2023-02-06,3 wk ahead inc flu hosp,2023-02-25,29,quantile,0.4,30.1
2023-02-06,3 wk ahead inc flu hosp,2023-02-25,50,quantile,0.4,1.1
2023-02-06,3 wk ahead inc flu hosp,2023-02-25,51,quantile,0.4,40.7
2023-02-06,3 wk ahead inc flu hosp,2023-02-25,09,quantile,0.4,9.8
2023-02-06,3 wk ahead inc flu hosp,2023-02-25,19,quantile,0.4,4.7
2023-02-06,3 wk ahead inc flu hosp,2023-02-25,22,quantile,0.4,12.7
2023-02-06,3 wk ahead inc flu hosp,2023-02-25,39,quantile,0.4,47.9
2023-02-06,3 wk ahead inc flu hosp,2023-02-25,26,quantile,0.4,22.2
2023-02-06,3 wk ahead inc flu hosp,2023-02-25,46,quantile,0.4,7.1
2023-02-06,3 wk ahead inc flu hosp,2023-02-25,05,quantile,0.4,10.3
2023-02-06,3 wk ahead inc flu hosp,2023-02-25,10,quantile,0.4,7.1
2023-02-06,3 wk ahead inc flu hosp,2023-02-25,28,quantile,0.4,14.7
2023-02-06,3 wk ahead inc flu hosp,2023-02-25,35,quantile,0.4,6.7
2023-02-06,3 wk ahead inc flu hosp,2023-02-25,38,quantile,0.4,7.2
2023-02-06,3 wk ahead inc flu hosp,2023-02-25,56,quantile,0.4,0.9
2023-02-06,3 wk ahead inc flu hosp,2023-02-25,02,quantile,0.4,5
2023-02-06,3 wk ahead inc flu hosp,2023-02-25,23,quantile,0.4,2.2
2023-02-06,3 wk ahead inc flu hosp,2023-02-25,01,quantile,0.4,14.2
2023-02-06,3 wk ahead inc flu hosp,2023-02-25,16,quantile,0.4,3
2023-02-06,3 wk ahead inc flu hosp,2023-02-25,30,quantile,0.4,5
2023-02-06,3 wk ahead inc flu hosp,2023-02-25,72,quantile,0.4,26.5
2023-02-06,3 wk ahead inc flu hosp,2023-02-25,78,quantile,0.4,0
2023-02-06,3 wk ahead inc flu hosp,2023-02-25,54,quantile,0.4,11.1
2023-02-06,4 wk ahead inc flu hosp,2023-03-04,53,quantile,0.4,21.7
2023-02-06,4 wk ahead inc flu hosp,2023-03-04,17,quantile,0.4,22.4
2023-02-06,4 wk ahead inc flu hosp,2023-03-04,06,quantile,0.4,105.7
2023-02-06,4 wk ahead inc flu hosp,2023-03-04,04,quantile,0.4,30.9
2023-02-06,4 wk ahead inc flu hosp,2023-03-04,25,quantile,0.4,18.4
2023-02-06,4 wk ahead inc flu hosp,2023-03-04,55,quantile,0.4,17.8
2023-02-06,4 wk ahead inc flu hosp,2023-03-04,48,quantile,0.4,174.5
2023-02-06,4 wk ahead inc flu hosp,2023-03-04,31,quantile,0.4,11.1
2023-02-06,4 wk ahead inc flu hosp,2023-03-04,49,quantile,0.4,3.8
2023-02-06,4 wk ahead inc flu hosp,2023-03-04,41,quantile,0.4,3.8
2023-02-06,4 wk ahead inc flu hosp,2023-03-04,12,quantile,0.4,159.5
2023-02-06,4 wk ahead inc flu hosp,2023-03-04,36,quantile,0.4,70.3
2023-02-06,4 wk ahead inc flu hosp,2023-03-04,44,quantile,0.4,1.4
2023-02-06,4 wk ahead inc flu hosp,2023-03-04,13,quantile,0.4,71.1
2023-02-06,4 wk ahead inc flu hosp,2023-03-04,33,quantile,0.4,4.9
2023-02-06,4 wk ahead inc flu hosp,2023-03-04,37,quantile,0.4,39.4
2023-02-06,4 wk ahead inc flu hosp,2023-03-04,34,quantile,0.4,33.6
2023-02-06,4 wk ahead inc flu hosp,2023-03-04,08,quantile,0.4,26.3
2023-02-06,4 wk ahead inc flu hosp,2023-03-04,24,quantile,0.4,22
2023-02-06,4 wk ahead inc flu hosp,2023-03-04,32,quantile,0.4,0.8
2023-02-06,4 wk ahead inc flu hosp,2023-03-04,47,quantile,0.4,29.3
2023-02-06,4 wk ahead inc flu hosp,2023-03-04,15,quantile,0.4,9.5
2023-02-06,4 wk ahead inc flu hosp,2023-03-04,18,quantile,0.4,27.8
2023-02-06,4 wk ahead inc flu hosp,2023-03-04,21,quantile,0.4,4.8
2023-02-06,4 wk ahead inc flu hosp,2023-03-04,27,quantile,0.4,12.3
2023-02-06,4 wk ahead inc flu hosp,2023-03-04,40,quantile,0.4,33.7
2023-02-06,4 wk ahead inc flu hosp,2023-03-04,42,quantile,0.4,33.8
2023-02-06,4 wk ahead inc flu hosp,2023-03-04,45,quantile,0.4,15.3
2023-02-06,4 wk ahead inc flu hosp,2023-03-04,11,quantile,0.4,3.4
2023-02-06,4 wk ahead inc flu hosp,2023-03-04,20,quantile,0.4,7.9
2023-02-06,4 wk ahead inc flu hosp,2023-03-04,29,quantile,0.4,29.8
2023-02-06,4 wk ahead inc flu hosp,2023-03-04,50,quantile,0.4,0.9
2023-02-06,4 wk ahead inc flu hosp,2023-03-04,51,quantile,0.4,40.3
2023-02-06,4 wk ahead inc flu hosp,2023-03-04,09,quantile,0.4,10.1
2023-02-06,4 wk ahead inc flu hosp,2023-03-04,19,quantile,0.4,18.2
2023-02-06,4 wk ahead inc flu hosp,2023-03-04,22,quantile,0.4,10.8
2023-02-06,4 wk ahead inc flu hosp,2023-03-04,39,quantile,0.4,49.7
2023-02-06,4 wk ahead inc flu hosp,2023-03-04,26,quantile,0.4,30.1
2023-02-06,4 wk ahead inc flu hosp,2023-03-04,46,quantile,0.4,7.9
2023-02-06,4 wk ahead inc flu hosp,2023-03-04,05,quantile,0.4,9
2023-02-06,4 wk ahead inc flu hosp,2023-03-04,10,quantile,0.4,4.9
2023-02-06,4 wk ahead inc flu hosp,2023-03-04,28,quantile,0.4,9.4
2023-02-06,4 wk ahead inc flu hosp,2023-03-04,35,quantile,0.4,5.7
2023-02-06,4 wk ahead inc flu hosp,2023-03-04,38,quantile,0.4,5.5
2023-02-06,4 wk ahead inc flu hosp,2023-03-04,56,quantile,0.4,1.4
2023-02-06,4 wk ahead inc flu hosp,2023-03-04,02,quantile,0.4,3.4
2023-02-06,4 wk ahead inc flu hosp,2023-03-04,23,quantile,0.4,3.9
2023-02-06,4 wk ahead inc flu hosp,2023-03-04,01,quantile,0.4,11.1
2023-02-06,4 wk ahead inc flu hosp,2023-03-04,16,quantile,0.4,5
2023-02-06,4 wk ahead inc flu hosp,2023-03-04,30,quantile,0.4,3.4
2023-02-06,4 wk ahead inc flu hosp,2023-03-04,72,quantile,0.4,27.7
2023-02-06,4 wk ahead inc flu hosp,2023-03-04,78,quantile,0.4,0
2023-02-06,4 wk ahead inc flu hosp,2023-03-04,54,quantile,0.4,9.6
2023-02-06,1 wk ahead inc flu hosp,2023-02-11,53,quantile,0.45,33.3
2023-02-06,1 wk ahead inc flu hosp,2023-02-11,17,quantile,0.45,34.9
2023-02-06,1 wk ahead inc flu hosp,2023-02-11,06,quantile,0.45,115.1
2023-02-06,1 wk ahead inc flu hosp,2023-02-11,04,quantile,0.45,35.1
2023-02-06,1 wk ahead inc flu hosp,2023-02-11,25,quantile,0.45,41.8
2023-02-06,1 wk ahead inc flu hosp,2023-02-11,55,quantile,0.45,22.2
2023-02-06,1 wk ahead inc flu hosp,2023-02-11,48,quantile,0.45,302.1
2023-02-06,1 wk ahead inc flu hosp,2023-02-11,31,quantile,0.45,9.4
2023-02-06,1 wk ahead inc flu hosp,2023-02-11,49,quantile,0.45,5.5
2023-02-06,1 wk ahead inc flu hosp,2023-02-11,41,quantile,0.45,8.2
2023-02-06,1 wk ahead inc flu hosp,2023-02-11,12,quantile,0.45,258
2023-02-06,1 wk ahead inc flu hosp,2023-02-11,36,quantile,0.45,83.1
2023-02-06,1 wk ahead inc flu hosp,2023-02-11,44,quantile,0.45,4.9
2023-02-06,1 wk ahead inc flu hosp,2023-02-11,13,quantile,0.45,103.2
2023-02-06,1 wk ahead inc flu hosp,2023-02-11,33,quantile,0.45,7.2
2023-02-06,1 wk ahead inc flu hosp,2023-02-11,37,quantile,0.45,42.9
2023-02-06,1 wk ahead inc flu hosp,2023-02-11,34,quantile,0.45,33.7
2023-02-06,1 wk ahead inc flu hosp,2023-02-11,08,quantile,0.45,32.3
2023-02-06,1 wk ahead inc flu hosp,2023-02-11,24,quantile,0.45,31.5
2023-02-06,1 wk ahead inc flu hosp,2023-02-11,32,quantile,0.45,5.7
2023-02-06,1 wk ahead inc flu hosp,2023-02-11,47,quantile,0.45,34.2
2023-02-06,1 wk ahead inc flu hosp,2023-02-11,15,quantile,0.45,9.3
2023-02-06,1 wk ahead inc flu hosp,2023-02-11,18,quantile,0.45,40.5
2023-02-06,1 wk ahead inc flu hosp,2023-02-11,21,quantile,0.45,11.5
2023-02-06,1 wk ahead inc flu hosp,2023-02-11,27,quantile,0.45,20.1
2023-02-06,1 wk ahead inc flu hosp,2023-02-11,40,quantile,0.45,43.6
2023-02-06,1 wk ahead inc flu hosp,2023-02-11,42,quantile,0.45,81.5
2023-02-06,1 wk ahead inc flu hosp,2023-02-11,45,quantile,0.45,24.2
2023-02-06,1 wk ahead inc flu hosp,2023-02-11,11,quantile,0.45,4.4
2023-02-06,1 wk ahead inc flu hosp,2023-02-11,20,quantile,0.45,9.3
2023-02-06,1 wk ahead inc flu hosp,2023-02-11,29,quantile,0.45,42.5
2023-02-06,1 wk ahead inc flu hosp,2023-02-11,50,quantile,0.45,1.9
2023-02-06,1 wk ahead inc flu hosp,2023-02-11,51,quantile,0.45,56.1
2023-02-06,1 wk ahead inc flu hosp,2023-02-11,09,quantile,0.45,10.1
2023-02-06,1 wk ahead inc flu hosp,2023-02-11,19,quantile,0.45,11.4
2023-02-06,1 wk ahead inc flu hosp,2023-02-11,22,quantile,0.45,26.5
2023-02-06,1 wk ahead inc flu hosp,2023-02-11,39,quantile,0.45,46.4
2023-02-06,1 wk ahead inc flu hosp,2023-02-11,26,quantile,0.45,55.1
2023-02-06,1 wk ahead inc flu hosp,2023-02-11,46,quantile,0.45,14
2023-02-06,1 wk ahead inc flu hosp,2023-02-11,05,quantile,0.45,15.7
2023-02-06,1 wk ahead inc flu hosp,2023-02-11,10,quantile,0.45,9.5
2023-02-06,1 wk ahead inc flu hosp,2023-02-11,28,quantile,0.45,23.8
2023-02-06,1 wk ahead inc flu hosp,2023-02-11,35,quantile,0.45,6.2
2023-02-06,1 wk ahead inc flu hosp,2023-02-11,38,quantile,0.45,15.8
2023-02-06,1 wk ahead inc flu hosp,2023-02-11,56,quantile,0.45,0.3
2023-02-06,1 wk ahead inc flu hosp,2023-02-11,02,quantile,0.45,7.2
2023-02-06,1 wk ahead inc flu hosp,2023-02-11,23,quantile,0.45,8.1
2023-02-06,1 wk ahead inc flu hosp,2023-02-11,01,quantile,0.45,28.4
2023-02-06,1 wk ahead inc flu hosp,2023-02-11,16,quantile,0.45,5.1
2023-02-06,1 wk ahead inc flu hosp,2023-02-11,30,quantile,0.45,8
2023-02-06,1 wk ahead inc flu hosp,2023-02-11,72,quantile,0.45,37.4
2023-02-06,1 wk ahead inc flu hosp,2023-02-11,78,quantile,0.45,0
2023-02-06,1 wk ahead inc flu hosp,2023-02-11,54,quantile,0.45,19.1
2023-02-06,2 wk ahead inc flu hosp,2023-02-18,53,quantile,0.45,29.2
2023-02-06,2 wk ahead inc flu hosp,2023-02-18,17,quantile,0.45,43.3
2023-02-06,2 wk ahead inc flu hosp,2023-02-18,06,quantile,0.45,93.2
2023-02-06,2 wk ahead inc flu hosp,2023-02-18,04,quantile,0.45,24.7
2023-02-06,2 wk ahead inc flu hosp,2023-02-18,25,quantile,0.45,29.1
2023-02-06,2 wk ahead inc flu hosp,2023-02-18,55,quantile,0.45,18
2023-02-06,2 wk ahead inc flu hosp,2023-02-18,48,quantile,0.45,241.4
2023-02-06,2 wk ahead inc flu hosp,2023-02-18,31,quantile,0.45,7
2023-02-06,2 wk ahead inc flu hosp,2023-02-18,49,quantile,0.45,2.9
2023-02-06,2 wk ahead inc flu hosp,2023-02-18,41,quantile,0.45,6
2023-02-06,2 wk ahead inc flu hosp,2023-02-18,12,quantile,0.45,224.6
2023-02-06,2 wk ahead inc flu hosp,2023-02-18,36,quantile,0.45,58.4
2023-02-06,2 wk ahead inc flu hosp,2023-02-18,44,quantile,0.45,3.1
2023-02-06,2 wk ahead inc flu hosp,2023-02-18,13,quantile,0.45,92.2
2023-02-06,2 wk ahead inc flu hosp,2023-02-18,33,quantile,0.45,4.8
2023-02-06,2 wk ahead inc flu hosp,2023-02-18,37,quantile,0.45,37.6
2023-02-06,2 wk ahead inc flu hosp,2023-02-18,34,quantile,0.45,23.7
2023-02-06,2 wk ahead inc flu hosp,2023-02-18,08,quantile,0.45,21.9
2023-02-06,2 wk ahead inc flu hosp,2023-02-18,24,quantile,0.45,27.3
2023-02-06,2 wk ahead inc flu hosp,2023-02-18,32,quantile,0.45,3.9
2023-02-06,2 wk ahead inc flu hosp,2023-02-18,47,quantile,0.45,27.2
2023-02-06,2 wk ahead inc flu hosp,2023-02-18,15,quantile,0.45,10.1
2023-02-06,2 wk ahead inc flu hosp,2023-02-18,18,quantile,0.45,23.8
2023-02-06,2 wk ahead inc flu hosp,2023-02-18,21,quantile,0.45,16.2
2023-02-06,2 wk ahead inc flu hosp,2023-02-18,27,quantile,0.45,18.3
2023-02-06,2 wk ahead inc flu hosp,2023-02-18,40,quantile,0.45,34.2
2023-02-06,2 wk ahead inc flu hosp,2023-02-18,42,quantile,0.45,48.6
2023-02-06,2 wk ahead inc flu hosp,2023-02-18,45,quantile,0.45,22.1
2023-02-06,2 wk ahead inc flu hosp,2023-02-18,11,quantile,0.45,4.7
2023-02-06,2 wk ahead inc flu hosp,2023-02-18,20,quantile,0.45,9.4
2023-02-06,2 wk ahead inc flu hosp,2023-02-18,29,quantile,0.45,32.5
2023-02-06,2 wk ahead inc flu hosp,2023-02-18,50,quantile,0.45,2.8
2023-02-06,2 wk ahead inc flu hosp,2023-02-18,51,quantile,0.45,49.5
2023-02-06,2 wk ahead inc flu hosp,2023-02-18,09,quantile,0.45,12.3
2023-02-06,2 wk ahead inc flu hosp,2023-02-18,19,quantile,0.45,14.6
2023-02-06,2 wk ahead inc flu hosp,2023-02-18,22,quantile,0.45,23.8
2023-02-06,2 wk ahead inc flu hosp,2023-02-18,39,quantile,0.45,33.3
2023-02-06,2 wk ahead inc flu hosp,2023-02-18,26,quantile,0.45,35.3
2023-02-06,2 wk ahead inc flu hosp,2023-02-18,46,quantile,0.45,13.7
2023-02-06,2 wk ahead inc flu hosp,2023-02-18,05,quantile,0.45,12
2023-02-06,2 wk ahead inc flu hosp,2023-02-18,10,quantile,0.45,11
2023-02-06,2 wk ahead inc flu hosp,2023-02-18,28,quantile,0.45,17.5
2023-02-06,2 wk ahead inc flu hosp,2023-02-18,35,quantile,0.45,7.9
2023-02-06,2 wk ahead inc flu hosp,2023-02-18,38,quantile,0.45,8.8
2023-02-06,2 wk ahead inc flu hosp,2023-02-18,56,quantile,0.45,1.8
2023-02-06,2 wk ahead inc flu hosp,2023-02-18,02,quantile,0.45,6.4
2023-02-06,2 wk ahead inc flu hosp,2023-02-18,23,quantile,0.45,5.4
2023-02-06,2 wk ahead inc flu hosp,2023-02-18,01,quantile,0.45,22.3
2023-02-06,2 wk ahead inc flu hosp,2023-02-18,16,quantile,0.45,7.8
2023-02-06,2 wk ahead inc flu hosp,2023-02-18,30,quantile,0.45,6.5
2023-02-06,2 wk ahead inc flu hosp,2023-02-18,72,quantile,0.45,31.1
2023-02-06,2 wk ahead inc flu hosp,2023-02-18,78,quantile,0.45,0
2023-02-06,2 wk ahead inc flu hosp,2023-02-18,54,quantile,0.45,15.3
2023-02-06,3 wk ahead inc flu hosp,2023-02-25,53,quantile,0.45,30.5
2023-02-06,3 wk ahead inc flu hosp,2023-02-25,17,quantile,0.45,31.3
2023-02-06,3 wk ahead inc flu hosp,2023-02-25,06,quantile,0.45,102.1
2023-02-06,3 wk ahead inc flu hosp,2023-02-25,04,quantile,0.45,26.8
2023-02-06,3 wk ahead inc flu hosp,2023-02-25,25,quantile,0.45,19.2
2023-02-06,3 wk ahead inc flu hosp,2023-02-25,55,quantile,0.45,22.3
2023-02-06,3 wk ahead inc flu hosp,2023-02-25,48,quantile,0.45,193
2023-02-06,3 wk ahead inc flu hosp,2023-02-25,31,quantile,0.45,3.5
2023-02-06,3 wk ahead inc flu hosp,2023-02-25,49,quantile,0.45,5.4
2023-02-06,3 wk ahead inc flu hosp,2023-02-25,41,quantile,0.45,4.1
2023-02-06,3 wk ahead inc flu hosp,2023-02-25,12,quantile,0.45,214.7
2023-02-06,3 wk ahead inc flu hosp,2023-02-25,36,quantile,0.45,63.5
2023-02-06,3 wk ahead inc flu hosp,2023-02-25,44,quantile,0.45,1.5
2023-02-06,3 wk ahead inc flu hosp,2023-02-25,13,quantile,0.45,96.5
2023-02-06,3 wk ahead inc flu hosp,2023-02-25,33,quantile,0.45,4.3
2023-02-06,3 wk ahead inc flu hosp,2023-02-25,37,quantile,0.45,52.3
2023-02-06,3 wk ahead inc flu hosp,2023-02-25,34,quantile,0.45,35.6
2023-02-06,3 wk ahead inc flu hosp,2023-02-25,08,quantile,0.45,31.8
2023-02-06,3 wk ahead inc flu hosp,2023-02-25,24,quantile,0.45,29
2023-02-06,3 wk ahead inc flu hosp,2023-02-25,32,quantile,0.45,2.7
2023-02-06,3 wk ahead inc flu hosp,2023-02-25,47,quantile,0.45,26
2023-02-06,3 wk ahead inc flu hosp,2023-02-25,15,quantile,0.45,8.7
2023-02-06,3 wk ahead inc flu hosp,2023-02-25,18,quantile,0.45,25.2
2023-02-06,3 wk ahead inc flu hosp,2023-02-25,21,quantile,0.45,11.5
2023-02-06,3 wk ahead inc flu hosp,2023-02-25,27,quantile,0.45,17.5
2023-02-06,3 wk ahead inc flu hosp,2023-02-25,40,quantile,0.45,25.6
2023-02-06,3 wk ahead inc flu hosp,2023-02-25,42,quantile,0.45,37.2
2023-02-06,3 wk ahead inc flu hosp,2023-02-25,45,quantile,0.45,19
2023-02-06,3 wk ahead inc flu hosp,2023-02-25,11,quantile,0.45,3.8
2023-02-06,3 wk ahead inc flu hosp,2023-02-25,20,quantile,0.45,6.8
2023-02-06,3 wk ahead inc flu hosp,2023-02-25,29,quantile,0.45,34.9
2023-02-06,3 wk ahead inc flu hosp,2023-02-25,50,quantile,0.45,1.4
2023-02-06,3 wk ahead inc flu hosp,2023-02-25,51,quantile,0.45,44.9
2023-02-06,3 wk ahead inc flu hosp,2023-02-25,09,quantile,0.45,11.6
2023-02-06,3 wk ahead inc flu hosp,2023-02-25,19,quantile,0.45,5.9
2023-02-06,3 wk ahead inc flu hosp,2023-02-25,22,quantile,0.45,14.3
2023-02-06,3 wk ahead inc flu hosp,2023-02-25,39,quantile,0.45,53.4
2023-02-06,3 wk ahead inc flu hosp,2023-02-25,26,quantile,0.45,24.7
2023-02-06,3 wk ahead inc flu hosp,2023-02-25,46,quantile,0.45,8.3
2023-02-06,3 wk ahead inc flu hosp,2023-02-25,05,quantile,0.45,12.1
2023-02-06,3 wk ahead inc flu hosp,2023-02-25,10,quantile,0.45,7.7
2023-02-06,3 wk ahead inc flu hosp,2023-02-25,28,quantile,0.45,15.4
2023-02-06,3 wk ahead inc flu hosp,2023-02-25,35,quantile,0.45,7.8
2023-02-06,3 wk ahead inc flu hosp,2023-02-25,38,quantile,0.45,8.4
2023-02-06,3 wk ahead inc flu hosp,2023-02-25,56,quantile,0.45,1.2
2023-02-06,3 wk ahead inc flu hosp,2023-02-25,02,quantile,0.45,5.5
2023-02-06,3 wk ahead inc flu hosp,2023-02-25,23,quantile,0.45,2.9
2023-02-06,3 wk ahead inc flu hosp,2023-02-25,01,quantile,0.45,16
2023-02-06,3 wk ahead inc flu hosp,2023-02-25,16,quantile,0.45,3.7
2023-02-06,3 wk ahead inc flu hosp,2023-02-25,30,quantile,0.45,5.8
2023-02-06,3 wk ahead inc flu hosp,2023-02-25,72,quantile,0.45,29.7
2023-02-06,3 wk ahead inc flu hosp,2023-02-25,78,quantile,0.45,0
2023-02-06,3 wk ahead inc flu hosp,2023-02-25,54,quantile,0.45,12.6
2023-02-06,4 wk ahead inc flu hosp,2023-03-04,53,quantile,0.45,24.2
2023-02-06,4 wk ahead inc flu hosp,2023-03-04,17,quantile,0.45,25.1
2023-02-06,4 wk ahead inc flu hosp,2023-03-04,06,quantile,0.45,118.5
2023-02-06,4 wk ahead inc flu hosp,2023-03-04,04,quantile,0.45,35
2023-02-06,4 wk ahead inc flu hosp,2023-03-04,25,quantile,0.45,23.7
2023-02-06,4 wk ahead inc flu hosp,2023-03-04,55,quantile,0.45,20.9
2023-02-06,4 wk ahead inc flu hosp,2023-03-04,48,quantile,0.45,186.6
2023-02-06,4 wk ahead inc flu hosp,2023-03-04,31,quantile,0.45,12.4
2023-02-06,4 wk ahead inc flu hosp,2023-03-04,49,quantile,0.45,5.3
2023-02-06,4 wk ahead inc flu hosp,2023-03-04,41,quantile,0.45,5.6
2023-02-06,4 wk ahead inc flu hosp,2023-03-04,12,quantile,0.45,167.7
2023-02-06,4 wk ahead inc flu hosp,2023-03-04,36,quantile,0.45,78.7
2023-02-06,4 wk ahead inc flu hosp,2023-03-04,44,quantile,0.45,2.1
2023-02-06,4 wk ahead inc flu hosp,2023-03-04,13,quantile,0.45,76.6
2023-02-06,4 wk ahead inc flu hosp,2023-03-04,33,quantile,0.45,6.2
2023-02-06,4 wk ahead inc flu hosp,2023-03-04,37,quantile,0.45,43.5
2023-02-06,4 wk ahead inc flu hosp,2023-03-04,34,quantile,0.45,36.7
2023-02-06,4 wk ahead inc flu hosp,2023-03-04,08,quantile,0.45,30.4
2023-02-06,4 wk ahead inc flu hosp,2023-03-04,24,quantile,0.45,24.8
2023-02-06,4 wk ahead inc flu hosp,2023-03-04,32,quantile,0.45,2
2023-02-06,4 wk ahead inc flu hosp,2023-03-04,47,quantile,0.45,32.8
2023-02-06,4 wk ahead inc flu hosp,2023-03-04,15,quantile,0.45,11.5
2023-02-06,4 wk ahead inc flu hosp,2023-03-04,18,quantile,0.45,32.3
2023-02-06,4 wk ahead inc flu hosp,2023-03-04,21,quantile,0.45,6.6
2023-02-06,4 wk ahead inc flu hosp,2023-03-04,27,quantile,0.45,14.9
2023-02-06,4 wk ahead inc flu hosp,2023-03-04,40,quantile,0.45,37.1
2023-02-06,4 wk ahead inc flu hosp,2023-03-04,42,quantile,0.45,39.3
2023-02-06,4 wk ahead inc flu hosp,2023-03-04,45,quantile,0.45,18
2023-02-06,4 wk ahead inc flu hosp,2023-03-04,11,quantile,0.45,3.6
2023-02-06,4 wk ahead inc flu hosp,2023-03-04,20,quantile,0.45,9.5
2023-02-06,4 wk ahead inc flu hosp,2023-03-04,29,quantile,0.45,35.3
2023-02-06,4 wk ahead inc flu hosp,2023-03-04,50,quantile,0.45,1.3
2023-02-06,4 wk ahead inc flu hosp,2023-03-04,51,quantile,0.45,46.5
2023-02-06,4 wk ahead inc flu hosp,2023-03-04,09,quantile,0.45,12.1
2023-02-06,4 wk ahead inc flu hosp,2023-03-04,19,quantile,0.45,21.8
2023-02-06,4 wk ahead inc flu hosp,2023-03-04,22,quantile,0.45,12.2
2023-02-06,4 wk ahead inc flu hosp,2023-03-04,39,quantile,0.45,56.8
2023-02-06,4 wk ahead inc flu hosp,2023-03-04,26,quantile,0.45,34.9
2023-02-06,4 wk ahead inc flu hosp,2023-03-04,46,quantile,0.45,8.6
2023-02-06,4 wk ahead inc flu hosp,2023-03-04,05,quantile,0.45,10.6
2023-02-06,4 wk ahead inc flu hosp,2023-03-04,10,quantile,0.45,5.9
2023-02-06,4 wk ahead inc flu hosp,2023-03-04,28,quantile,0.45,10.7
2023-02-06,4 wk ahead inc flu hosp,2023-03-04,35,quantile,0.45,6.8
2023-02-06,4 wk ahead inc flu hosp,2023-03-04,38,quantile,0.45,6.1
2023-02-06,4 wk ahead inc flu hosp,2023-03-04,56,quantile,0.45,1.8
2023-02-06,4 wk ahead inc flu hosp,2023-03-04,02,quantile,0.45,3.6
2023-02-06,4 wk ahead inc flu hosp,2023-03-04,23,quantile,0.45,4.9
2023-02-06,4 wk ahead inc flu hosp,2023-03-04,01,quantile,0.45,13.2
2023-02-06,4 wk ahead inc flu hosp,2023-03-04,16,quantile,0.45,6.1
2023-02-06,4 wk ahead inc flu hosp,2023-03-04,30,quantile,0.45,4.4
2023-02-06,4 wk ahead inc flu hosp,2023-03-04,72,quantile,0.45,30.4
2023-02-06,4 wk ahead inc flu hosp,2023-03-04,78,quantile,0.45,0
2023-02-06,4 wk ahead inc flu hosp,2023-03-04,54,quantile,0.45,11.8
2023-02-06,1 wk ahead inc flu hosp,2023-02-11,53,quantile,0.5,35.1
2023-02-06,1 wk ahead inc flu hosp,2023-02-11,17,quantile,0.5,38.2
2023-02-06,1 wk ahead inc flu hosp,2023-02-11,06,quantile,0.5,125.9
2023-02-06,1 wk ahead inc flu hosp,2023-02-11,04,quantile,0.5,39.3
2023-02-06,1 wk ahead inc flu hosp,2023-02-11,25,quantile,0.5,47.3
2023-02-06,1 wk ahead inc flu hosp,2023-02-11,55,quantile,0.5,23.8
2023-02-06,1 wk ahead inc flu hosp,2023-02-11,48,quantile,0.5,326.4
2023-02-06,1 wk ahead inc flu hosp,2023-02-11,31,quantile,0.5,10.3
2023-02-06,1 wk ahead inc flu hosp,2023-02-11,49,quantile,0.5,6.3
2023-02-06,1 wk ahead inc flu hosp,2023-02-11,41,quantile,0.5,9.3
2023-02-06,1 wk ahead inc flu hosp,2023-02-11,12,quantile,0.5,263.9
2023-02-06,1 wk ahead inc flu hosp,2023-02-11,36,quantile,0.5,90.4
2023-02-06,1 wk ahead inc flu hosp,2023-02-11,44,quantile,0.5,5.6
2023-02-06,1 wk ahead inc flu hosp,2023-02-11,13,quantile,0.5,108
2023-02-06,1 wk ahead inc flu hosp,2023-02-11,33,quantile,0.5,7.9
2023-02-06,1 wk ahead inc flu hosp,2023-02-11,37,quantile,0.5,47.9
2023-02-06,1 wk ahead inc flu hosp,2023-02-11,34,quantile,0.5,35.1
2023-02-06,1 wk ahead inc flu hosp,2023-02-11,08,quantile,0.5,36.2
2023-02-06,1 wk ahead inc flu hosp,2023-02-11,24,quantile,0.5,33.5
2023-02-06,1 wk ahead inc flu hosp,2023-02-11,32,quantile,0.5,6.9
2023-02-06,1 wk ahead inc flu hosp,2023-02-11,47,quantile,0.5,36.8
2023-02-06,1 wk ahead inc flu hosp,2023-02-11,15,quantile,0.5,9.9
2023-02-06,1 wk ahead inc flu hosp,2023-02-11,18,quantile,0.5,42.3
2023-02-06,1 wk ahead inc flu hosp,2023-02-11,21,quantile,0.5,13
2023-02-06,1 wk ahead inc flu hosp,2023-02-11,27,quantile,0.5,22
2023-02-06,1 wk ahead inc flu hosp,2023-02-11,40,quantile,0.5,45.2
2023-02-06,1 wk ahead inc flu hosp,2023-02-11,42,quantile,0.5,86.4
2023-02-06,1 wk ahead inc flu hosp,2023-02-11,45,quantile,0.5,26.1
2023-02-06,1 wk ahead inc flu hosp,2023-02-11,11,quantile,0.5,5.2
2023-02-06,1 wk ahead inc flu hosp,2023-02-11,20,quantile,0.5,10.4
2023-02-06,1 wk ahead inc flu hosp,2023-02-11,29,quantile,0.5,47.1
2023-02-06,1 wk ahead inc flu hosp,2023-02-11,50,quantile,0.5,2.5
2023-02-06,1 wk ahead inc flu hosp,2023-02-11,51,quantile,0.5,60.7
2023-02-06,1 wk ahead inc flu hosp,2023-02-11,09,quantile,0.5,12.4
2023-02-06,1 wk ahead inc flu hosp,2023-02-11,19,quantile,0.5,13.2
2023-02-06,1 wk ahead inc flu hosp,2023-02-11,22,quantile,0.5,27.9
2023-02-06,1 wk ahead inc flu hosp,2023-02-11,39,quantile,0.5,49.8
2023-02-06,1 wk ahead inc flu hosp,2023-02-11,26,quantile,0.5,58.3
2023-02-06,1 wk ahead inc flu hosp,2023-02-11,46,quantile,0.5,15.4
2023-02-06,1 wk ahead inc flu hosp,2023-02-11,05,quantile,0.5,17.1
2023-02-06,1 wk ahead inc flu hosp,2023-02-11,10,quantile,0.5,10.8
2023-02-06,1 wk ahead inc flu hosp,2023-02-11,28,quantile,0.5,25.3
2023-02-06,1 wk ahead inc flu hosp,2023-02-11,35,quantile,0.5,6.8
2023-02-06,1 wk ahead inc flu hosp,2023-02-11,38,quantile,0.5,17.5
2023-02-06,1 wk ahead inc flu hosp,2023-02-11,56,quantile,0.5,0.8
2023-02-06,1 wk ahead inc flu hosp,2023-02-11,02,quantile,0.5,7.8
2023-02-06,1 wk ahead inc flu hosp,2023-02-11,23,quantile,0.5,9.1
2023-02-06,1 wk ahead inc flu hosp,2023-02-11,01,quantile,0.5,29.9
2023-02-06,1 wk ahead inc flu hosp,2023-02-11,16,quantile,0.5,5.7
2023-02-06,1 wk ahead inc flu hosp,2023-02-11,30,quantile,0.5,8.9
2023-02-06,1 wk ahead inc flu hosp,2023-02-11,72,quantile,0.5,39.6
2023-02-06,1 wk ahead inc flu hosp,2023-02-11,78,quantile,0.5,0
2023-02-06,1 wk ahead inc flu hosp,2023-02-11,54,quantile,0.5,20.6
2023-02-06,2 wk ahead inc flu hosp,2023-02-18,53,quantile,0.5,32.9
2023-02-06,2 wk ahead inc flu hosp,2023-02-18,17,quantile,0.5,45.6
2023-02-06,2 wk ahead inc flu hosp,2023-02-18,06,quantile,0.5,109.2
2023-02-06,2 wk ahead inc flu hosp,2023-02-18,04,quantile,0.5,27.2
2023-02-06,2 wk ahead inc flu hosp,2023-02-18,25,quantile,0.5,32.9
2023-02-06,2 wk ahead inc flu hosp,2023-02-18,55,quantile,0.5,19.7
2023-02-06,2 wk ahead inc flu hosp,2023-02-18,48,quantile,0.5,258
2023-02-06,2 wk ahead inc flu hosp,2023-02-18,31,quantile,0.5,8.2
2023-02-06,2 wk ahead inc flu hosp,2023-02-18,49,quantile,0.5,4.4
2023-02-06,2 wk ahead inc flu hosp,2023-02-18,41,quantile,0.5,7.5
2023-02-06,2 wk ahead inc flu hosp,2023-02-18,12,quantile,0.5,230.1
2023-02-06,2 wk ahead inc flu hosp,2023-02-18,36,quantile,0.5,65.8
2023-02-06,2 wk ahead inc flu hosp,2023-02-18,44,quantile,0.5,3.7
2023-02-06,2 wk ahead inc flu hosp,2023-02-18,13,quantile,0.5,103.4
2023-02-06,2 wk ahead inc flu hosp,2023-02-18,33,quantile,0.5,6
2023-02-06,2 wk ahead inc flu hosp,2023-02-18,37,quantile,0.5,40.6
2023-02-06,2 wk ahead inc flu hosp,2023-02-18,34,quantile,0.5,26.4
2023-02-06,2 wk ahead inc flu hosp,2023-02-18,08,quantile,0.5,23.8
2023-02-06,2 wk ahead inc flu hosp,2023-02-18,24,quantile,0.5,28.8
2023-02-06,2 wk ahead inc flu hosp,2023-02-18,32,quantile,0.5,5
2023-02-06,2 wk ahead inc flu hosp,2023-02-18,47,quantile,0.5,30.2
2023-02-06,2 wk ahead inc flu hosp,2023-02-18,15,quantile,0.5,11.1
2023-02-06,2 wk ahead inc flu hosp,2023-02-18,18,quantile,0.5,27.1
2023-02-06,2 wk ahead inc flu hosp,2023-02-18,21,quantile,0.5,19.3
2023-02-06,2 wk ahead inc flu hosp,2023-02-18,27,quantile,0.5,21.3
2023-02-06,2 wk ahead inc flu hosp,2023-02-18,40,quantile,0.5,38.6
2023-02-06,2 wk ahead inc flu hosp,2023-02-18,42,quantile,0.5,53.2
2023-02-06,2 wk ahead inc flu hosp,2023-02-18,45,quantile,0.5,23.9
2023-02-06,2 wk ahead inc flu hosp,2023-02-18,11,quantile,0.5,5.1
2023-02-06,2 wk ahead inc flu hosp,2023-02-18,20,quantile,0.5,10.9
2023-02-06,2 wk ahead inc flu hosp,2023-02-18,29,quantile,0.5,36.8
2023-02-06,2 wk ahead inc flu hosp,2023-02-18,50,quantile,0.5,3.7
2023-02-06,2 wk ahead inc flu hosp,2023-02-18,51,quantile,0.5,53.7
2023-02-06,2 wk ahead inc flu hosp,2023-02-18,09,quantile,0.5,14.8
2023-02-06,2 wk ahead inc flu hosp,2023-02-18,19,quantile,0.5,15.4
2023-02-06,2 wk ahead inc flu hosp,2023-02-18,22,quantile,0.5,26
2023-02-06,2 wk ahead inc flu hosp,2023-02-18,39,quantile,0.5,38.9
2023-02-06,2 wk ahead inc flu hosp,2023-02-18,26,quantile,0.5,38.9
2023-02-06,2 wk ahead inc flu hosp,2023-02-18,46,quantile,0.5,15.3
2023-02-06,2 wk ahead inc flu hosp,2023-02-18,05,quantile,0.5,13.3
2023-02-06,2 wk ahead inc flu hosp,2023-02-18,10,quantile,0.5,11.8
2023-02-06,2 wk ahead inc flu hosp,2023-02-18,28,quantile,0.5,18.7
2023-02-06,2 wk ahead inc flu hosp,2023-02-18,35,quantile,0.5,8.9
2023-02-06,2 wk ahead inc flu hosp,2023-02-18,38,quantile,0.5,9.5
2023-02-06,2 wk ahead inc flu hosp,2023-02-18,56,quantile,0.5,2.2
2023-02-06,2 wk ahead inc flu hosp,2023-02-18,02,quantile,0.5,7.2
2023-02-06,2 wk ahead inc flu hosp,2023-02-18,23,quantile,0.5,6
2023-02-06,2 wk ahead inc flu hosp,2023-02-18,01,quantile,0.5,24.5
2023-02-06,2 wk ahead inc flu hosp,2023-02-18,16,quantile,0.5,8.8
2023-02-06,2 wk ahead inc flu hosp,2023-02-18,30,quantile,0.5,7.3
2023-02-06,2 wk ahead inc flu hosp,2023-02-18,72,quantile,0.5,33.1
2023-02-06,2 wk ahead inc flu hosp,2023-02-18,78,quantile,0.5,0
2023-02-06,2 wk ahead inc flu hosp,2023-02-18,54,quantile,0.5,17.3
2023-02-06,3 wk ahead inc flu hosp,2023-02-25,53,quantile,0.5,35.8
2023-02-06,3 wk ahead inc flu hosp,2023-02-25,17,quantile,0.5,34.9
2023-02-06,3 wk ahead inc flu hosp,2023-02-25,06,quantile,0.5,120.3
2023-02-06,3 wk ahead inc flu hosp,2023-02-25,04,quantile,0.5,32.1
2023-02-06,3 wk ahead inc flu hosp,2023-02-25,25,quantile,0.5,24
2023-02-06,3 wk ahead inc flu hosp,2023-02-25,55,quantile,0.5,26.1
2023-02-06,3 wk ahead inc flu hosp,2023-02-25,48,quantile,0.5,216.3
2023-02-06,3 wk ahead inc flu hosp,2023-02-25,31,quantile,0.5,4.2
2023-02-06,3 wk ahead inc flu hosp,2023-02-25,49,quantile,0.5,6.3
2023-02-06,3 wk ahead inc flu hosp,2023-02-25,41,quantile,0.5,6.2
2023-02-06,3 wk ahead inc flu hosp,2023-02-25,12,quantile,0.5,245.9
2023-02-06,3 wk ahead inc flu hosp,2023-02-25,36,quantile,0.5,71.6
2023-02-06,3 wk ahead inc flu hosp,2023-02-25,44,quantile,0.5,2.4
2023-02-06,3 wk ahead inc flu hosp,2023-02-25,13,quantile,0.5,105.8
2023-02-06,3 wk ahead inc flu hosp,2023-02-25,33,quantile,0.5,4.9
2023-02-06,3 wk ahead inc flu hosp,2023-02-25,37,quantile,0.5,57.5
2023-02-06,3 wk ahead inc flu hosp,2023-02-25,34,quantile,0.5,38.5
2023-02-06,3 wk ahead inc flu hosp,2023-02-25,08,quantile,0.5,35.9
2023-02-06,3 wk ahead inc flu hosp,2023-02-25,24,quantile,0.5,33.8
2023-02-06,3 wk ahead inc flu hosp,2023-02-25,32,quantile,0.5,4.2
2023-02-06,3 wk ahead inc flu hosp,2023-02-25,47,quantile,0.5,29.6
2023-02-06,3 wk ahead inc flu hosp,2023-02-25,15,quantile,0.5,10.4
2023-02-06,3 wk ahead inc flu hosp,2023-02-25,18,quantile,0.5,27.9
2023-02-06,3 wk ahead inc flu hosp,2023-02-25,21,quantile,0.5,13
2023-02-06,3 wk ahead inc flu hosp,2023-02-25,27,quantile,0.5,19.3
2023-02-06,3 wk ahead inc flu hosp,2023-02-25,40,quantile,0.5,30.2
2023-02-06,3 wk ahead inc flu hosp,2023-02-25,42,quantile,0.5,40.3
2023-02-06,3 wk ahead inc flu hosp,2023-02-25,45,quantile,0.5,20.9
2023-02-06,3 wk ahead inc flu hosp,2023-02-25,11,quantile,0.5,4.2
2023-02-06,3 wk ahead inc flu hosp,2023-02-25,20,quantile,0.5,7.8
2023-02-06,3 wk ahead inc flu hosp,2023-02-25,29,quantile,0.5,38.1
2023-02-06,3 wk ahead inc flu hosp,2023-02-25,50,quantile,0.5,2.1
2023-02-06,3 wk ahead inc flu hosp,2023-02-25,51,quantile,0.5,49.2
2023-02-06,3 wk ahead inc flu hosp,2023-02-25,09,quantile,0.5,12.3
2023-02-06,3 wk ahead inc flu hosp,2023-02-25,19,quantile,0.5,8
2023-02-06,3 wk ahead inc flu hosp,2023-02-25,22,quantile,0.5,16.3
2023-02-06,3 wk ahead inc flu hosp,2023-02-25,39,quantile,0.5,60.9
2023-02-06,3 wk ahead inc flu hosp,2023-02-25,26,quantile,0.5,28.8
2023-02-06,3 wk ahead inc flu hosp,2023-02-25,46,quantile,0.5,9.4
2023-02-06,3 wk ahead inc flu hosp,2023-02-25,05,quantile,0.5,13.5
2023-02-06,3 wk ahead inc flu hosp,2023-02-25,10,quantile,0.5,8.4
2023-02-06,3 wk ahead inc flu hosp,2023-02-25,28,quantile,0.5,16.5
2023-02-06,3 wk ahead inc flu hosp,2023-02-25,35,quantile,0.5,9
2023-02-06,3 wk ahead inc flu hosp,2023-02-25,38,quantile,0.5,9.7
2023-02-06,3 wk ahead inc flu hosp,2023-02-25,56,quantile,0.5,1.4
2023-02-06,3 wk ahead inc flu hosp,2023-02-25,02,quantile,0.5,6.2
2023-02-06,3 wk ahead inc flu hosp,2023-02-25,23,quantile,0.5,3.6
2023-02-06,3 wk ahead inc flu hosp,2023-02-25,01,quantile,0.5,18.6
2023-02-06,3 wk ahead inc flu hosp,2023-02-25,16,quantile,0.5,4.2
2023-02-06,3 wk ahead inc flu hosp,2023-02-25,30,quantile,0.5,6.5
2023-02-06,3 wk ahead inc flu hosp,2023-02-25,72,quantile,0.5,32.2
2023-02-06,3 wk ahead inc flu hosp,2023-02-25,78,quantile,0.5,0
2023-02-06,3 wk ahead inc flu hosp,2023-02-25,54,quantile,0.5,13.6
2023-02-06,4 wk ahead inc flu hosp,2023-03-04,53,quantile,0.5,27.1
2023-02-06,4 wk ahead inc flu hosp,2023-03-04,17,quantile,0.5,29.4
2023-02-06,4 wk ahead inc flu hosp,2023-03-04,06,quantile,0.5,133.1
2023-02-06,4 wk ahead inc flu hosp,2023-03-04,04,quantile,0.5,39.8
2023-02-06,4 wk ahead inc flu hosp,2023-03-04,25,quantile,0.5,28.8
2023-02-06,4 wk ahead inc flu hosp,2023-03-04,55,quantile,0.5,25.1
2023-02-06,4 wk ahead inc flu hosp,2023-03-04,48,quantile,0.5,201.1
2023-02-06,4 wk ahead inc flu hosp,2023-03-04,31,quantile,0.5,14.3
2023-02-06,4 wk ahead inc flu hosp,2023-03-04,49,quantile,0.5,7.1
2023-02-06,4 wk ahead inc flu hosp,2023-03-04,41,quantile,0.5,7.3
2023-02-06,4 wk ahead inc flu hosp,2023-03-04,12,quantile,0.5,181.1
2023-02-06,4 wk ahead inc flu hosp,2023-03-04,36,quantile,0.5,88.8
2023-02-06,4 wk ahead inc flu hosp,2023-03-04,44,quantile,0.5,2.7
2023-02-06,4 wk ahead inc flu hosp,2023-03-04,13,quantile,0.5,85.5
2023-02-06,4 wk ahead inc flu hosp,2023-03-04,33,quantile,0.5,7.4
2023-02-06,4 wk ahead inc flu hosp,2023-03-04,37,quantile,0.5,49.6
2023-02-06,4 wk ahead inc flu hosp,2023-03-04,34,quantile,0.5,39.2
2023-02-06,4 wk ahead inc flu hosp,2023-03-04,08,quantile,0.5,33.2
2023-02-06,4 wk ahead inc flu hosp,2023-03-04,24,quantile,0.5,27.5
2023-02-06,4 wk ahead inc flu hosp,2023-03-04,32,quantile,0.5,3.4
2023-02-06,4 wk ahead inc flu hosp,2023-03-04,47,quantile,0.5,36.9
2023-02-06,4 wk ahead inc flu hosp,2023-03-04,15,quantile,0.5,13
2023-02-06,4 wk ahead inc flu hosp,2023-03-04,18,quantile,0.5,38.2
2023-02-06,4 wk ahead inc flu hosp,2023-03-04,21,quantile,0.5,9.2
2023-02-06,4 wk ahead inc flu hosp,2023-03-04,27,quantile,0.5,18.6
2023-02-06,4 wk ahead inc flu hosp,2023-03-04,40,quantile,0.5,40.6
2023-02-06,4 wk ahead inc flu hosp,2023-03-04,42,quantile,0.5,46.3
2023-02-06,4 wk ahead inc flu hosp,2023-03-04,45,quantile,0.5,20.5
2023-02-06,4 wk ahead inc flu hosp,2023-03-04,11,quantile,0.5,4.5
2023-02-06,4 wk ahead inc flu hosp,2023-03-04,20,quantile,0.5,12.2
2023-02-06,4 wk ahead inc flu hosp,2023-03-04,29,quantile,0.5,40.4
2023-02-06,4 wk ahead inc flu hosp,2023-03-04,50,quantile,0.5,1.7
2023-02-06,4 wk ahead inc flu hosp,2023-03-04,51,quantile,0.5,53.1
2023-02-06,4 wk ahead inc flu hosp,2023-03-04,09,quantile,0.5,13.8
2023-02-06,4 wk ahead inc flu hosp,2023-03-04,19,quantile,0.5,24.1
2023-02-06,4 wk ahead inc flu hosp,2023-03-04,22,quantile,0.5,14.2
2023-02-06,4 wk ahead inc flu hosp,2023-03-04,39,quantile,0.5,62.6
2023-02-06,4 wk ahead inc flu hosp,2023-03-04,26,quantile,0.5,41.6
2023-02-06,4 wk ahead inc flu hosp,2023-03-04,46,quantile,0.5,9.9
2023-02-06,4 wk ahead inc flu hosp,2023-03-04,05,quantile,0.5,12.6
2023-02-06,4 wk ahead inc flu hosp,2023-03-04,10,quantile,0.5,6.7
2023-02-06,4 wk ahead inc flu hosp,2023-03-04,28,quantile,0.5,13
2023-02-06,4 wk ahead inc flu hosp,2023-03-04,35,quantile,0.5,7.9
2023-02-06,4 wk ahead inc flu hosp,2023-03-04,38,quantile,0.5,6.5
2023-02-06,4 wk ahead inc flu hosp,2023-03-04,56,quantile,0.5,2.3
2023-02-06,4 wk ahead inc flu hosp,2023-03-04,02,quantile,0.5,4.2
2023-02-06,4 wk ahead inc flu hosp,2023-03-04,23,quantile,0.5,6.3
2023-02-06,4 wk ahead inc flu hosp,2023-03-04,01,quantile,0.5,16.1
2023-02-06,4 wk ahead inc flu hosp,2023-03-04,16,quantile,0.5,7.3
2023-02-06,4 wk ahead inc flu hosp,2023-03-04,30,quantile,0.5,5.3
2023-02-06,4 wk ahead inc flu hosp,2023-03-04,72,quantile,0.5,34.5
2023-02-06,4 wk ahead inc flu hosp,2023-03-04,78,quantile,0.5,0
2023-02-06,4 wk ahead inc flu hosp,2023-03-04,54,quantile,0.5,13.1
2023-02-06,1 wk ahead inc flu hosp,2023-02-11,53,quantile,0.55,37.9
2023-02-06,1 wk ahead inc flu hosp,2023-02-11,17,quantile,0.55,42.1
2023-02-06,1 wk ahead inc flu hosp,2023-02-11,06,quantile,0.55,138.2
2023-02-06,1 wk ahead inc flu hosp,2023-02-11,04,quantile,0.55,43
2023-02-06,1 wk ahead inc flu hosp,2023-02-11,25,quantile,0.55,51
2023-02-06,1 wk ahead inc flu hosp,2023-02-11,55,quantile,0.55,25.5
2023-02-06,1 wk ahead inc flu hosp,2023-02-11,48,quantile,0.55,334.7
2023-02-06,1 wk ahead inc flu hosp,2023-02-11,31,quantile,0.55,11.9
2023-02-06,1 wk ahead inc flu hosp,2023-02-11,49,quantile,0.55,7.3
2023-02-06,1 wk ahead inc flu hosp,2023-02-11,41,quantile,0.55,10.3
2023-02-06,1 wk ahead inc flu hosp,2023-02-11,12,quantile,0.55,271.1
2023-02-06,1 wk ahead inc flu hosp,2023-02-11,36,quantile,0.55,101
2023-02-06,1 wk ahead inc flu hosp,2023-02-11,44,quantile,0.55,6.3
2023-02-06,1 wk ahead inc flu hosp,2023-02-11,13,quantile,0.55,120.5
2023-02-06,1 wk ahead inc flu hosp,2023-02-11,33,quantile,0.55,8.6
2023-02-06,1 wk ahead inc flu hosp,2023-02-11,37,quantile,0.55,52.6
2023-02-06,1 wk ahead inc flu hosp,2023-02-11,34,quantile,0.55,37.1
2023-02-06,1 wk ahead inc flu hosp,2023-02-11,08,quantile,0.55,38.2
2023-02-06,1 wk ahead inc flu hosp,2023-02-11,24,quantile,0.55,36.6
2023-02-06,1 wk ahead inc flu hosp,2023-02-11,32,quantile,0.55,7.9
2023-02-06,1 wk ahead inc flu hosp,2023-02-11,47,quantile,0.55,40.4
2023-02-06,1 wk ahead inc flu hosp,2023-02-11,15,quantile,0.55,10.7
2023-02-06,1 wk ahead inc flu hosp,2023-02-11,18,quantile,0.55,44.8
2023-02-06,1 wk ahead inc flu hosp,2023-02-11,21,quantile,0.55,14.3
2023-02-06,1 wk ahead inc flu hosp,2023-02-11,27,quantile,0.55,24.3
2023-02-06,1 wk ahead inc flu hosp,2023-02-11,40,quantile,0.55,48.9
2023-02-06,1 wk ahead inc flu hosp,2023-02-11,42,quantile,0.55,91.1
2023-02-06,1 wk ahead inc flu hosp,2023-02-11,45,quantile,0.55,28.5
2023-02-06,1 wk ahead inc flu hosp,2023-02-11,11,quantile,0.55,6.2
2023-02-06,1 wk ahead inc flu hosp,2023-02-11,20,quantile,0.55,11.6
2023-02-06,1 wk ahead inc flu hosp,2023-02-11,29,quantile,0.55,50.8
2023-02-06,1 wk ahead inc flu hosp,2023-02-11,50,quantile,0.55,3.4
2023-02-06,1 wk ahead inc flu hosp,2023-02-11,51,quantile,0.55,65.8
2023-02-06,1 wk ahead inc flu hosp,2023-02-11,09,quantile,0.55,13.6
2023-02-06,1 wk ahead inc flu hosp,2023-02-11,19,quantile,0.55,15
2023-02-06,1 wk ahead inc flu hosp,2023-02-11,22,quantile,0.55,29.4
2023-02-06,1 wk ahead inc flu hosp,2023-02-11,39,quantile,0.55,56
2023-02-06,1 wk ahead inc flu hosp,2023-02-11,26,quantile,0.55,61.7
2023-02-06,1 wk ahead inc flu hosp,2023-02-11,46,quantile,0.55,15.8
2023-02-06,1 wk ahead inc flu hosp,2023-02-11,05,quantile,0.55,18.7
2023-02-06,1 wk ahead inc flu hosp,2023-02-11,10,quantile,0.55,11.8
2023-02-06,1 wk ahead inc flu hosp,2023-02-11,28,quantile,0.55,26.7
2023-02-06,1 wk ahead inc flu hosp,2023-02-11,35,quantile,0.55,7.6
2023-02-06,1 wk ahead inc flu hosp,2023-02-11,38,quantile,0.55,18.6
2023-02-06,1 wk ahead inc flu hosp,2023-02-11,56,quantile,0.55,1.2
2023-02-06,1 wk ahead inc flu hosp,2023-02-11,02,quantile,0.55,8.5
2023-02-06,1 wk ahead inc flu hosp,2023-02-11,23,quantile,0.55,9.7
2023-02-06,1 wk ahead inc flu hosp,2023-02-11,01,quantile,0.55,31.9
2023-02-06,1 wk ahead inc flu hosp,2023-02-11,16,quantile,0.55,7.1
2023-02-06,1 wk ahead inc flu hosp,2023-02-11,30,quantile,0.55,9.7
2023-02-06,1 wk ahead inc flu hosp,2023-02-11,72,quantile,0.55,41.5
2023-02-06,1 wk ahead inc flu hosp,2023-02-11,78,quantile,0.55,0
2023-02-06,1 wk ahead inc flu hosp,2023-02-11,54,quantile,0.55,22.2
2023-02-06,2 wk ahead inc flu hosp,2023-02-18,53,quantile,0.55,35.4
2023-02-06,2 wk ahead inc flu hosp,2023-02-18,17,quantile,0.55,57.7
2023-02-06,2 wk ahead inc flu hosp,2023-02-18,06,quantile,0.55,117.4
2023-02-06,2 wk ahead inc flu hosp,2023-02-18,04,quantile,0.55,29.9
2023-02-06,2 wk ahead inc flu hosp,2023-02-18,25,quantile,0.55,37.7
2023-02-06,2 wk ahead inc flu hosp,2023-02-18,55,quantile,0.55,22
2023-02-06,2 wk ahead inc flu hosp,2023-02-18,48,quantile,0.55,278.6
2023-02-06,2 wk ahead inc flu hosp,2023-02-18,31,quantile,0.55,9.1
2023-02-06,2 wk ahead inc flu hosp,2023-02-18,49,quantile,0.55,5.9
2023-02-06,2 wk ahead inc flu hosp,2023-02-18,41,quantile,0.55,9.2
2023-02-06,2 wk ahead inc flu hosp,2023-02-18,12,quantile,0.55,230.1
2023-02-06,2 wk ahead inc flu hosp,2023-02-18,36,quantile,0.55,73.7
2023-02-06,2 wk ahead inc flu hosp,2023-02-18,44,quantile,0.55,4.2
2023-02-06,2 wk ahead inc flu hosp,2023-02-18,13,quantile,0.55,112.3
2023-02-06,2 wk ahead inc flu hosp,2023-02-18,33,quantile,0.55,7.1
2023-02-06,2 wk ahead inc flu hosp,2023-02-18,37,quantile,0.55,43.4
2023-02-06,2 wk ahead inc flu hosp,2023-02-18,34,quantile,0.55,30.1
2023-02-06,2 wk ahead inc flu hosp,2023-02-18,08,quantile,0.55,27.6
2023-02-06,2 wk ahead inc flu hosp,2023-02-18,24,quantile,0.55,32.4
2023-02-06,2 wk ahead inc flu hosp,2023-02-18,32,quantile,0.55,6.7
2023-02-06,2 wk ahead inc flu hosp,2023-02-18,47,quantile,0.55,34.3
2023-02-06,2 wk ahead inc flu hosp,2023-02-18,15,quantile,0.55,12.4
2023-02-06,2 wk ahead inc flu hosp,2023-02-18,18,quantile,0.55,30.6
2023-02-06,2 wk ahead inc flu hosp,2023-02-18,21,quantile,0.55,21.4
2023-02-06,2 wk ahead inc flu hosp,2023-02-18,27,quantile,0.55,23
2023-02-06,2 wk ahead inc flu hosp,2023-02-18,40,quantile,0.55,43.3
2023-02-06,2 wk ahead inc flu hosp,2023-02-18,42,quantile,0.55,58.9
2023-02-06,2 wk ahead inc flu hosp,2023-02-18,45,quantile,0.55,25.3
2023-02-06,2 wk ahead inc flu hosp,2023-02-18,11,quantile,0.55,5.7
2023-02-06,2 wk ahead inc flu hosp,2023-02-18,20,quantile,0.55,12.3
2023-02-06,2 wk ahead inc flu hosp,2023-02-18,29,quantile,0.55,42.9
2023-02-06,2 wk ahead inc flu hosp,2023-02-18,50,quantile,0.55,4
2023-02-06,2 wk ahead inc flu hosp,2023-02-18,51,quantile,0.55,56.5
2023-02-06,2 wk ahead inc flu hosp,2023-02-18,09,quantile,0.55,17
2023-02-06,2 wk ahead inc flu hosp,2023-02-18,19,quantile,0.55,17
2023-02-06,2 wk ahead inc flu hosp,2023-02-18,22,quantile,0.55,27.9
2023-02-06,2 wk ahead inc flu hosp,2023-02-18,39,quantile,0.55,41.6
2023-02-06,2 wk ahead inc flu hosp,2023-02-18,26,quantile,0.55,43.9
2023-02-06,2 wk ahead inc flu hosp,2023-02-18,46,quantile,0.55,16.6
2023-02-06,2 wk ahead inc flu hosp,2023-02-18,05,quantile,0.55,15.3
2023-02-06,2 wk ahead inc flu hosp,2023-02-18,10,quantile,0.55,12.4
2023-02-06,2 wk ahead inc flu hosp,2023-02-18,28,quantile,0.55,19.5
2023-02-06,2 wk ahead inc flu hosp,2023-02-18,35,quantile,0.55,10.3
2023-02-06,2 wk ahead inc flu hosp,2023-02-18,38,quantile,0.55,10.2
2023-02-06,2 wk ahead inc flu hosp,2023-02-18,56,quantile,0.55,2.8
2023-02-06,2 wk ahead inc flu hosp,2023-02-18,02,quantile,0.55,8.2
2023-02-06,2 wk ahead inc flu hosp,2023-02-18,23,quantile,0.55,7.3
2023-02-06,2 wk ahead inc flu hosp,2023-02-18,01,quantile,0.55,27.1
2023-02-06,2 wk ahead inc flu hosp,2023-02-18,16,quantile,0.55,9.6
2023-02-06,2 wk ahead inc flu hosp,2023-02-18,30,quantile,0.55,8
2023-02-06,2 wk ahead inc flu hosp,2023-02-18,72,quantile,0.55,35.3
2023-02-06,2 wk ahead inc flu hosp,2023-02-18,78,quantile,0.55,0
2023-02-06,2 wk ahead inc flu hosp,2023-02-18,54,quantile,0.55,20.1
2023-02-06,3 wk ahead inc flu hosp,2023-02-25,53,quantile,0.55,39
2023-02-06,3 wk ahead inc flu hosp,2023-02-25,17,quantile,0.55,40.9
2023-02-06,3 wk ahead inc flu hosp,2023-02-25,06,quantile,0.55,132.7
2023-02-06,3 wk ahead inc flu hosp,2023-02-25,04,quantile,0.55,35.8
2023-02-06,3 wk ahead inc flu hosp,2023-02-25,25,quantile,0.55,26.4
2023-02-06,3 wk ahead inc flu hosp,2023-02-25,55,quantile,0.55,28.3
2023-02-06,3 wk ahead inc flu hosp,2023-02-25,48,quantile,0.55,245
2023-02-06,3 wk ahead inc flu hosp,2023-02-25,31,quantile,0.55,5.3
2023-02-06,3 wk ahead inc flu hosp,2023-02-25,49,quantile,0.55,8
2023-02-06,3 wk ahead inc flu hosp,2023-02-25,41,quantile,0.55,7.7
2023-02-06,3 wk ahead inc flu hosp,2023-02-25,12,quantile,0.55,265.9
2023-02-06,3 wk ahead inc flu hosp,2023-02-25,36,quantile,0.55,83.1
2023-02-06,3 wk ahead inc flu hosp,2023-02-25,44,quantile,0.55,3.4
2023-02-06,3 wk ahead inc flu hosp,2023-02-25,13,quantile,0.55,115.2
2023-02-06,3 wk ahead inc flu hosp,2023-02-25,33,quantile,0.55,5.9
2023-02-06,3 wk ahead inc flu hosp,2023-02-25,37,quantile,0.55,61.2
2023-02-06,3 wk ahead inc flu hosp,2023-02-25,34,quantile,0.55,40.7
2023-02-06,3 wk ahead inc flu hosp,2023-02-25,08,quantile,0.55,40.3
2023-02-06,3 wk ahead inc flu hosp,2023-02-25,24,quantile,0.55,36.3
2023-02-06,3 wk ahead inc flu hosp,2023-02-25,32,quantile,0.55,6
2023-02-06,3 wk ahead inc flu hosp,2023-02-25,47,quantile,0.55,34
2023-02-06,3 wk ahead inc flu hosp,2023-02-25,15,quantile,0.55,11.7
2023-02-06,3 wk ahead inc flu hosp,2023-02-25,18,quantile,0.55,30.5
2023-02-06,3 wk ahead inc flu hosp,2023-02-25,21,quantile,0.55,14.5
2023-02-06,3 wk ahead inc flu hosp,2023-02-25,27,quantile,0.55,21.8
2023-02-06,3 wk ahead inc flu hosp,2023-02-25,40,quantile,0.55,34.9
2023-02-06,3 wk ahead inc flu hosp,2023-02-25,42,quantile,0.55,45
2023-02-06,3 wk ahead inc flu hosp,2023-02-25,45,quantile,0.55,23.2
2023-02-06,3 wk ahead inc flu hosp,2023-02-25,11,quantile,0.55,4.6
2023-02-06,3 wk ahead inc flu hosp,2023-02-25,20,quantile,0.55,9.4
2023-02-06,3 wk ahead inc flu hosp,2023-02-25,29,quantile,0.55,41.9
2023-02-06,3 wk ahead inc flu hosp,2023-02-25,50,quantile,0.55,2.4
2023-02-06,3 wk ahead inc flu hosp,2023-02-25,51,quantile,0.55,51.3
2023-02-06,3 wk ahead inc flu hosp,2023-02-25,09,quantile,0.55,14.8
2023-02-06,3 wk ahead inc flu hosp,2023-02-25,19,quantile,0.55,9.4
2023-02-06,3 wk ahead inc flu hosp,2023-02-25,22,quantile,0.55,19.8
2023-02-06,3 wk ahead inc flu hosp,2023-02-25,39,quantile,0.55,67.8
2023-02-06,3 wk ahead inc flu hosp,2023-02-25,26,quantile,0.55,32.3
2023-02-06,3 wk ahead inc flu hosp,2023-02-25,46,quantile,0.55,10.5
2023-02-06,3 wk ahead inc flu hosp,2023-02-25,05,quantile,0.55,14.8
2023-02-06,3 wk ahead inc flu hosp,2023-02-25,10,quantile,0.55,9
2023-02-06,3 wk ahead inc flu hosp,2023-02-25,28,quantile,0.55,17.6
2023-02-06,3 wk ahead inc flu hosp,2023-02-25,35,quantile,0.55,10.7
2023-02-06,3 wk ahead inc flu hosp,2023-02-25,38,quantile,0.55,10.3
2023-02-06,3 wk ahead inc flu hosp,2023-02-25,56,quantile,0.55,1.8
2023-02-06,3 wk ahead inc flu hosp,2023-02-25,02,quantile,0.55,6.6
2023-02-06,3 wk ahead inc flu hosp,2023-02-25,23,quantile,0.55,4.2
2023-02-06,3 wk ahead inc flu hosp,2023-02-25,01,quantile,0.55,20.3
2023-02-06,3 wk ahead inc flu hosp,2023-02-25,16,quantile,0.55,4.9
2023-02-06,3 wk ahead inc flu hosp,2023-02-25,30,quantile,0.55,7.4
2023-02-06,3 wk ahead inc flu hosp,2023-02-25,72,quantile,0.55,35.5
2023-02-06,3 wk ahead inc flu hosp,2023-02-25,78,quantile,0.55,0
2023-02-06,3 wk ahead inc flu hosp,2023-02-25,54,quantile,0.55,15.1
2023-02-06,4 wk ahead inc flu hosp,2023-03-04,53,quantile,0.55,30
2023-02-06,4 wk ahead inc flu hosp,2023-03-04,17,quantile,0.55,38.5
2023-02-06,4 wk ahead inc flu hosp,2023-03-04,06,quantile,0.55,153.9
2023-02-06,4 wk ahead inc flu hosp,2023-03-04,04,quantile,0.55,46.8
2023-02-06,4 wk ahead inc flu hosp,2023-03-04,25,quantile,0.55,38
2023-02-06,4 wk ahead inc flu hosp,2023-03-04,55,quantile,0.55,30.3
2023-02-06,4 wk ahead inc flu hosp,2023-03-04,48,quantile,0.55,207.9
2023-02-06,4 wk ahead inc flu hosp,2023-03-04,31,quantile,0.55,16.4
2023-02-06,4 wk ahead inc flu hosp,2023-03-04,49,quantile,0.55,8.2
2023-02-06,4 wk ahead inc flu hosp,2023-03-04,41,quantile,0.55,9.1
2023-02-06,4 wk ahead inc flu hosp,2023-03-04,12,quantile,0.55,184.1
2023-02-06,4 wk ahead inc flu hosp,2023-03-04,36,quantile,0.55,100.6
2023-02-06,4 wk ahead inc flu hosp,2023-03-04,44,quantile,0.55,3.3
2023-02-06,4 wk ahead inc flu hosp,2023-03-04,13,quantile,0.55,98.7
2023-02-06,4 wk ahead inc flu hosp,2023-03-04,33,quantile,0.55,8.6
2023-02-06,4 wk ahead inc flu hosp,2023-03-04,37,quantile,0.55,52.9
2023-02-06,4 wk ahead inc flu hosp,2023-03-04,34,quantile,0.55,42.2
2023-02-06,4 wk ahead inc flu hosp,2023-03-04,08,quantile,0.55,37.5
2023-02-06,4 wk ahead inc flu hosp,2023-03-04,24,quantile,0.55,30.4
2023-02-06,4 wk ahead inc flu hosp,2023-03-04,32,quantile,0.55,5.3
2023-02-06,4 wk ahead inc flu hosp,2023-03-04,47,quantile,0.55,40
2023-02-06,4 wk ahead inc flu hosp,2023-03-04,15,quantile,0.55,14.2
2023-02-06,4 wk ahead inc flu hosp,2023-03-04,18,quantile,0.55,44.6
2023-02-06,4 wk ahead inc flu hosp,2023-03-04,21,quantile,0.55,11.8
2023-02-06,4 wk ahead inc flu hosp,2023-03-04,27,quantile,0.55,21.4
2023-02-06,4 wk ahead inc flu hosp,2023-03-04,40,quantile,0.55,43.7
2023-02-06,4 wk ahead inc flu hosp,2023-03-04,42,quantile,0.55,55.2
2023-02-06,4 wk ahead inc flu hosp,2023-03-04,45,quantile,0.55,23.1
2023-02-06,4 wk ahead inc flu hosp,2023-03-04,11,quantile,0.55,4.9
2023-02-06,4 wk ahead inc flu hosp,2023-03-04,20,quantile,0.55,14.9
2023-02-06,4 wk ahead inc flu hosp,2023-03-04,29,quantile,0.55,45.8
2023-02-06,4 wk ahead inc flu hosp,2023-03-04,50,quantile,0.55,2.1
2023-02-06,4 wk ahead inc flu hosp,2023-03-04,51,quantile,0.55,59.7
2023-02-06,4 wk ahead inc flu hosp,2023-03-04,09,quantile,0.55,16.6
2023-02-06,4 wk ahead inc flu hosp,2023-03-04,19,quantile,0.55,28.9
2023-02-06,4 wk ahead inc flu hosp,2023-03-04,22,quantile,0.55,16.9
2023-02-06,4 wk ahead inc flu hosp,2023-03-04,39,quantile,0.55,69.2
2023-02-06,4 wk ahead inc flu hosp,2023-03-04,26,quantile,0.55,47.3
2023-02-06,4 wk ahead inc flu hosp,2023-03-04,46,quantile,0.55,10.9
2023-02-06,4 wk ahead inc flu hosp,2023-03-04,05,quantile,0.55,14.8
2023-02-06,4 wk ahead inc flu hosp,2023-03-04,10,quantile,0.55,7.8
2023-02-06,4 wk ahead inc flu hosp,2023-03-04,28,quantile,0.55,15.7
2023-02-06,4 wk ahead inc flu hosp,2023-03-04,35,quantile,0.55,9.4
2023-02-06,4 wk ahead inc flu hosp,2023-03-04,38,quantile,0.55,7.1
2023-02-06,4 wk ahead inc flu hosp,2023-03-04,56,quantile,0.55,2.8
2023-02-06,4 wk ahead inc flu hosp,2023-03-04,02,quantile,0.55,4.6
2023-02-06,4 wk ahead inc flu hosp,2023-03-04,23,quantile,0.55,7.9
2023-02-06,4 wk ahead inc flu hosp,2023-03-04,01,quantile,0.55,18.5
2023-02-06,4 wk ahead inc flu hosp,2023-03-04,16,quantile,0.55,8.9
2023-02-06,4 wk ahead inc flu hosp,2023-03-04,30,quantile,0.55,6.3
2023-02-06,4 wk ahead inc flu hosp,2023-03-04,72,quantile,0.55,41.5
2023-02-06,4 wk ahead inc flu hosp,2023-03-04,78,quantile,0.55,0
2023-02-06,4 wk ahead inc flu hosp,2023-03-04,54,quantile,0.55,14.4
2023-02-06,1 wk ahead inc flu hosp,2023-02-11,53,quantile,0.6,40.7
2023-02-06,1 wk ahead inc flu hosp,2023-02-11,17,quantile,0.6,46.7
2023-02-06,1 wk ahead inc flu hosp,2023-02-11,06,quantile,0.6,150.2
2023-02-06,1 wk ahead inc flu hosp,2023-02-11,04,quantile,0.6,47.3
2023-02-06,1 wk ahead inc flu hosp,2023-02-11,25,quantile,0.6,54.3
2023-02-06,1 wk ahead inc flu hosp,2023-02-11,55,quantile,0.6,28.2
2023-02-06,1 wk ahead inc flu hosp,2023-02-11,48,quantile,0.6,349.8
2023-02-06,1 wk ahead inc flu hosp,2023-02-11,31,quantile,0.6,13.2
2023-02-06,1 wk ahead inc flu hosp,2023-02-11,49,quantile,0.6,8.7
2023-02-06,1 wk ahead inc flu hosp,2023-02-11,41,quantile,0.6,11.4
2023-02-06,1 wk ahead inc flu hosp,2023-02-11,12,quantile,0.6,279.5
2023-02-06,1 wk ahead inc flu hosp,2023-02-11,36,quantile,0.6,107.7
2023-02-06,1 wk ahead inc flu hosp,2023-02-11,44,quantile,0.6,6.9
2023-02-06,1 wk ahead inc flu hosp,2023-02-11,13,quantile,0.6,126.7
2023-02-06,1 wk ahead inc flu hosp,2023-02-11,33,quantile,0.6,10.2
2023-02-06,1 wk ahead inc flu hosp,2023-02-11,37,quantile,0.6,57.7
2023-02-06,1 wk ahead inc flu hosp,2023-02-11,34,quantile,0.6,40.9
2023-02-06,1 wk ahead inc flu hosp,2023-02-11,08,quantile,0.6,41.3
2023-02-06,1 wk ahead inc flu hosp,2023-02-11,24,quantile,0.6,38.5
2023-02-06,1 wk ahead inc flu hosp,2023-02-11,32,quantile,0.6,9.4
2023-02-06,1 wk ahead inc flu hosp,2023-02-11,47,quantile,0.6,44.6
2023-02-06,1 wk ahead inc flu hosp,2023-02-11,15,quantile,0.6,11.5
2023-02-06,1 wk ahead inc flu hosp,2023-02-11,18,quantile,0.6,47.8
2023-02-06,1 wk ahead inc flu hosp,2023-02-11,21,quantile,0.6,16.2
2023-02-06,1 wk ahead inc flu hosp,2023-02-11,27,quantile,0.6,25.8
2023-02-06,1 wk ahead inc flu hosp,2023-02-11,40,quantile,0.6,52.6
2023-02-06,1 wk ahead inc flu hosp,2023-02-11,42,quantile,0.6,95.4
2023-02-06,1 wk ahead inc flu hosp,2023-02-11,45,quantile,0.6,30.7
2023-02-06,1 wk ahead inc flu hosp,2023-02-11,11,quantile,0.6,7.4
2023-02-06,1 wk ahead inc flu hosp,2023-02-11,20,quantile,0.6,12.7
2023-02-06,1 wk ahead inc flu hosp,2023-02-11,29,quantile,0.6,52.8
2023-02-06,1 wk ahead inc flu hosp,2023-02-11,50,quantile,0.6,3.7
2023-02-06,1 wk ahead inc flu hosp,2023-02-11,51,quantile,0.6,69.2
2023-02-06,1 wk ahead inc flu hosp,2023-02-11,09,quantile,0.6,15.4
2023-02-06,1 wk ahead inc flu hosp,2023-02-11,19,quantile,0.6,16.3
2023-02-06,1 wk ahead inc flu hosp,2023-02-11,22,quantile,0.6,31.2
2023-02-06,1 wk ahead inc flu hosp,2023-02-11,39,quantile,0.6,60.8
2023-02-06,1 wk ahead inc flu hosp,2023-02-11,26,quantile,0.6,64.8
2023-02-06,1 wk ahead inc flu hosp,2023-02-11,46,quantile,0.6,17.1
2023-02-06,1 wk ahead inc flu hosp,2023-02-11,05,quantile,0.6,20.9
2023-02-06,1 wk ahead inc flu hosp,2023-02-11,10,quantile,0.6,13.7
2023-02-06,1 wk ahead inc flu hosp,2023-02-11,28,quantile,0.6,27.9
2023-02-06,1 wk ahead inc flu hosp,2023-02-11,35,quantile,0.6,8.6
2023-02-06,1 wk ahead inc flu hosp,2023-02-11,38,quantile,0.6,19.3
2023-02-06,1 wk ahead inc flu hosp,2023-02-11,56,quantile,0.6,1.9
2023-02-06,1 wk ahead inc flu hosp,2023-02-11,02,quantile,0.6,9.2
2023-02-06,1 wk ahead inc flu hosp,2023-02-11,23,quantile,0.6,10.8
2023-02-06,1 wk ahead inc flu hosp,2023-02-11,01,quantile,0.6,32.9
2023-02-06,1 wk ahead inc flu hosp,2023-02-11,16,quantile,0.6,8.2
2023-02-06,1 wk ahead inc flu hosp,2023-02-11,30,quantile,0.6,10.7
2023-02-06,1 wk ahead inc flu hosp,2023-02-11,72,quantile,0.6,43.9
2023-02-06,1 wk ahead inc flu hosp,2023-02-11,78,quantile,0.6,0
2023-02-06,1 wk ahead inc flu hosp,2023-02-11,54,quantile,0.6,24.3
2023-02-06,2 wk ahead inc flu hosp,2023-02-18,53,quantile,0.6,37.9
2023-02-06,2 wk ahead inc flu hosp,2023-02-18,17,quantile,0.6,63.1
2023-02-06,2 wk ahead inc flu hosp,2023-02-18,06,quantile,0.6,134.2
2023-02-06,2 wk ahead inc flu hosp,2023-02-18,04,quantile,0.6,34
2023-02-06,2 wk ahead inc flu hosp,2023-02-18,25,quantile,0.6,44
2023-02-06,2 wk ahead inc flu hosp,2023-02-18,55,quantile,0.6,26
2023-02-06,2 wk ahead inc flu hosp,2023-02-18,48,quantile,0.6,295.5
2023-02-06,2 wk ahead inc flu hosp,2023-02-18,31,quantile,0.6,9.9
2023-02-06,2 wk ahead inc flu hosp,2023-02-18,49,quantile,0.6,6.5
2023-02-06,2 wk ahead inc flu hosp,2023-02-18,41,quantile,0.6,10.5
2023-02-06,2 wk ahead inc flu hosp,2023-02-18,12,quantile,0.6,230.1
2023-02-06,2 wk ahead inc flu hosp,2023-02-18,36,quantile,0.6,80.5
2023-02-06,2 wk ahead inc flu hosp,2023-02-18,44,quantile,0.6,5
2023-02-06,2 wk ahead inc flu hosp,2023-02-18,13,quantile,0.6,117
2023-02-06,2 wk ahead inc flu hosp,2023-02-18,33,quantile,0.6,8.7
2023-02-06,2 wk ahead inc flu hosp,2023-02-18,37,quantile,0.6,48.8
2023-02-06,2 wk ahead inc flu hosp,2023-02-18,34,quantile,0.6,34.4
2023-02-06,2 wk ahead inc flu hosp,2023-02-18,08,quantile,0.6,31.6
2023-02-06,2 wk ahead inc flu hosp,2023-02-18,24,quantile,0.6,35
2023-02-06,2 wk ahead inc flu hosp,2023-02-18,32,quantile,0.6,8
2023-02-06,2 wk ahead inc flu hosp,2023-02-18,47,quantile,0.6,38.6
2023-02-06,2 wk ahead inc flu hosp,2023-02-18,15,quantile,0.6,13.1
2023-02-06,2 wk ahead inc flu hosp,2023-02-18,18,quantile,0.6,33.9
2023-02-06,2 wk ahead inc flu hosp,2023-02-18,21,quantile,0.6,24.8
2023-02-06,2 wk ahead inc flu hosp,2023-02-18,27,quantile,0.6,24.3
2023-02-06,2 wk ahead inc flu hosp,2023-02-18,40,quantile,0.6,47.9
2023-02-06,2 wk ahead inc flu hosp,2023-02-18,42,quantile,0.6,66.6
2023-02-06,2 wk ahead inc flu hosp,2023-02-18,45,quantile,0.6,28.1
2023-02-06,2 wk ahead inc flu hosp,2023-02-18,11,quantile,0.6,6.5
2023-02-06,2 wk ahead inc flu hosp,2023-02-18,20,quantile,0.6,14.2
2023-02-06,2 wk ahead inc flu hosp,2023-02-18,29,quantile,0.6,48.6
2023-02-06,2 wk ahead inc flu hosp,2023-02-18,50,quantile,0.6,4.7
2023-02-06,2 wk ahead inc flu hosp,2023-02-18,51,quantile,0.6,60.8
2023-02-06,2 wk ahead inc flu hosp,2023-02-18,09,quantile,0.6,18.9
2023-02-06,2 wk ahead inc flu hosp,2023-02-18,19,quantile,0.6,19.5
2023-02-06,2 wk ahead inc flu hosp,2023-02-18,22,quantile,0.6,30
2023-02-06,2 wk ahead inc flu hosp,2023-02-18,39,quantile,0.6,44.6
2023-02-06,2 wk ahead inc flu hosp,2023-02-18,26,quantile,0.6,49.4
2023-02-06,2 wk ahead inc flu hosp,2023-02-18,46,quantile,0.6,17.8
2023-02-06,2 wk ahead inc flu hosp,2023-02-18,05,quantile,0.6,17.5
2023-02-06,2 wk ahead inc flu hosp,2023-02-18,10,quantile,0.6,14.5
2023-02-06,2 wk ahead inc flu hosp,2023-02-18,28,quantile,0.6,20.9
2023-02-06,2 wk ahead inc flu hosp,2023-02-18,35,quantile,0.6,11.9
2023-02-06,2 wk ahead inc flu hosp,2023-02-18,38,quantile,0.6,10.8
2023-02-06,2 wk ahead inc flu hosp,2023-02-18,56,quantile,0.6,3.3
2023-02-06,2 wk ahead inc flu hosp,2023-02-18,02,quantile,0.6,8.8
2023-02-06,2 wk ahead inc flu hosp,2023-02-18,23,quantile,0.6,8.6
2023-02-06,2 wk ahead inc flu hosp,2023-02-18,01,quantile,0.6,30.1
2023-02-06,2 wk ahead inc flu hosp,2023-02-18,16,quantile,0.6,10.9
2023-02-06,2 wk ahead inc flu hosp,2023-02-18,30,quantile,0.6,8.9
2023-02-06,2 wk ahead inc flu hosp,2023-02-18,72,quantile,0.6,37.3
2023-02-06,2 wk ahead inc flu hosp,2023-02-18,78,quantile,0.6,0
2023-02-06,2 wk ahead inc flu hosp,2023-02-18,54,quantile,0.6,23
2023-02-06,3 wk ahead inc flu hosp,2023-02-25,53,quantile,0.6,43.4
2023-02-06,3 wk ahead inc flu hosp,2023-02-25,17,quantile,0.6,46.4
2023-02-06,3 wk ahead inc flu hosp,2023-02-25,06,quantile,0.6,147
2023-02-06,3 wk ahead inc flu hosp,2023-02-25,04,quantile,0.6,40.7
2023-02-06,3 wk ahead inc flu hosp,2023-02-25,25,quantile,0.6,29.2
2023-02-06,3 wk ahead inc flu hosp,2023-02-25,55,quantile,0.6,30.8
2023-02-06,3 wk ahead inc flu hosp,2023-02-25,48,quantile,0.6,267.3
2023-02-06,3 wk ahead inc flu hosp,2023-02-25,31,quantile,0.6,6.1
2023-02-06,3 wk ahead inc flu hosp,2023-02-25,49,quantile,0.6,9.4
2023-02-06,3 wk ahead inc flu hosp,2023-02-25,41,quantile,0.6,9.3
2023-02-06,3 wk ahead inc flu hosp,2023-02-25,12,quantile,0.6,304.3
2023-02-06,3 wk ahead inc flu hosp,2023-02-25,36,quantile,0.6,92.4
2023-02-06,3 wk ahead inc flu hosp,2023-02-25,44,quantile,0.6,3.9
2023-02-06,3 wk ahead inc flu hosp,2023-02-25,13,quantile,0.6,123.1
2023-02-06,3 wk ahead inc flu hosp,2023-02-25,33,quantile,0.6,6.4
2023-02-06,3 wk ahead inc flu hosp,2023-02-25,37,quantile,0.6,68.7
2023-02-06,3 wk ahead inc flu hosp,2023-02-25,34,quantile,0.6,44.4
2023-02-06,3 wk ahead inc flu hosp,2023-02-25,08,quantile,0.6,42.5
2023-02-06,3 wk ahead inc flu hosp,2023-02-25,24,quantile,0.6,42.3
2023-02-06,3 wk ahead inc flu hosp,2023-02-25,32,quantile,0.6,7.5
2023-02-06,3 wk ahead inc flu hosp,2023-02-25,47,quantile,0.6,37.6
2023-02-06,3 wk ahead inc flu hosp,2023-02-25,15,quantile,0.6,14
2023-02-06,3 wk ahead inc flu hosp,2023-02-25,18,quantile,0.6,34.2
2023-02-06,3 wk ahead inc flu hosp,2023-02-25,21,quantile,0.6,16.1
2023-02-06,3 wk ahead inc flu hosp,2023-02-25,27,quantile,0.6,24
2023-02-06,3 wk ahead inc flu hosp,2023-02-25,40,quantile,0.6,39.1
2023-02-06,3 wk ahead inc flu hosp,2023-02-25,42,quantile,0.6,49.9
2023-02-06,3 wk ahead inc flu hosp,2023-02-25,45,quantile,0.6,24.9
2023-02-06,3 wk ahead inc flu hosp,2023-02-25,11,quantile,0.6,5.1
2023-02-06,3 wk ahead inc flu hosp,2023-02-25,20,quantile,0.6,10.7
2023-02-06,3 wk ahead inc flu hosp,2023-02-25,29,quantile,0.6,47.6
2023-02-06,3 wk ahead inc flu hosp,2023-02-25,50,quantile,0.6,2.9
2023-02-06,3 wk ahead inc flu hosp,2023-02-25,51,quantile,0.6,57.2
2023-02-06,3 wk ahead inc flu hosp,2023-02-25,09,quantile,0.6,17.4
2023-02-06,3 wk ahead inc flu hosp,2023-02-25,19,quantile,0.6,11.5
2023-02-06,3 wk ahead inc flu hosp,2023-02-25,22,quantile,0.6,22.3
2023-02-06,3 wk ahead inc flu hosp,2023-02-25,39,quantile,0.6,78.6
2023-02-06,3 wk ahead inc flu hosp,2023-02-25,26,quantile,0.6,36.9
2023-02-06,3 wk ahead inc flu hosp,2023-02-25,46,quantile,0.6,11.7
2023-02-06,3 wk ahead inc flu hosp,2023-02-25,05,quantile,0.6,17.4
2023-02-06,3 wk ahead inc flu hosp,2023-02-25,10,quantile,0.6,9.6
2023-02-06,3 wk ahead inc flu hosp,2023-02-25,28,quantile,0.6,18
2023-02-06,3 wk ahead inc flu hosp,2023-02-25,35,quantile,0.6,12.5
2023-02-06,3 wk ahead inc flu hosp,2023-02-25,38,quantile,0.6,11
2023-02-06,3 wk ahead inc flu hosp,2023-02-25,56,quantile,0.6,2.2
2023-02-06,3 wk ahead inc flu hosp,2023-02-25,02,quantile,0.6,7.2
2023-02-06,3 wk ahead inc flu hosp,2023-02-25,23,quantile,0.6,5.2
2023-02-06,3 wk ahead inc flu hosp,2023-02-25,01,quantile,0.6,22.4
2023-02-06,3 wk ahead inc flu hosp,2023-02-25,16,quantile,0.6,5.9
2023-02-06,3 wk ahead inc flu hosp,2023-02-25,30,quantile,0.6,8.4
2023-02-06,3 wk ahead inc flu hosp,2023-02-25,72,quantile,0.6,37.9
2023-02-06,3 wk ahead inc flu hosp,2023-02-25,78,quantile,0.6,0
2023-02-06,3 wk ahead inc flu hosp,2023-02-25,54,quantile,0.6,17.1
2023-02-06,4 wk ahead inc flu hosp,2023-03-04,53,quantile,0.6,33.5
2023-02-06,4 wk ahead inc flu hosp,2023-03-04,17,quantile,0.6,51.2
2023-02-06,4 wk ahead inc flu hosp,2023-03-04,06,quantile,0.6,178
2023-02-06,4 wk ahead inc flu hosp,2023-03-04,04,quantile,0.6,49.8
2023-02-06,4 wk ahead inc flu hosp,2023-03-04,25,quantile,0.6,46.5
2023-02-06,4 wk ahead inc flu hosp,2023-03-04,55,quantile,0.6,33
2023-02-06,4 wk ahead inc flu hosp,2023-03-04,48,quantile,0.6,226.7
2023-02-06,4 wk ahead inc flu hosp,2023-03-04,31,quantile,0.6,18.3
2023-02-06,4 wk ahead inc flu hosp,2023-03-04,49,quantile,0.6,9.7
2023-02-06,4 wk ahead inc flu hosp,2023-03-04,41,quantile,0.6,12
2023-02-06,4 wk ahead inc flu hosp,2023-03-04,12,quantile,0.6,202.5
2023-02-06,4 wk ahead inc flu hosp,2023-03-04,36,quantile,0.6,110.2
2023-02-06,4 wk ahead inc flu hosp,2023-03-04,44,quantile,0.6,3.9
2023-02-06,4 wk ahead inc flu hosp,2023-03-04,13,quantile,0.6,103.9
2023-02-06,4 wk ahead inc flu hosp,2023-03-04,33,quantile,0.6,10.1
2023-02-06,4 wk ahead inc flu hosp,2023-03-04,37,quantile,0.6,57.6
2023-02-06,4 wk ahead inc flu hosp,2023-03-04,34,quantile,0.6,47.6
2023-02-06,4 wk ahead inc flu hosp,2023-03-04,08,quantile,0.6,40.5
2023-02-06,4 wk ahead inc flu hosp,2023-03-04,24,quantile,0.6,33.4
2023-02-06,4 wk ahead inc flu hosp,2023-03-04,32,quantile,0.6,7.5
2023-02-06,4 wk ahead inc flu hosp,2023-03-04,47,quantile,0.6,42.2
2023-02-06,4 wk ahead inc flu hosp,2023-03-04,15,quantile,0.6,16.8
2023-02-06,4 wk ahead inc flu hosp,2023-03-04,18,quantile,0.6,47.1
2023-02-06,4 wk ahead inc flu hosp,2023-03-04,21,quantile,0.6,13.6
2023-02-06,4 wk ahead inc flu hosp,2023-03-04,27,quantile,0.6,23.8
2023-02-06,4 wk ahead inc flu hosp,2023-03-04,40,quantile,0.6,48.2
2023-02-06,4 wk ahead inc flu hosp,2023-03-04,42,quantile,0.6,65.1
2023-02-06,4 wk ahead inc flu hosp,2023-03-04,45,quantile,0.6,27.3
2023-02-06,4 wk ahead inc flu hosp,2023-03-04,11,quantile,0.6,5.7
2023-02-06,4 wk ahead inc flu hosp,2023-03-04,20,quantile,0.6,18.2
2023-02-06,4 wk ahead inc flu hosp,2023-03-04,29,quantile,0.6,49.6
2023-02-06,4 wk ahead inc flu hosp,2023-03-04,50,quantile,0.6,2.6
2023-02-06,4 wk ahead inc flu hosp,2023-03-04,51,quantile,0.6,65.3
2023-02-06,4 wk ahead inc flu hosp,2023-03-04,09,quantile,0.6,19.6
2023-02-06,4 wk ahead inc flu hosp,2023-03-04,19,quantile,0.6,31.3
2023-02-06,4 wk ahead inc flu hosp,2023-03-04,22,quantile,0.6,19.2
2023-02-06,4 wk ahead inc flu hosp,2023-03-04,39,quantile,0.6,75.6
2023-02-06,4 wk ahead inc flu hosp,2023-03-04,26,quantile,0.6,54.4
2023-02-06,4 wk ahead inc flu hosp,2023-03-04,46,quantile,0.6,12.1
2023-02-06,4 wk ahead inc flu hosp,2023-03-04,05,quantile,0.6,18
2023-02-06,4 wk ahead inc flu hosp,2023-03-04,10,quantile,0.6,8.6
2023-02-06,4 wk ahead inc flu hosp,2023-03-04,28,quantile,0.6,17.2
2023-02-06,4 wk ahead inc flu hosp,2023-03-04,35,quantile,0.6,10.8
2023-02-06,4 wk ahead inc flu hosp,2023-03-04,38,quantile,0.6,7.8
2023-02-06,4 wk ahead inc flu hosp,2023-03-04,56,quantile,0.6,3.2
2023-02-06,4 wk ahead inc flu hosp,2023-03-04,02,quantile,0.6,5.3
2023-02-06,4 wk ahead inc flu hosp,2023-03-04,23,quantile,0.6,9.4
2023-02-06,4 wk ahead inc flu hosp,2023-03-04,01,quantile,0.6,20.7
2023-02-06,4 wk ahead inc flu hosp,2023-03-04,16,quantile,0.6,10.3
2023-02-06,4 wk ahead inc flu hosp,2023-03-04,30,quantile,0.6,6.9
2023-02-06,4 wk ahead inc flu hosp,2023-03-04,72,quantile,0.6,45.2
2023-02-06,4 wk ahead inc flu hosp,2023-03-04,78,quantile,0.6,0
2023-02-06,4 wk ahead inc flu hosp,2023-03-04,54,quantile,0.6,15.3
2023-02-06,1 wk ahead inc flu hosp,2023-02-11,53,quantile,0.65,43
2023-02-06,1 wk ahead inc flu hosp,2023-02-11,17,quantile,0.65,51.1
2023-02-06,1 wk ahead inc flu hosp,2023-02-11,06,quantile,0.65,164.9
2023-02-06,1 wk ahead inc flu hosp,2023-02-11,04,quantile,0.65,50
2023-02-06,1 wk ahead inc flu hosp,2023-02-11,25,quantile,0.65,59.1
2023-02-06,1 wk ahead inc flu hosp,2023-02-11,55,quantile,0.65,31.8
2023-02-06,1 wk ahead inc flu hosp,2023-02-11,48,quantile,0.65,385
2023-02-06,1 wk ahead inc flu hosp,2023-02-11,31,quantile,0.65,14.5
2023-02-06,1 wk ahead inc flu hosp,2023-02-11,49,quantile,0.65,9.9
2023-02-06,1 wk ahead inc flu hosp,2023-02-11,41,quantile,0.65,13.2
2023-02-06,1 wk ahead inc flu hosp,2023-02-11,12,quantile,0.65,294
2023-02-06,1 wk ahead inc flu hosp,2023-02-11,36,quantile,0.65,116.5
2023-02-06,1 wk ahead inc flu hosp,2023-02-11,44,quantile,0.65,7.5
2023-02-06,1 wk ahead inc flu hosp,2023-02-11,13,quantile,0.65,129.7
2023-02-06,1 wk ahead inc flu hosp,2023-02-11,33,quantile,0.65,11.5
2023-02-06,1 wk ahead inc flu hosp,2023-02-11,37,quantile,0.65,63.6
2023-02-06,1 wk ahead inc flu hosp,2023-02-11,34,quantile,0.65,44.4
2023-02-06,1 wk ahead inc flu hosp,2023-02-11,08,quantile,0.65,44.4
2023-02-06,1 wk ahead inc flu hosp,2023-02-11,24,quantile,0.65,40.8
2023-02-06,1 wk ahead inc flu hosp,2023-02-11,32,quantile,0.65,11
2023-02-06,1 wk ahead inc flu hosp,2023-02-11,47,quantile,0.65,48.4
2023-02-06,1 wk ahead inc flu hosp,2023-02-11,15,quantile,0.65,12.8
2023-02-06,1 wk ahead inc flu hosp,2023-02-11,18,quantile,0.65,50.6
2023-02-06,1 wk ahead inc flu hosp,2023-02-11,21,quantile,0.65,18.2
2023-02-06,1 wk ahead inc flu hosp,2023-02-11,27,quantile,0.65,28.1
2023-02-06,1 wk ahead inc flu hosp,2023-02-11,40,quantile,0.65,56.5
2023-02-06,1 wk ahead inc flu hosp,2023-02-11,42,quantile,0.65,100.6
2023-02-06,1 wk ahead inc flu hosp,2023-02-11,45,quantile,0.65,32.5
2023-02-06,1 wk ahead inc flu hosp,2023-02-11,11,quantile,0.65,8.9
2023-02-06,1 wk ahead inc flu hosp,2023-02-11,20,quantile,0.65,14.1
2023-02-06,1 wk ahead inc flu hosp,2023-02-11,29,quantile,0.65,54.1
2023-02-06,1 wk ahead inc flu hosp,2023-02-11,50,quantile,0.65,4.4
2023-02-06,1 wk ahead inc flu hosp,2023-02-11,51,quantile,0.65,72.6
2023-02-06,1 wk ahead inc flu hosp,2023-02-11,09,quantile,0.65,16.6
2023-02-06,1 wk ahead inc flu hosp,2023-02-11,19,quantile,0.65,18
2023-02-06,1 wk ahead inc flu hosp,2023-02-11,22,quantile,0.65,32.4
2023-02-06,1 wk ahead inc flu hosp,2023-02-11,39,quantile,0.65,66.7
2023-02-06,1 wk ahead inc flu hosp,2023-02-11,26,quantile,0.65,67.5
2023-02-06,1 wk ahead inc flu hosp,2023-02-11,46,quantile,0.65,18.7
2023-02-06,1 wk ahead inc flu hosp,2023-02-11,05,quantile,0.65,22.6
2023-02-06,1 wk ahead inc flu hosp,2023-02-11,10,quantile,0.65,15.4
2023-02-06,1 wk ahead inc flu hosp,2023-02-11,28,quantile,0.65,29.7
2023-02-06,1 wk ahead inc flu hosp,2023-02-11,35,quantile,0.65,9.5
2023-02-06,1 wk ahead inc flu hosp,2023-02-11,38,quantile,0.65,20.8
2023-02-06,1 wk ahead inc flu hosp,2023-02-11,56,quantile,0.65,2.4
2023-02-06,1 wk ahead inc flu hosp,2023-02-11,02,quantile,0.65,10
2023-02-06,1 wk ahead inc flu hosp,2023-02-11,23,quantile,0.65,11.7
2023-02-06,1 wk ahead inc flu hosp,2023-02-11,01,quantile,0.65,34.5
2023-02-06,1 wk ahead inc flu hosp,2023-02-11,16,quantile,0.65,9.5
2023-02-06,1 wk ahead inc flu hosp,2023-02-11,30,quantile,0.65,11.6
2023-02-06,1 wk ahead inc flu hosp,2023-02-11,72,quantile,0.65,47.5
2023-02-06,1 wk ahead inc flu hosp,2023-02-11,78,quantile,0.65,0
2023-02-06,1 wk ahead inc flu hosp,2023-02-11,54,quantile,0.65,26.1
2023-02-06,2 wk ahead inc flu hosp,2023-02-18,53,quantile,0.65,41.6
2023-02-06,2 wk ahead inc flu hosp,2023-02-18,17,quantile,0.65,71.4
2023-02-06,2 wk ahead inc flu hosp,2023-02-18,06,quantile,0.65,149.9
2023-02-06,2 wk ahead inc flu hosp,2023-02-18,04,quantile,0.65,38.5
2023-02-06,2 wk ahead inc flu hosp,2023-02-18,25,quantile,0.65,48.4
2023-02-06,2 wk ahead inc flu hosp,2023-02-18,55,quantile,0.65,29.7
2023-02-06,2 wk ahead inc flu hosp,2023-02-18,48,quantile,0.65,312.4
2023-02-06,2 wk ahead inc flu hosp,2023-02-18,31,quantile,0.65,11.2
2023-02-06,2 wk ahead inc flu hosp,2023-02-18,49,quantile,0.65,8.1
2023-02-06,2 wk ahead inc flu hosp,2023-02-18,41,quantile,0.65,12.6
2023-02-06,2 wk ahead inc flu hosp,2023-02-18,12,quantile,0.65,244.1
2023-02-06,2 wk ahead inc flu hosp,2023-02-18,36,quantile,0.65,87.6
2023-02-06,2 wk ahead inc flu hosp,2023-02-18,44,quantile,0.65,5.7
2023-02-06,2 wk ahead inc flu hosp,2023-02-18,13,quantile,0.65,127
2023-02-06,2 wk ahead inc flu hosp,2023-02-18,33,quantile,0.65,10.6
2023-02-06,2 wk ahead inc flu hosp,2023-02-18,37,quantile,0.65,54.8
2023-02-06,2 wk ahead inc flu hosp,2023-02-18,34,quantile,0.65,38.2
2023-02-06,2 wk ahead inc flu hosp,2023-02-18,08,quantile,0.65,37.6
2023-02-06,2 wk ahead inc flu hosp,2023-02-18,24,quantile,0.65,37
2023-02-06,2 wk ahead inc flu hosp,2023-02-18,32,quantile,0.65,9.4
2023-02-06,2 wk ahead inc flu hosp,2023-02-18,47,quantile,0.65,42.5
2023-02-06,2 wk ahead inc flu hosp,2023-02-18,15,quantile,0.65,13.4
2023-02-06,2 wk ahead inc flu hosp,2023-02-18,18,quantile,0.65,38
2023-02-06,2 wk ahead inc flu hosp,2023-02-18,21,quantile,0.65,27.5
2023-02-06,2 wk ahead inc flu hosp,2023-02-18,27,quantile,0.65,26.4
2023-02-06,2 wk ahead inc flu hosp,2023-02-18,40,quantile,0.65,51.1
2023-02-06,2 wk ahead inc flu hosp,2023-02-18,42,quantile,0.65,75.6
2023-02-06,2 wk ahead inc flu hosp,2023-02-18,45,quantile,0.65,31.7
2023-02-06,2 wk ahead inc flu hosp,2023-02-18,11,quantile,0.65,7.2
2023-02-06,2 wk ahead inc flu hosp,2023-02-18,20,quantile,0.65,16.6
2023-02-06,2 wk ahead inc flu hosp,2023-02-18,29,quantile,0.65,52.1
2023-02-06,2 wk ahead inc flu hosp,2023-02-18,50,quantile,0.65,5.4
2023-02-06,2 wk ahead inc flu hosp,2023-02-18,51,quantile,0.65,67.5
2023-02-06,2 wk ahead inc flu hosp,2023-02-18,09,quantile,0.65,21.8
2023-02-06,2 wk ahead inc flu hosp,2023-02-18,19,quantile,0.65,22.6
2023-02-06,2 wk ahead inc flu hosp,2023-02-18,22,quantile,0.65,32
2023-02-06,2 wk ahead inc flu hosp,2023-02-18,39,quantile,0.65,49.7
2023-02-06,2 wk ahead inc flu hosp,2023-02-18,26,quantile,0.65,56
2023-02-06,2 wk ahead inc flu hosp,2023-02-18,46,quantile,0.65,19.5
2023-02-06,2 wk ahead inc flu hosp,2023-02-18,05,quantile,0.65,20.2
2023-02-06,2 wk ahead inc flu hosp,2023-02-18,10,quantile,0.65,15.2
2023-02-06,2 wk ahead inc flu hosp,2023-02-18,28,quantile,0.65,23.2
2023-02-06,2 wk ahead inc flu hosp,2023-02-18,35,quantile,0.65,13.4
2023-02-06,2 wk ahead inc flu hosp,2023-02-18,38,quantile,0.65,12
2023-02-06,2 wk ahead inc flu hosp,2023-02-18,56,quantile,0.65,3.8
2023-02-06,2 wk ahead inc flu hosp,2023-02-18,02,quantile,0.65,9.6
2023-02-06,2 wk ahead inc flu hosp,2023-02-18,23,quantile,0.65,10.2
2023-02-06,2 wk ahead inc flu hosp,2023-02-18,01,quantile,0.65,32.9
2023-02-06,2 wk ahead inc flu hosp,2023-02-18,16,quantile,0.65,12.6
2023-02-06,2 wk ahead inc flu hosp,2023-02-18,30,quantile,0.65,11.1
2023-02-06,2 wk ahead inc flu hosp,2023-02-18,72,quantile,0.65,38.6
2023-02-06,2 wk ahead inc flu hosp,2023-02-18,78,quantile,0.65,0
2023-02-06,2 wk ahead inc flu hosp,2023-02-18,54,quantile,0.65,25.7
2023-02-06,3 wk ahead inc flu hosp,2023-02-25,53,quantile,0.65,48.8
2023-02-06,3 wk ahead inc flu hosp,2023-02-25,17,quantile,0.65,53.1
2023-02-06,3 wk ahead inc flu hosp,2023-02-25,06,quantile,0.65,161
2023-02-06,3 wk ahead inc flu hosp,2023-02-25,04,quantile,0.65,47.2
2023-02-06,3 wk ahead inc flu hosp,2023-02-25,25,quantile,0.65,33.7
2023-02-06,3 wk ahead inc flu hosp,2023-02-25,55,quantile,0.65,34.3
2023-02-06,3 wk ahead inc flu hosp,2023-02-25,48,quantile,0.65,290.7
2023-02-06,3 wk ahead inc flu hosp,2023-02-25,31,quantile,0.65,7
2023-02-06,3 wk ahead inc flu hosp,2023-02-25,49,quantile,0.65,10.3
2023-02-06,3 wk ahead inc flu hosp,2023-02-25,41,quantile,0.65,11
2023-02-06,3 wk ahead inc flu hosp,2023-02-25,12,quantile,0.65,348.7
2023-02-06,3 wk ahead inc flu hosp,2023-02-25,36,quantile,0.65,105.9
2023-02-06,3 wk ahead inc flu hosp,2023-02-25,44,quantile,0.65,4.6
2023-02-06,3 wk ahead inc flu hosp,2023-02-25,13,quantile,0.65,129.9
2023-02-06,3 wk ahead inc flu hosp,2023-02-25,33,quantile,0.65,6.7
2023-02-06,3 wk ahead inc flu hosp,2023-02-25,37,quantile,0.65,75.8
2023-02-06,3 wk ahead inc flu hosp,2023-02-25,34,quantile,0.65,49.4
2023-02-06,3 wk ahead inc flu hosp,2023-02-25,08,quantile,0.65,44.7
2023-02-06,3 wk ahead inc flu hosp,2023-02-25,24,quantile,0.65,48.4
2023-02-06,3 wk ahead inc flu hosp,2023-02-25,32,quantile,0.65,9.6
2023-02-06,3 wk ahead inc flu hosp,2023-02-25,47,quantile,0.65,41.7
2023-02-06,3 wk ahead inc flu hosp,2023-02-25,15,quantile,0.65,15.8
2023-02-06,3 wk ahead inc flu hosp,2023-02-25,18,quantile,0.65,37.2
2023-02-06,3 wk ahead inc flu hosp,2023-02-25,21,quantile,0.65,17.7
2023-02-06,3 wk ahead inc flu hosp,2023-02-25,27,quantile,0.65,25.9
2023-02-06,3 wk ahead inc flu hosp,2023-02-25,40,quantile,0.65,46
2023-02-06,3 wk ahead inc flu hosp,2023-02-25,42,quantile,0.65,57.9
2023-02-06,3 wk ahead inc flu hosp,2023-02-25,45,quantile,0.65,28.6
2023-02-06,3 wk ahead inc flu hosp,2023-02-25,11,quantile,0.65,6
2023-02-06,3 wk ahead inc flu hosp,2023-02-25,20,quantile,0.65,11.9
2023-02-06,3 wk ahead inc flu hosp,2023-02-25,29,quantile,0.65,52.8
2023-02-06,3 wk ahead inc flu hosp,2023-02-25,50,quantile,0.65,3.3
2023-02-06,3 wk ahead inc flu hosp,2023-02-25,51,quantile,0.65,61.4
2023-02-06,3 wk ahead inc flu hosp,2023-02-25,09,quantile,0.65,20.4
2023-02-06,3 wk ahead inc flu hosp,2023-02-25,19,quantile,0.65,13
2023-02-06,3 wk ahead inc flu hosp,2023-02-25,22,quantile,0.65,24.9
2023-02-06,3 wk ahead inc flu hosp,2023-02-25,39,quantile,0.65,83.6
2023-02-06,3 wk ahead inc flu hosp,2023-02-25,26,quantile,0.65,43.5
2023-02-06,3 wk ahead inc flu hosp,2023-02-25,46,quantile,0.65,13.7
2023-02-06,3 wk ahead inc flu hosp,2023-02-25,05,quantile,0.65,19.6
2023-02-06,3 wk ahead inc flu hosp,2023-02-25,10,quantile,0.65,10.8
2023-02-06,3 wk ahead inc flu hosp,2023-02-25,28,quantile,0.65,19.7
2023-02-06,3 wk ahead inc flu hosp,2023-02-25,35,quantile,0.65,14.4
2023-02-06,3 wk ahead inc flu hosp,2023-02-25,38,quantile,0.65,11.7
2023-02-06,3 wk ahead inc flu hosp,2023-02-25,56,quantile,0.65,2.7
2023-02-06,3 wk ahead inc flu hosp,2023-02-25,02,quantile,0.65,7.7
2023-02-06,3 wk ahead inc flu hosp,2023-02-25,23,quantile,0.65,5.8
2023-02-06,3 wk ahead inc flu hosp,2023-02-25,01,quantile,0.65,25.4
2023-02-06,3 wk ahead inc flu hosp,2023-02-25,16,quantile,0.65,6.8
2023-02-06,3 wk ahead inc flu hosp,2023-02-25,30,quantile,0.65,9.5
2023-02-06,3 wk ahead inc flu hosp,2023-02-25,72,quantile,0.65,40
2023-02-06,3 wk ahead inc flu hosp,2023-02-25,78,quantile,0.65,0
2023-02-06,3 wk ahead inc flu hosp,2023-02-25,54,quantile,0.65,17.8
2023-02-06,4 wk ahead inc flu hosp,2023-03-04,53,quantile,0.65,37.4
2023-02-06,4 wk ahead inc flu hosp,2023-03-04,17,quantile,0.65,58.3
2023-02-06,4 wk ahead inc flu hosp,2023-03-04,06,quantile,0.65,198.3
2023-02-06,4 wk ahead inc flu hosp,2023-03-04,04,quantile,0.65,56.1
2023-02-06,4 wk ahead inc flu hosp,2023-03-04,25,quantile,0.65,64.2
2023-02-06,4 wk ahead inc flu hosp,2023-03-04,55,quantile,0.65,36.5
2023-02-06,4 wk ahead inc flu hosp,2023-03-04,48,quantile,0.65,254.2
2023-02-06,4 wk ahead inc flu hosp,2023-03-04,31,quantile,0.65,20.7
2023-02-06,4 wk ahead inc flu hosp,2023-03-04,49,quantile,0.65,12
2023-02-06,4 wk ahead inc flu hosp,2023-03-04,41,quantile,0.65,14.9
2023-02-06,4 wk ahead inc flu hosp,2023-03-04,12,quantile,0.65,223.3
2023-02-06,4 wk ahead inc flu hosp,2023-03-04,36,quantile,0.65,125.1
2023-02-06,4 wk ahead inc flu hosp,2023-03-04,44,quantile,0.65,4.9
2023-02-06,4 wk ahead inc flu hosp,2023-03-04,13,quantile,0.65,115.9
2023-02-06,4 wk ahead inc flu hosp,2023-03-04,33,quantile,0.65,11
2023-02-06,4 wk ahead inc flu hosp,2023-03-04,37,quantile,0.65,64
2023-02-06,4 wk ahead inc flu hosp,2023-03-04,34,quantile,0.65,56.1
2023-02-06,4 wk ahead inc flu hosp,2023-03-04,08,quantile,0.65,43.4
2023-02-06,4 wk ahead inc flu hosp,2023-03-04,24,quantile,0.65,36.2
2023-02-06,4 wk ahead inc flu hosp,2023-03-04,32,quantile,0.65,10.3
2023-02-06,4 wk ahead inc flu hosp,2023-03-04,47,quantile,0.65,46.4
2023-02-06,4 wk ahead inc flu hosp,2023-03-04,15,quantile,0.65,20.1
2023-02-06,4 wk ahead inc flu hosp,2023-03-04,18,quantile,0.65,52.3
2023-02-06,4 wk ahead inc flu hosp,2023-03-04,21,quantile,0.65,15
2023-02-06,4 wk ahead inc flu hosp,2023-03-04,27,quantile,0.65,26.9
2023-02-06,4 wk ahead inc flu hosp,2023-03-04,40,quantile,0.65,53.4
2023-02-06,4 wk ahead inc flu hosp,2023-03-04,42,quantile,0.65,76.2
2023-02-06,4 wk ahead inc flu hosp,2023-03-04,45,quantile,0.65,32.2
2023-02-06,4 wk ahead inc flu hosp,2023-03-04,11,quantile,0.65,6.2
2023-02-06,4 wk ahead inc flu hosp,2023-03-04,20,quantile,0.65,20.7
2023-02-06,4 wk ahead inc flu hosp,2023-03-04,29,quantile,0.65,53.9
2023-02-06,4 wk ahead inc flu hosp,2023-03-04,50,quantile,0.65,3.3
2023-02-06,4 wk ahead inc flu hosp,2023-03-04,51,quantile,0.65,73.2
2023-02-06,4 wk ahead inc flu hosp,2023-03-04,09,quantile,0.65,22.5
2023-02-06,4 wk ahead inc flu hosp,2023-03-04,19,quantile,0.65,35.6
2023-02-06,4 wk ahead inc flu hosp,2023-03-04,22,quantile,0.65,21.8
2023-02-06,4 wk ahead inc flu hosp,2023-03-04,39,quantile,0.65,85.1
2023-02-06,4 wk ahead inc flu hosp,2023-03-04,26,quantile,0.65,62.4
2023-02-06,4 wk ahead inc flu hosp,2023-03-04,46,quantile,0.65,13.2
2023-02-06,4 wk ahead inc flu hosp,2023-03-04,05,quantile,0.65,20.6
2023-02-06,4 wk ahead inc flu hosp,2023-03-04,10,quantile,0.65,9.1
2023-02-06,4 wk ahead inc flu hosp,2023-03-04,28,quantile,0.65,19.2
2023-02-06,4 wk ahead inc flu hosp,2023-03-04,35,quantile,0.65,12.4
2023-02-06,4 wk ahead inc flu hosp,2023-03-04,38,quantile,0.65,8.8
2023-02-06,4 wk ahead inc flu hosp,2023-03-04,56,quantile,0.65,3.5
2023-02-06,4 wk ahead inc flu hosp,2023-03-04,02,quantile,0.65,5.8
2023-02-06,4 wk ahead inc flu hosp,2023-03-04,23,quantile,0.65,11
2023-02-06,4 wk ahead inc flu hosp,2023-03-04,01,quantile,0.65,23.1
2023-02-06,4 wk ahead inc flu hosp,2023-03-04,16,quantile,0.65,11.7
2023-02-06,4 wk ahead inc flu hosp,2023-03-04,30,quantile,0.65,8
2023-02-06,4 wk ahead inc flu hosp,2023-03-04,72,quantile,0.65,46.8
2023-02-06,4 wk ahead inc flu hosp,2023-03-04,78,quantile,0.65,0
2023-02-06,4 wk ahead inc flu hosp,2023-03-04,54,quantile,0.65,16.3
2023-02-06,1 wk ahead inc flu hosp,2023-02-11,53,quantile,0.7,46
2023-02-06,1 wk ahead inc flu hosp,2023-02-11,17,quantile,0.7,55.3
2023-02-06,1 wk ahead inc flu hosp,2023-02-11,06,quantile,0.7,180.3
2023-02-06,1 wk ahead inc flu hosp,2023-02-11,04,quantile,0.7,54.6
2023-02-06,1 wk ahead inc flu hosp,2023-02-11,25,quantile,0.7,62.7
2023-02-06,1 wk ahead inc flu hosp,2023-02-11,55,quantile,0.7,37
2023-02-06,1 wk ahead inc flu hosp,2023-02-11,48,quantile,0.7,419.3
2023-02-06,1 wk ahead inc flu hosp,2023-02-11,31,quantile,0.7,15.7
2023-02-06,1 wk ahead inc flu hosp,2023-02-11,49,quantile,0.7,11.6
2023-02-06,1 wk ahead inc flu hosp,2023-02-11,41,quantile,0.7,15
2023-02-06,1 wk ahead inc flu hosp,2023-02-11,12,quantile,0.7,309.7
2023-02-06,1 wk ahead inc flu hosp,2023-02-11,36,quantile,0.7,128
2023-02-06,1 wk ahead inc flu hosp,2023-02-11,44,quantile,0.7,8.2
2023-02-06,1 wk ahead inc flu hosp,2023-02-11,13,quantile,0.7,140.1
2023-02-06,1 wk ahead inc flu hosp,2023-02-11,33,quantile,0.7,13.8
2023-02-06,1 wk ahead inc flu hosp,2023-02-11,37,quantile,0.7,68.8
2023-02-06,1 wk ahead inc flu hosp,2023-02-11,34,quantile,0.7,48.3
2023-02-06,1 wk ahead inc flu hosp,2023-02-11,08,quantile,0.7,48
2023-02-06,1 wk ahead inc flu hosp,2023-02-11,24,quantile,0.7,44.8
2023-02-06,1 wk ahead inc flu hosp,2023-02-11,32,quantile,0.7,13.1
2023-02-06,1 wk ahead inc flu hosp,2023-02-11,47,quantile,0.7,52.1
2023-02-06,1 wk ahead inc flu hosp,2023-02-11,15,quantile,0.7,13.5
2023-02-06,1 wk ahead inc flu hosp,2023-02-11,18,quantile,0.7,54
2023-02-06,1 wk ahead inc flu hosp,2023-02-11,21,quantile,0.7,20.8
2023-02-06,1 wk ahead inc flu hosp,2023-02-11,27,quantile,0.7,30.9
2023-02-06,1 wk ahead inc flu hosp,2023-02-11,40,quantile,0.7,61.7
2023-02-06,1 wk ahead inc flu hosp,2023-02-11,42,quantile,0.7,107.4
2023-02-06,1 wk ahead inc flu hosp,2023-02-11,45,quantile,0.7,34.5
2023-02-06,1 wk ahead inc flu hosp,2023-02-11,11,quantile,0.7,10.3
2023-02-06,1 wk ahead inc flu hosp,2023-02-11,20,quantile,0.7,15.6
2023-02-06,1 wk ahead inc flu hosp,2023-02-11,29,quantile,0.7,57.2
2023-02-06,1 wk ahead inc flu hosp,2023-02-11,50,quantile,0.7,5.3
2023-02-06,1 wk ahead inc flu hosp,2023-02-11,51,quantile,0.7,77.2
2023-02-06,1 wk ahead inc flu hosp,2023-02-11,09,quantile,0.7,18.8
2023-02-06,1 wk ahead inc flu hosp,2023-02-11,19,quantile,0.7,20.6
2023-02-06,1 wk ahead inc flu hosp,2023-02-11,22,quantile,0.7,34
2023-02-06,1 wk ahead inc flu hosp,2023-02-11,39,quantile,0.7,71
2023-02-06,1 wk ahead inc flu hosp,2023-02-11,26,quantile,0.7,72
2023-02-06,1 wk ahead inc flu hosp,2023-02-11,46,quantile,0.7,20.3
2023-02-06,1 wk ahead inc flu hosp,2023-02-11,05,quantile,0.7,24.4
2023-02-06,1 wk ahead inc flu hosp,2023-02-11,10,quantile,0.7,16.4
2023-02-06,1 wk ahead inc flu hosp,2023-02-11,28,quantile,0.7,31.6
2023-02-06,1 wk ahead inc flu hosp,2023-02-11,35,quantile,0.7,10.8
2023-02-06,1 wk ahead inc flu hosp,2023-02-11,38,quantile,0.7,22.6
2023-02-06,1 wk ahead inc flu hosp,2023-02-11,56,quantile,0.7,3.2
2023-02-06,1 wk ahead inc flu hosp,2023-02-11,02,quantile,0.7,11.1
2023-02-06,1 wk ahead inc flu hosp,2023-02-11,23,quantile,0.7,13.1
2023-02-06,1 wk ahead inc flu hosp,2023-02-11,01,quantile,0.7,36.6
2023-02-06,1 wk ahead inc flu hosp,2023-02-11,16,quantile,0.7,10.4
2023-02-06,1 wk ahead inc flu hosp,2023-02-11,30,quantile,0.7,12.6
2023-02-06,1 wk ahead inc flu hosp,2023-02-11,72,quantile,0.7,50.8
2023-02-06,1 wk ahead inc flu hosp,2023-02-11,78,quantile,0.7,0
2023-02-06,1 wk ahead inc flu hosp,2023-02-11,54,quantile,0.7,28.4
2023-02-06,2 wk ahead inc flu hosp,2023-02-18,53,quantile,0.7,46.6
2023-02-06,2 wk ahead inc flu hosp,2023-02-18,17,quantile,0.7,82.1
2023-02-06,2 wk ahead inc flu hosp,2023-02-18,06,quantile,0.7,167.6
2023-02-06,2 wk ahead inc flu hosp,2023-02-18,04,quantile,0.7,41.8
2023-02-06,2 wk ahead inc flu hosp,2023-02-18,25,quantile,0.7,54.3
2023-02-06,2 wk ahead inc flu hosp,2023-02-18,55,quantile,0.7,35.5
2023-02-06,2 wk ahead inc flu hosp,2023-02-18,48,quantile,0.7,340.6
2023-02-06,2 wk ahead inc flu hosp,2023-02-18,31,quantile,0.7,13.1
2023-02-06,2 wk ahead inc flu hosp,2023-02-18,49,quantile,0.7,9.8
2023-02-06,2 wk ahead inc flu hosp,2023-02-18,41,quantile,0.7,16
2023-02-06,2 wk ahead inc flu hosp,2023-02-18,12,quantile,0.7,247.6
2023-02-06,2 wk ahead inc flu hosp,2023-02-18,36,quantile,0.7,96.3
2023-02-06,2 wk ahead inc flu hosp,2023-02-18,44,quantile,0.7,6.4
2023-02-06,2 wk ahead inc flu hosp,2023-02-18,13,quantile,0.7,135.5
2023-02-06,2 wk ahead inc flu hosp,2023-02-18,33,quantile,0.7,12.2
2023-02-06,2 wk ahead inc flu hosp,2023-02-18,37,quantile,0.7,61.9
2023-02-06,2 wk ahead inc flu hosp,2023-02-18,34,quantile,0.7,41.7
2023-02-06,2 wk ahead inc flu hosp,2023-02-18,08,quantile,0.7,43.7
2023-02-06,2 wk ahead inc flu hosp,2023-02-18,24,quantile,0.7,39.6
2023-02-06,2 wk ahead inc flu hosp,2023-02-18,32,quantile,0.7,11.2
2023-02-06,2 wk ahead inc flu hosp,2023-02-18,47,quantile,0.7,50.2
2023-02-06,2 wk ahead inc flu hosp,2023-02-18,15,quantile,0.7,14
2023-02-06,2 wk ahead inc flu hosp,2023-02-18,18,quantile,0.7,42.6
2023-02-06,2 wk ahead inc flu hosp,2023-02-18,21,quantile,0.7,30.3
2023-02-06,2 wk ahead inc flu hosp,2023-02-18,27,quantile,0.7,28.7
2023-02-06,2 wk ahead inc flu hosp,2023-02-18,40,quantile,0.7,54.2
2023-02-06,2 wk ahead inc flu hosp,2023-02-18,42,quantile,0.7,82.7
2023-02-06,2 wk ahead inc flu hosp,2023-02-18,45,quantile,0.7,34.9
2023-02-06,2 wk ahead inc flu hosp,2023-02-18,11,quantile,0.7,7.9
2023-02-06,2 wk ahead inc flu hosp,2023-02-18,20,quantile,0.7,18.3
2023-02-06,2 wk ahead inc flu hosp,2023-02-18,29,quantile,0.7,56.2
2023-02-06,2 wk ahead inc flu hosp,2023-02-18,50,quantile,0.7,6.1
2023-02-06,2 wk ahead inc flu hosp,2023-02-18,51,quantile,0.7,76.8
2023-02-06,2 wk ahead inc flu hosp,2023-02-18,09,quantile,0.7,26
2023-02-06,2 wk ahead inc flu hosp,2023-02-18,19,quantile,0.7,26.7
2023-02-06,2 wk ahead inc flu hosp,2023-02-18,22,quantile,0.7,35.2
2023-02-06,2 wk ahead inc flu hosp,2023-02-18,39,quantile,0.7,55.9
2023-02-06,2 wk ahead inc flu hosp,2023-02-18,26,quantile,0.7,65.7
2023-02-06,2 wk ahead inc flu hosp,2023-02-18,46,quantile,0.7,21.5
2023-02-06,2 wk ahead inc flu hosp,2023-02-18,05,quantile,0.7,22
2023-02-06,2 wk ahead inc flu hosp,2023-02-18,10,quantile,0.7,16.1
2023-02-06,2 wk ahead inc flu hosp,2023-02-18,28,quantile,0.7,25.3
2023-02-06,2 wk ahead inc flu hosp,2023-02-18,35,quantile,0.7,15.3
2023-02-06,2 wk ahead inc flu hosp,2023-02-18,38,quantile,0.7,13
2023-02-06,2 wk ahead inc flu hosp,2023-02-18,56,quantile,0.7,4.6
2023-02-06,2 wk ahead inc flu hosp,2023-02-18,02,quantile,0.7,10.4
2023-02-06,2 wk ahead inc flu hosp,2023-02-18,23,quantile,0.7,12.3
2023-02-06,2 wk ahead inc flu hosp,2023-02-18,01,quantile,0.7,34.6
2023-02-06,2 wk ahead inc flu hosp,2023-02-18,16,quantile,0.7,13.6
2023-02-06,2 wk ahead inc flu hosp,2023-02-18,30,quantile,0.7,12.5
2023-02-06,2 wk ahead inc flu hosp,2023-02-18,72,quantile,0.7,40.5
2023-02-06,2 wk ahead inc flu hosp,2023-02-18,78,quantile,0.7,0
2023-02-06,2 wk ahead inc flu hosp,2023-02-18,54,quantile,0.7,27.8
2023-02-06,3 wk ahead inc flu hosp,2023-02-25,53,quantile,0.7,54.3
2023-02-06,3 wk ahead inc flu hosp,2023-02-25,17,quantile,0.7,65.8
2023-02-06,3 wk ahead inc flu hosp,2023-02-25,06,quantile,0.7,167.1
2023-02-06,3 wk ahead inc flu hosp,2023-02-25,04,quantile,0.7,52.1
2023-02-06,3 wk ahead inc flu hosp,2023-02-25,25,quantile,0.7,39.6
2023-02-06,3 wk ahead inc flu hosp,2023-02-25,55,quantile,0.7,39.7
2023-02-06,3 wk ahead inc flu hosp,2023-02-25,48,quantile,0.7,317.1
2023-02-06,3 wk ahead inc flu hosp,2023-02-25,31,quantile,0.7,8.7
2023-02-06,3 wk ahead inc flu hosp,2023-02-25,49,quantile,0.7,12
2023-02-06,3 wk ahead inc flu hosp,2023-02-25,41,quantile,0.7,12.7
2023-02-06,3 wk ahead inc flu hosp,2023-02-25,12,quantile,0.7,432.1
2023-02-06,3 wk ahead inc flu hosp,2023-02-25,36,quantile,0.7,119.7
2023-02-06,3 wk ahead inc flu hosp,2023-02-25,44,quantile,0.7,5.7
2023-02-06,3 wk ahead inc flu hosp,2023-02-25,13,quantile,0.7,141.2
2023-02-06,3 wk ahead inc flu hosp,2023-02-25,33,quantile,0.7,7.2
2023-02-06,3 wk ahead inc flu hosp,2023-02-25,37,quantile,0.7,82.3
2023-02-06,3 wk ahead inc flu hosp,2023-02-25,34,quantile,0.7,53.4
2023-02-06,3 wk ahead inc flu hosp,2023-02-25,08,quantile,0.7,49.8
2023-02-06,3 wk ahead inc flu hosp,2023-02-25,24,quantile,0.7,53.3
2023-02-06,3 wk ahead inc flu hosp,2023-02-25,32,quantile,0.7,10.5
2023-02-06,3 wk ahead inc flu hosp,2023-02-25,47,quantile,0.7,46.4
2023-02-06,3 wk ahead inc flu hosp,2023-02-25,15,quantile,0.7,18.1
2023-02-06,3 wk ahead inc flu hosp,2023-02-25,18,quantile,0.7,42.8
2023-02-06,3 wk ahead inc flu hosp,2023-02-25,21,quantile,0.7,19.6
2023-02-06,3 wk ahead inc flu hosp,2023-02-25,27,quantile,0.7,28.5
2023-02-06,3 wk ahead inc flu hosp,2023-02-25,40,quantile,0.7,50.8
2023-02-06,3 wk ahead inc flu hosp,2023-02-25,42,quantile,0.7,66.8
2023-02-06,3 wk ahead inc flu hosp,2023-02-25,45,quantile,0.7,34.4
2023-02-06,3 wk ahead inc flu hosp,2023-02-25,11,quantile,0.7,6.8
2023-02-06,3 wk ahead inc flu hosp,2023-02-25,20,quantile,0.7,14.2
2023-02-06,3 wk ahead inc flu hosp,2023-02-25,29,quantile,0.7,59.2
2023-02-06,3 wk ahead inc flu hosp,2023-02-25,50,quantile,0.7,3.7
2023-02-06,3 wk ahead inc flu hosp,2023-02-25,51,quantile,0.7,68.7
2023-02-06,3 wk ahead inc flu hosp,2023-02-25,09,quantile,0.7,21.2
2023-02-06,3 wk ahead inc flu hosp,2023-02-25,19,quantile,0.7,16.6
2023-02-06,3 wk ahead inc flu hosp,2023-02-25,22,quantile,0.7,27.7
2023-02-06,3 wk ahead inc flu hosp,2023-02-25,39,quantile,0.7,85.8
2023-02-06,3 wk ahead inc flu hosp,2023-02-25,26,quantile,0.7,49
2023-02-06,3 wk ahead inc flu hosp,2023-02-25,46,quantile,0.7,15.4
2023-02-06,3 wk ahead inc flu hosp,2023-02-25,05,quantile,0.7,22.8
2023-02-06,3 wk ahead inc flu hosp,2023-02-25,10,quantile,0.7,11.5
2023-02-06,3 wk ahead inc flu hosp,2023-02-25,28,quantile,0.7,20.9
2023-02-06,3 wk ahead inc flu hosp,2023-02-25,35,quantile,0.7,15.4
2023-02-06,3 wk ahead inc flu hosp,2023-02-25,38,quantile,0.7,12.7
2023-02-06,3 wk ahead inc flu hosp,2023-02-25,56,quantile,0.7,3.4
2023-02-06,3 wk ahead inc flu hosp,2023-02-25,02,quantile,0.7,8
2023-02-06,3 wk ahead inc flu hosp,2023-02-25,23,quantile,0.7,7.2
2023-02-06,3 wk ahead inc flu hosp,2023-02-25,01,quantile,0.7,28.8
2023-02-06,3 wk ahead inc flu hosp,2023-02-25,16,quantile,0.7,8.5
2023-02-06,3 wk ahead inc flu hosp,2023-02-25,30,quantile,0.7,10.2
2023-02-06,3 wk ahead inc flu hosp,2023-02-25,72,quantile,0.7,42.9
2023-02-06,3 wk ahead inc flu hosp,2023-02-25,78,quantile,0.7,0
2023-02-06,3 wk ahead inc flu hosp,2023-02-25,54,quantile,0.7,20.7
2023-02-06,4 wk ahead inc flu hosp,2023-03-04,53,quantile,0.7,40.4
2023-02-06,4 wk ahead inc flu hosp,2023-03-04,17,quantile,0.7,73.9
2023-02-06,4 wk ahead inc flu hosp,2023-03-04,06,quantile,0.7,213.5
2023-02-06,4 wk ahead inc flu hosp,2023-03-04,04,quantile,0.7,59.6
2023-02-06,4 wk ahead inc flu hosp,2023-03-04,25,quantile,0.7,81.1
2023-02-06,4 wk ahead inc flu hosp,2023-03-04,55,quantile,0.7,42.6
2023-02-06,4 wk ahead inc flu hosp,2023-03-04,48,quantile,0.7,280.8
2023-02-06,4 wk ahead inc flu hosp,2023-03-04,31,quantile,0.7,22.8
2023-02-06,4 wk ahead inc flu hosp,2023-03-04,49,quantile,0.7,14.5
2023-02-06,4 wk ahead inc flu hosp,2023-03-04,41,quantile,0.7,17.8
2023-02-06,4 wk ahead inc flu hosp,2023-03-04,12,quantile,0.7,258.7
2023-02-06,4 wk ahead inc flu hosp,2023-03-04,36,quantile,0.7,134.5
2023-02-06,4 wk ahead inc flu hosp,2023-03-04,44,quantile,0.7,5.5
2023-02-06,4 wk ahead inc flu hosp,2023-03-04,13,quantile,0.7,132.8
2023-02-06,4 wk ahead inc flu hosp,2023-03-04,33,quantile,0.7,11.9
2023-02-06,4 wk ahead inc flu hosp,2023-03-04,37,quantile,0.7,71.9
2023-02-06,4 wk ahead inc flu hosp,2023-03-04,34,quantile,0.7,62.8
2023-02-06,4 wk ahead inc flu hosp,2023-03-04,08,quantile,0.7,50
2023-02-06,4 wk ahead inc flu hosp,2023-03-04,24,quantile,0.7,40.1
2023-02-06,4 wk ahead inc flu hosp,2023-03-04,32,quantile,0.7,13.8
2023-02-06,4 wk ahead inc flu hosp,2023-03-04,47,quantile,0.7,52.6
2023-02-06,4 wk ahead inc flu hosp,2023-03-04,15,quantile,0.7,22.2
2023-02-06,4 wk ahead inc flu hosp,2023-03-04,18,quantile,0.7,56.7
2023-02-06,4 wk ahead inc flu hosp,2023-03-04,21,quantile,0.7,17.6
2023-02-06,4 wk ahead inc flu hosp,2023-03-04,27,quantile,0.7,29.4
2023-02-06,4 wk ahead inc flu hosp,2023-03-04,40,quantile,0.7,61.9
2023-02-06,4 wk ahead inc flu hosp,2023-03-04,42,quantile,0.7,89.2
2023-02-06,4 wk ahead inc flu hosp,2023-03-04,45,quantile,0.7,35.6
2023-02-06,4 wk ahead inc flu hosp,2023-03-04,11,quantile,0.7,7.2
2023-02-06,4 wk ahead inc flu hosp,2023-03-04,20,quantile,0.7,23.1
2023-02-06,4 wk ahead inc flu hosp,2023-03-04,29,quantile,0.7,59.3
2023-02-06,4 wk ahead inc flu hosp,2023-03-04,50,quantile,0.7,4
2023-02-06,4 wk ahead inc flu hosp,2023-03-04,51,quantile,0.7,83.4
2023-02-06,4 wk ahead inc flu hosp,2023-03-04,09,quantile,0.7,24.3
2023-02-06,4 wk ahead inc flu hosp,2023-03-04,19,quantile,0.7,40.1
2023-02-06,4 wk ahead inc flu hosp,2023-03-04,22,quantile,0.7,25.4
2023-02-06,4 wk ahead inc flu hosp,2023-03-04,39,quantile,0.7,91.4
2023-02-06,4 wk ahead inc flu hosp,2023-03-04,26,quantile,0.7,69.3
2023-02-06,4 wk ahead inc flu hosp,2023-03-04,46,quantile,0.7,14.9
2023-02-06,4 wk ahead inc flu hosp,2023-03-04,05,quantile,0.7,24.3
2023-02-06,4 wk ahead inc flu hosp,2023-03-04,10,quantile,0.7,10.2
2023-02-06,4 wk ahead inc flu hosp,2023-03-04,28,quantile,0.7,21.2
2023-02-06,4 wk ahead inc flu hosp,2023-03-04,35,quantile,0.7,14.4
2023-02-06,4 wk ahead inc flu hosp,2023-03-04,38,quantile,0.7,9.7
2023-02-06,4 wk ahead inc flu hosp,2023-03-04,56,quantile,0.7,3.8
2023-02-06,4 wk ahead inc flu hosp,2023-03-04,02,quantile,0.7,6.5
2023-02-06,4 wk ahead inc flu hosp,2023-03-04,23,quantile,0.7,12.9
2023-02-06,4 wk ahead inc flu hosp,2023-03-04,01,quantile,0.7,26.1
2023-02-06,4 wk ahead inc flu hosp,2023-03-04,16,quantile,0.7,13.1
2023-02-06,4 wk ahead inc flu hosp,2023-03-04,30,quantile,0.7,9
2023-02-06,4 wk ahead inc flu hosp,2023-03-04,72,quantile,0.7,49.6
2023-02-06,4 wk ahead inc flu hosp,2023-03-04,78,quantile,0.7,0
2023-02-06,4 wk ahead inc flu hosp,2023-03-04,54,quantile,0.7,17.9
2023-02-06,1 wk ahead inc flu hosp,2023-02-11,53,quantile,0.75,50.2
2023-02-06,1 wk ahead inc flu hosp,2023-02-11,17,quantile,0.75,63.6
2023-02-06,1 wk ahead inc flu hosp,2023-02-11,06,quantile,0.75,193.6
2023-02-06,1 wk ahead inc flu hosp,2023-02-11,04,quantile,0.75,58.9
2023-02-06,1 wk ahead inc flu hosp,2023-02-11,25,quantile,0.75,67.7
2023-02-06,1 wk ahead inc flu hosp,2023-02-11,55,quantile,0.75,41
2023-02-06,1 wk ahead inc flu hosp,2023-02-11,48,quantile,0.75,459.7
2023-02-06,1 wk ahead inc flu hosp,2023-02-11,31,quantile,0.75,17.7
2023-02-06,1 wk ahead inc flu hosp,2023-02-11,49,quantile,0.75,13.1
2023-02-06,1 wk ahead inc flu hosp,2023-02-11,41,quantile,0.75,16.8
2023-02-06,1 wk ahead inc flu hosp,2023-02-11,12,quantile,0.75,338.8
2023-02-06,1 wk ahead inc flu hosp,2023-02-11,36,quantile,0.75,136.2
2023-02-06,1 wk ahead inc flu hosp,2023-02-11,44,quantile,0.75,9
2023-02-06,1 wk ahead inc flu hosp,2023-02-11,13,quantile,0.75,147.2
2023-02-06,1 wk ahead inc flu hosp,2023-02-11,33,quantile,0.75,15.6
2023-02-06,1 wk ahead inc flu hosp,2023-02-11,37,quantile,0.75,73.8
2023-02-06,1 wk ahead inc flu hosp,2023-02-11,34,quantile,0.75,52.5
2023-02-06,1 wk ahead inc flu hosp,2023-02-11,08,quantile,0.75,51.1
2023-02-06,1 wk ahead inc flu hosp,2023-02-11,24,quantile,0.75,48.5
2023-02-06,1 wk ahead inc flu hosp,2023-02-11,32,quantile,0.75,14.7
2023-02-06,1 wk ahead inc flu hosp,2023-02-11,47,quantile,0.75,57
2023-02-06,1 wk ahead inc flu hosp,2023-02-11,15,quantile,0.75,14.5
2023-02-06,1 wk ahead inc flu hosp,2023-02-11,18,quantile,0.75,57
2023-02-06,1 wk ahead inc flu hosp,2023-02-11,21,quantile,0.75,23.6
2023-02-06,1 wk ahead inc flu hosp,2023-02-11,27,quantile,0.75,33.2
2023-02-06,1 wk ahead inc flu hosp,2023-02-11,40,quantile,0.75,67.7
2023-02-06,1 wk ahead inc flu hosp,2023-02-11,42,quantile,0.75,120.2
2023-02-06,1 wk ahead inc flu hosp,2023-02-11,45,quantile,0.75,36.7
2023-02-06,1 wk ahead inc flu hosp,2023-02-11,11,quantile,0.75,11.5
2023-02-06,1 wk ahead inc flu hosp,2023-02-11,20,quantile,0.75,17.6
2023-02-06,1 wk ahead inc flu hosp,2023-02-11,29,quantile,0.75,61.8
2023-02-06,1 wk ahead inc flu hosp,2023-02-11,50,quantile,0.75,6.1
2023-02-06,1 wk ahead inc flu hosp,2023-02-11,51,quantile,0.75,80.6
2023-02-06,1 wk ahead inc flu hosp,2023-02-11,09,quantile,0.75,21.2
2023-02-06,1 wk ahead inc flu hosp,2023-02-11,19,quantile,0.75,24
2023-02-06,1 wk ahead inc flu hosp,2023-02-11,22,quantile,0.75,38
2023-02-06,1 wk ahead inc flu hosp,2023-02-11,39,quantile,0.75,83
2023-02-06,1 wk ahead inc flu hosp,2023-02-11,26,quantile,0.75,76.5
2023-02-06,1 wk ahead inc flu hosp,2023-02-11,46,quantile,0.75,21.4
2023-02-06,1 wk ahead inc flu hosp,2023-02-11,05,quantile,0.75,26.1
2023-02-06,1 wk ahead inc flu hosp,2023-02-11,10,quantile,0.75,19.3
2023-02-06,1 wk ahead inc flu hosp,2023-02-11,28,quantile,0.75,34.5
2023-02-06,1 wk ahead inc flu hosp,2023-02-11,35,quantile,0.75,11.9
2023-02-06,1 wk ahead inc flu hosp,2023-02-11,38,quantile,0.75,24.3
2023-02-06,1 wk ahead inc flu hosp,2023-02-11,56,quantile,0.75,3.7
2023-02-06,1 wk ahead inc flu hosp,2023-02-11,02,quantile,0.75,12
2023-02-06,1 wk ahead inc flu hosp,2023-02-11,23,quantile,0.75,14.3
2023-02-06,1 wk ahead inc flu hosp,2023-02-11,01,quantile,0.75,38.3
2023-02-06,1 wk ahead inc flu hosp,2023-02-11,16,quantile,0.75,12.1
2023-02-06,1 wk ahead inc flu hosp,2023-02-11,30,quantile,0.75,14
2023-02-06,1 wk ahead inc flu hosp,2023-02-11,72,quantile,0.75,55.2
2023-02-06,1 wk ahead inc flu hosp,2023-02-11,78,quantile,0.75,0
2023-02-06,1 wk ahead inc flu hosp,2023-02-11,54,quantile,0.75,32
2023-02-06,2 wk ahead inc flu hosp,2023-02-18,53,quantile,0.75,55.2
2023-02-06,2 wk ahead inc flu hosp,2023-02-18,17,quantile,0.75,89.3
2023-02-06,2 wk ahead inc flu hosp,2023-02-18,06,quantile,0.75,195.1
2023-02-06,2 wk ahead inc flu hosp,2023-02-18,04,quantile,0.75,44.9
2023-02-06,2 wk ahead inc flu hosp,2023-02-18,25,quantile,0.75,64.6
2023-02-06,2 wk ahead inc flu hosp,2023-02-18,55,quantile,0.75,41.5
2023-02-06,2 wk ahead inc flu hosp,2023-02-18,48,quantile,0.75,380.2
2023-02-06,2 wk ahead inc flu hosp,2023-02-18,31,quantile,0.75,15.4
2023-02-06,2 wk ahead inc flu hosp,2023-02-18,49,quantile,0.75,11.3
2023-02-06,2 wk ahead inc flu hosp,2023-02-18,41,quantile,0.75,18.1
2023-02-06,2 wk ahead inc flu hosp,2023-02-18,12,quantile,0.75,262.9
2023-02-06,2 wk ahead inc flu hosp,2023-02-18,36,quantile,0.75,103.7
2023-02-06,2 wk ahead inc flu hosp,2023-02-18,44,quantile,0.75,7.4
2023-02-06,2 wk ahead inc flu hosp,2023-02-18,13,quantile,0.75,147.9
2023-02-06,2 wk ahead inc flu hosp,2023-02-18,33,quantile,0.75,14.4
2023-02-06,2 wk ahead inc flu hosp,2023-02-18,37,quantile,0.75,67.3
2023-02-06,2 wk ahead inc flu hosp,2023-02-18,34,quantile,0.75,47.2
2023-02-06,2 wk ahead inc flu hosp,2023-02-18,08,quantile,0.75,49.2
2023-02-06,2 wk ahead inc flu hosp,2023-02-18,24,quantile,0.75,44.6
2023-02-06,2 wk ahead inc flu hosp,2023-02-18,32,quantile,0.75,13
2023-02-06,2 wk ahead inc flu hosp,2023-02-18,47,quantile,0.75,55.5
2023-02-06,2 wk ahead inc flu hosp,2023-02-18,15,quantile,0.75,15.8
2023-02-06,2 wk ahead inc flu hosp,2023-02-18,18,quantile,0.75,47.2
2023-02-06,2 wk ahead inc flu hosp,2023-02-18,21,quantile,0.75,33.5
2023-02-06,2 wk ahead inc flu hosp,2023-02-18,27,quantile,0.75,30.9
2023-02-06,2 wk ahead inc flu hosp,2023-02-18,40,quantile,0.75,60.7
2023-02-06,2 wk ahead inc flu hosp,2023-02-18,42,quantile,0.75,97.2
2023-02-06,2 wk ahead inc flu hosp,2023-02-18,45,quantile,0.75,37.5
2023-02-06,2 wk ahead inc flu hosp,2023-02-18,11,quantile,0.75,9.2
2023-02-06,2 wk ahead inc flu hosp,2023-02-18,20,quantile,0.75,20
2023-02-06,2 wk ahead inc flu hosp,2023-02-18,29,quantile,0.75,60.9
2023-02-06,2 wk ahead inc flu hosp,2023-02-18,50,quantile,0.75,7.4
2023-02-06,2 wk ahead inc flu hosp,2023-02-18,51,quantile,0.75,84.7
2023-02-06,2 wk ahead inc flu hosp,2023-02-18,09,quantile,0.75,29.3
2023-02-06,2 wk ahead inc flu hosp,2023-02-18,19,quantile,0.75,29.8
2023-02-06,2 wk ahead inc flu hosp,2023-02-18,22,quantile,0.75,38.4
2023-02-06,2 wk ahead inc flu hosp,2023-02-18,39,quantile,0.75,64
2023-02-06,2 wk ahead inc flu hosp,2023-02-18,26,quantile,0.75,75.2
2023-02-06,2 wk ahead inc flu hosp,2023-02-18,46,quantile,0.75,25
2023-02-06,2 wk ahead inc flu hosp,2023-02-18,05,quantile,0.75,24.5
2023-02-06,2 wk ahead inc flu hosp,2023-02-18,10,quantile,0.75,18.4
2023-02-06,2 wk ahead inc flu hosp,2023-02-18,28,quantile,0.75,27.7
2023-02-06,2 wk ahead inc flu hosp,2023-02-18,35,quantile,0.75,18.3
2023-02-06,2 wk ahead inc flu hosp,2023-02-18,38,quantile,0.75,14.4
2023-02-06,2 wk ahead inc flu hosp,2023-02-18,56,quantile,0.75,5.2
2023-02-06,2 wk ahead inc flu hosp,2023-02-18,02,quantile,0.75,11.5
2023-02-06,2 wk ahead inc flu hosp,2023-02-18,23,quantile,0.75,13.7
2023-02-06,2 wk ahead inc flu hosp,2023-02-18,01,quantile,0.75,38.6
2023-02-06,2 wk ahead inc flu hosp,2023-02-18,16,quantile,0.75,15.8
2023-02-06,2 wk ahead inc flu hosp,2023-02-18,30,quantile,0.75,14.1
2023-02-06,2 wk ahead inc flu hosp,2023-02-18,72,quantile,0.75,43.7
2023-02-06,2 wk ahead inc flu hosp,2023-02-18,78,quantile,0.75,0
2023-02-06,2 wk ahead inc flu hosp,2023-02-18,54,quantile,0.75,29.3
2023-02-06,3 wk ahead inc flu hosp,2023-02-25,53,quantile,0.75,60.5
2023-02-06,3 wk ahead inc flu hosp,2023-02-25,17,quantile,0.75,74.6
2023-02-06,3 wk ahead inc flu hosp,2023-02-25,06,quantile,0.75,182.9
2023-02-06,3 wk ahead inc flu hosp,2023-02-25,04,quantile,0.75,57.9
2023-02-06,3 wk ahead inc flu hosp,2023-02-25,25,quantile,0.75,45.6
2023-02-06,3 wk ahead inc flu hosp,2023-02-25,55,quantile,0.75,45.5
2023-02-06,3 wk ahead inc flu hosp,2023-02-25,48,quantile,0.75,369.4
2023-02-06,3 wk ahead inc flu hosp,2023-02-25,31,quantile,0.75,10.3
2023-02-06,3 wk ahead inc flu hosp,2023-02-25,49,quantile,0.75,14.1
2023-02-06,3 wk ahead inc flu hosp,2023-02-25,41,quantile,0.75,15.3
2023-02-06,3 wk ahead inc flu hosp,2023-02-25,12,quantile,0.75,447.7
2023-02-06,3 wk ahead inc flu hosp,2023-02-25,36,quantile,0.75,143
2023-02-06,3 wk ahead inc flu hosp,2023-02-25,44,quantile,0.75,6.5
2023-02-06,3 wk ahead inc flu hosp,2023-02-25,13,quantile,0.75,159.6
2023-02-06,3 wk ahead inc flu hosp,2023-02-25,33,quantile,0.75,9
2023-02-06,3 wk ahead inc flu hosp,2023-02-25,37,quantile,0.75,85.9
2023-02-06,3 wk ahead inc flu hosp,2023-02-25,34,quantile,0.75,59.6
2023-02-06,3 wk ahead inc flu hosp,2023-02-25,08,quantile,0.75,56.5
2023-02-06,3 wk ahead inc flu hosp,2023-02-25,24,quantile,0.75,57.5
2023-02-06,3 wk ahead inc flu hosp,2023-02-25,32,quantile,0.75,12.5
2023-02-06,3 wk ahead inc flu hosp,2023-02-25,47,quantile,0.75,53.1
2023-02-06,3 wk ahead inc flu hosp,2023-02-25,15,quantile,0.75,20.1
2023-02-06,3 wk ahead inc flu hosp,2023-02-25,18,quantile,0.75,50.3
2023-02-06,3 wk ahead inc flu hosp,2023-02-25,21,quantile,0.75,22.4
2023-02-06,3 wk ahead inc flu hosp,2023-02-25,27,quantile,0.75,32.4
2023-02-06,3 wk ahead inc flu hosp,2023-02-25,40,quantile,0.75,63.4
2023-02-06,3 wk ahead inc flu hosp,2023-02-25,42,quantile,0.75,80
2023-02-06,3 wk ahead inc flu hosp,2023-02-25,45,quantile,0.75,41.5
2023-02-06,3 wk ahead inc flu hosp,2023-02-25,11,quantile,0.75,7.8
2023-02-06,3 wk ahead inc flu hosp,2023-02-25,20,quantile,0.75,17.4
2023-02-06,3 wk ahead inc flu hosp,2023-02-25,29,quantile,0.75,64.5
2023-02-06,3 wk ahead inc flu hosp,2023-02-25,50,quantile,0.75,4.5
2023-02-06,3 wk ahead inc flu hosp,2023-02-25,51,quantile,0.75,76.8
2023-02-06,3 wk ahead inc flu hosp,2023-02-25,09,quantile,0.75,23.4
2023-02-06,3 wk ahead inc flu hosp,2023-02-25,19,quantile,0.75,20.7
2023-02-06,3 wk ahead inc flu hosp,2023-02-25,22,quantile,0.75,31
2023-02-06,3 wk ahead inc flu hosp,2023-02-25,39,quantile,0.75,93.1
2023-02-06,3 wk ahead inc flu hosp,2023-02-25,26,quantile,0.75,57.4
2023-02-06,3 wk ahead inc flu hosp,2023-02-25,46,quantile,0.75,16.4
2023-02-06,3 wk ahead inc flu hosp,2023-02-25,05,quantile,0.75,26.6
2023-02-06,3 wk ahead inc flu hosp,2023-02-25,10,quantile,0.75,12.5
2023-02-06,3 wk ahead inc flu hosp,2023-02-25,28,quantile,0.75,24
2023-02-06,3 wk ahead inc flu hosp,2023-02-25,35,quantile,0.75,17.5
2023-02-06,3 wk ahead inc flu hosp,2023-02-25,38,quantile,0.75,13.9
2023-02-06,3 wk ahead inc flu hosp,2023-02-25,56,quantile,0.75,4.1
2023-02-06,3 wk ahead inc flu hosp,2023-02-25,02,quantile,0.75,8.6
2023-02-06,3 wk ahead inc flu hosp,2023-02-25,23,quantile,0.75,9.1
2023-02-06,3 wk ahead inc flu hosp,2023-02-25,01,quantile,0.75,32
2023-02-06,3 wk ahead inc flu hosp,2023-02-25,16,quantile,0.75,10.5
2023-02-06,3 wk ahead inc flu hosp,2023-02-25,30,quantile,0.75,11.2
2023-02-06,3 wk ahead inc flu hosp,2023-02-25,72,quantile,0.75,45.6
2023-02-06,3 wk ahead inc flu hosp,2023-02-25,78,quantile,0.75,0
2023-02-06,3 wk ahead inc flu hosp,2023-02-25,54,quantile,0.75,24
2023-02-06,4 wk ahead inc flu hosp,2023-03-04,53,quantile,0.75,47.5
2023-02-06,4 wk ahead inc flu hosp,2023-03-04,17,quantile,0.75,84.5
2023-02-06,4 wk ahead inc flu hosp,2023-03-04,06,quantile,0.75,242.4
2023-02-06,4 wk ahead inc flu hosp,2023-03-04,04,quantile,0.75,68.2
2023-02-06,4 wk ahead inc flu hosp,2023-03-04,25,quantile,0.75,100.1
2023-02-06,4 wk ahead inc flu hosp,2023-03-04,55,quantile,0.75,47.8
2023-02-06,4 wk ahead inc flu hosp,2023-03-04,48,quantile,0.75,318.5
2023-02-06,4 wk ahead inc flu hosp,2023-03-04,31,quantile,0.75,25.3
2023-02-06,4 wk ahead inc flu hosp,2023-03-04,49,quantile,0.75,16.2
2023-02-06,4 wk ahead inc flu hosp,2023-03-04,41,quantile,0.75,20.7
2023-02-06,4 wk ahead inc flu hosp,2023-03-04,12,quantile,0.75,300.9
2023-02-06,4 wk ahead inc flu hosp,2023-03-04,36,quantile,0.75,147.8
2023-02-06,4 wk ahead inc flu hosp,2023-03-04,44,quantile,0.75,6.6
2023-02-06,4 wk ahead inc flu hosp,2023-03-04,13,quantile,0.75,151
2023-02-06,4 wk ahead inc flu hosp,2023-03-04,33,quantile,0.75,13.8
2023-02-06,4 wk ahead inc flu hosp,2023-03-04,37,quantile,0.75,86
2023-02-06,4 wk ahead inc flu hosp,2023-03-04,34,quantile,0.75,69
2023-02-06,4 wk ahead inc flu hosp,2023-03-04,08,quantile,0.75,55.6
2023-02-06,4 wk ahead inc flu hosp,2023-03-04,24,quantile,0.75,45.9
2023-02-06,4 wk ahead inc flu hosp,2023-03-04,32,quantile,0.75,15.9
2023-02-06,4 wk ahead inc flu hosp,2023-03-04,47,quantile,0.75,59.8
2023-02-06,4 wk ahead inc flu hosp,2023-03-04,15,quantile,0.75,23.5
2023-02-06,4 wk ahead inc flu hosp,2023-03-04,18,quantile,0.75,63.1
2023-02-06,4 wk ahead inc flu hosp,2023-03-04,21,quantile,0.75,20
2023-02-06,4 wk ahead inc flu hosp,2023-03-04,27,quantile,0.75,31.8
2023-02-06,4 wk ahead inc flu hosp,2023-03-04,40,quantile,0.75,72.1
2023-02-06,4 wk ahead inc flu hosp,2023-03-04,42,quantile,0.75,99
2023-02-06,4 wk ahead inc flu hosp,2023-03-04,45,quantile,0.75,41.3
2023-02-06,4 wk ahead inc flu hosp,2023-03-04,11,quantile,0.75,8
2023-02-06,4 wk ahead inc flu hosp,2023-03-04,20,quantile,0.75,26.6
2023-02-06,4 wk ahead inc flu hosp,2023-03-04,29,quantile,0.75,68.2
2023-02-06,4 wk ahead inc flu hosp,2023-03-04,50,quantile,0.75,4.8
2023-02-06,4 wk ahead inc flu hosp,2023-03-04,51,quantile,0.75,91.6
2023-02-06,4 wk ahead inc flu hosp,2023-03-04,09,quantile,0.75,26.8
2023-02-06,4 wk ahead inc flu hosp,2023-03-04,19,quantile,0.75,45.1
2023-02-06,4 wk ahead inc flu hosp,2023-03-04,22,quantile,0.75,28.8
2023-02-06,4 wk ahead inc flu hosp,2023-03-04,39,quantile,0.75,102.2
2023-02-06,4 wk ahead inc flu hosp,2023-03-04,26,quantile,0.75,78.1
2023-02-06,4 wk ahead inc flu hosp,2023-03-04,46,quantile,0.75,16
2023-02-06,4 wk ahead inc flu hosp,2023-03-04,05,quantile,0.75,28.7
2023-02-06,4 wk ahead inc flu hosp,2023-03-04,10,quantile,0.75,11
2023-02-06,4 wk ahead inc flu hosp,2023-03-04,28,quantile,0.75,22.7
2023-02-06,4 wk ahead inc flu hosp,2023-03-04,35,quantile,0.75,16.7
2023-02-06,4 wk ahead inc flu hosp,2023-03-04,38,quantile,0.75,11.6
2023-02-06,4 wk ahead inc flu hosp,2023-03-04,56,quantile,0.75,4.8
2023-02-06,4 wk ahead inc flu hosp,2023-03-04,02,quantile,0.75,7.7
2023-02-06,4 wk ahead inc flu hosp,2023-03-04,23,quantile,0.75,14.5
2023-02-06,4 wk ahead inc flu hosp,2023-03-04,01,quantile,0.75,30.3
2023-02-06,4 wk ahead inc flu hosp,2023-03-04,16,quantile,0.75,14.6
2023-02-06,4 wk ahead inc flu hosp,2023-03-04,30,quantile,0.75,10.5
2023-02-06,4 wk ahead inc flu hosp,2023-03-04,72,quantile,0.75,56.3
2023-02-06,4 wk ahead inc flu hosp,2023-03-04,78,quantile,0.75,0
2023-02-06,4 wk ahead inc flu hosp,2023-03-04,54,quantile,0.75,19.8
2023-02-06,1 wk ahead inc flu hosp,2023-02-11,53,quantile,0.8,56.5
2023-02-06,1 wk ahead inc flu hosp,2023-02-11,17,quantile,0.8,72.7
2023-02-06,1 wk ahead inc flu hosp,2023-02-11,06,quantile,0.8,209.8
2023-02-06,1 wk ahead inc flu hosp,2023-02-11,04,quantile,0.8,65.4
2023-02-06,1 wk ahead inc flu hosp,2023-02-11,25,quantile,0.8,76.4
2023-02-06,1 wk ahead inc flu hosp,2023-02-11,55,quantile,0.8,45.4
2023-02-06,1 wk ahead inc flu hosp,2023-02-11,48,quantile,0.8,500.5
2023-02-06,1 wk ahead inc flu hosp,2023-02-11,31,quantile,0.8,19.8
2023-02-06,1 wk ahead inc flu hosp,2023-02-11,49,quantile,0.8,14.8
2023-02-06,1 wk ahead inc flu hosp,2023-02-11,41,quantile,0.8,19.5
2023-02-06,1 wk ahead inc flu hosp,2023-02-11,12,quantile,0.8,388
2023-02-06,1 wk ahead inc flu hosp,2023-02-11,36,quantile,0.8,153.2
2023-02-06,1 wk ahead inc flu hosp,2023-02-11,44,quantile,0.8,10.2
2023-02-06,1 wk ahead inc flu hosp,2023-02-11,13,quantile,0.8,168
2023-02-06,1 wk ahead inc flu hosp,2023-02-11,33,quantile,0.8,19.1
2023-02-06,1 wk ahead inc flu hosp,2023-02-11,37,quantile,0.8,81.9
2023-02-06,1 wk ahead inc flu hosp,2023-02-11,34,quantile,0.8,60.8
2023-02-06,1 wk ahead inc flu hosp,2023-02-11,08,quantile,0.8,55.5
2023-02-06,1 wk ahead inc flu hosp,2023-02-11,24,quantile,0.8,54.4
2023-02-06,1 wk ahead inc flu hosp,2023-02-11,32,quantile,0.8,16.8
2023-02-06,1 wk ahead inc flu hosp,2023-02-11,47,quantile,0.8,61.7
2023-02-06,1 wk ahead inc flu hosp,2023-02-11,15,quantile,0.8,16.6
2023-02-06,1 wk ahead inc flu hosp,2023-02-11,18,quantile,0.8,63.5
2023-02-06,1 wk ahead inc flu hosp,2023-02-11,21,quantile,0.8,27.1
2023-02-06,1 wk ahead inc flu hosp,2023-02-11,27,quantile,0.8,35.8
2023-02-06,1 wk ahead inc flu hosp,2023-02-11,40,quantile,0.8,75.6
2023-02-06,1 wk ahead inc flu hosp,2023-02-11,42,quantile,0.8,129.7
2023-02-06,1 wk ahead inc flu hosp,2023-02-11,45,quantile,0.8,39.9
2023-02-06,1 wk ahead inc flu hosp,2023-02-11,11,quantile,0.8,12.9
2023-02-06,1 wk ahead inc flu hosp,2023-02-11,20,quantile,0.8,19.5
2023-02-06,1 wk ahead inc flu hosp,2023-02-11,29,quantile,0.8,67.6
2023-02-06,1 wk ahead inc flu hosp,2023-02-11,50,quantile,0.8,7
2023-02-06,1 wk ahead inc flu hosp,2023-02-11,51,quantile,0.8,88.5
2023-02-06,1 wk ahead inc flu hosp,2023-02-11,09,quantile,0.8,24.7
2023-02-06,1 wk ahead inc flu hosp,2023-02-11,19,quantile,0.8,26.9
2023-02-06,1 wk ahead inc flu hosp,2023-02-11,22,quantile,0.8,41.2
2023-02-06,1 wk ahead inc flu hosp,2023-02-11,39,quantile,0.8,94.3
2023-02-06,1 wk ahead inc flu hosp,2023-02-11,26,quantile,0.8,82.2
2023-02-06,1 wk ahead inc flu hosp,2023-02-11,46,quantile,0.8,23
2023-02-06,1 wk ahead inc flu hosp,2023-02-11,05,quantile,0.8,30.2
2023-02-06,1 wk ahead inc flu hosp,2023-02-11,10,quantile,0.8,21.5
2023-02-06,1 wk ahead inc flu hosp,2023-02-11,28,quantile,0.8,39.4
2023-02-06,1 wk ahead inc flu hosp,2023-02-11,35,quantile,0.8,14.5
2023-02-06,1 wk ahead inc flu hosp,2023-02-11,38,quantile,0.8,26.3
2023-02-06,1 wk ahead inc flu hosp,2023-02-11,56,quantile,0.8,4.7
2023-02-06,1 wk ahead inc flu hosp,2023-02-11,02,quantile,0.8,13.9
2023-02-06,1 wk ahead inc flu hosp,2023-02-11,23,quantile,0.8,15.7
2023-02-06,1 wk ahead inc flu hosp,2023-02-11,01,quantile,0.8,40.6
2023-02-06,1 wk ahead inc flu hosp,2023-02-11,16,quantile,0.8,14.5
2023-02-06,1 wk ahead inc flu hosp,2023-02-11,30,quantile,0.8,15.5
2023-02-06,1 wk ahead inc flu hosp,2023-02-11,72,quantile,0.8,60.1
2023-02-06,1 wk ahead inc flu hosp,2023-02-11,78,quantile,0.8,0
2023-02-06,1 wk ahead inc flu hosp,2023-02-11,54,quantile,0.8,35.2
2023-02-06,2 wk ahead inc flu hosp,2023-02-18,53,quantile,0.8,62.5
2023-02-06,2 wk ahead inc flu hosp,2023-02-18,17,quantile,0.8,108.4
2023-02-06,2 wk ahead inc flu hosp,2023-02-18,06,quantile,0.8,218.4
2023-02-06,2 wk ahead inc flu hosp,2023-02-18,04,quantile,0.8,50.5
2023-02-06,2 wk ahead inc flu hosp,2023-02-18,25,quantile,0.8,73.4
2023-02-06,2 wk ahead inc flu hosp,2023-02-18,55,quantile,0.8,46.8
2023-02-06,2 wk ahead inc flu hosp,2023-02-18,48,quantile,0.8,417.8
2023-02-06,2 wk ahead inc flu hosp,2023-02-18,31,quantile,0.8,18.2
2023-02-06,2 wk ahead inc flu hosp,2023-02-18,49,quantile,0.8,13.3
2023-02-06,2 wk ahead inc flu hosp,2023-02-18,41,quantile,0.8,20.5
2023-02-06,2 wk ahead inc flu hosp,2023-02-18,12,quantile,0.8,283
2023-02-06,2 wk ahead inc flu hosp,2023-02-18,36,quantile,0.8,123.2
2023-02-06,2 wk ahead inc flu hosp,2023-02-18,44,quantile,0.8,8.5
2023-02-06,2 wk ahead inc flu hosp,2023-02-18,13,quantile,0.8,154.4
2023-02-06,2 wk ahead inc flu hosp,2023-02-18,33,quantile,0.8,17.5
2023-02-06,2 wk ahead inc flu hosp,2023-02-18,37,quantile,0.8,73.9
2023-02-06,2 wk ahead inc flu hosp,2023-02-18,34,quantile,0.8,55.4
2023-02-06,2 wk ahead inc flu hosp,2023-02-18,08,quantile,0.8,57.5
2023-02-06,2 wk ahead inc flu hosp,2023-02-18,24,quantile,0.8,50.3
2023-02-06,2 wk ahead inc flu hosp,2023-02-18,32,quantile,0.8,15.7
2023-02-06,2 wk ahead inc flu hosp,2023-02-18,47,quantile,0.8,62
2023-02-06,2 wk ahead inc flu hosp,2023-02-18,15,quantile,0.8,17.9
2023-02-06,2 wk ahead inc flu hosp,2023-02-18,18,quantile,0.8,56.4
2023-02-06,2 wk ahead inc flu hosp,2023-02-18,21,quantile,0.8,39.6
2023-02-06,2 wk ahead inc flu hosp,2023-02-18,27,quantile,0.8,34
2023-02-06,2 wk ahead inc flu hosp,2023-02-18,40,quantile,0.8,71.2
2023-02-06,2 wk ahead inc flu hosp,2023-02-18,42,quantile,0.8,111.4
2023-02-06,2 wk ahead inc flu hosp,2023-02-18,45,quantile,0.8,43
2023-02-06,2 wk ahead inc flu hosp,2023-02-18,11,quantile,0.8,9.9
2023-02-06,2 wk ahead inc flu hosp,2023-02-18,20,quantile,0.8,23.1
2023-02-06,2 wk ahead inc flu hosp,2023-02-18,29,quantile,0.8,73
2023-02-06,2 wk ahead inc flu hosp,2023-02-18,50,quantile,0.8,8.7
2023-02-06,2 wk ahead inc flu hosp,2023-02-18,51,quantile,0.8,95.5
2023-02-06,2 wk ahead inc flu hosp,2023-02-18,09,quantile,0.8,33.2
2023-02-06,2 wk ahead inc flu hosp,2023-02-18,19,quantile,0.8,35.7
2023-02-06,2 wk ahead inc flu hosp,2023-02-18,22,quantile,0.8,43.3
2023-02-06,2 wk ahead inc flu hosp,2023-02-18,39,quantile,0.8,73
2023-02-06,2 wk ahead inc flu hosp,2023-02-18,26,quantile,0.8,87.7
2023-02-06,2 wk ahead inc flu hosp,2023-02-18,46,quantile,0.8,26.4
2023-02-06,2 wk ahead inc flu hosp,2023-02-18,05,quantile,0.8,28.2
2023-02-06,2 wk ahead inc flu hosp,2023-02-18,10,quantile,0.8,20.1
2023-02-06,2 wk ahead inc flu hosp,2023-02-18,28,quantile,0.8,30.5
2023-02-06,2 wk ahead inc flu hosp,2023-02-18,35,quantile,0.8,20.6
2023-02-06,2 wk ahead inc flu hosp,2023-02-18,38,quantile,0.8,15.9
2023-02-06,2 wk ahead inc flu hosp,2023-02-18,56,quantile,0.8,5.6
2023-02-06,2 wk ahead inc flu hosp,2023-02-18,02,quantile,0.8,12.2
2023-02-06,2 wk ahead inc flu hosp,2023-02-18,23,quantile,0.8,15.5
2023-02-06,2 wk ahead inc flu hosp,2023-02-18,01,quantile,0.8,44.4
2023-02-06,2 wk ahead inc flu hosp,2023-02-18,16,quantile,0.8,19.1
2023-02-06,2 wk ahead inc flu hosp,2023-02-18,30,quantile,0.8,17.3
2023-02-06,2 wk ahead inc flu hosp,2023-02-18,72,quantile,0.8,49.5
2023-02-06,2 wk ahead inc flu hosp,2023-02-18,78,quantile,0.8,0
2023-02-06,2 wk ahead inc flu hosp,2023-02-18,54,quantile,0.8,32.2
2023-02-06,3 wk ahead inc flu hosp,2023-02-25,53,quantile,0.8,65.8
2023-02-06,3 wk ahead inc flu hosp,2023-02-25,17,quantile,0.8,87.2
2023-02-06,3 wk ahead inc flu hosp,2023-02-25,06,quantile,0.8,192.9
2023-02-06,3 wk ahead inc flu hosp,2023-02-25,04,quantile,0.8,61.5
2023-02-06,3 wk ahead inc flu hosp,2023-02-25,25,quantile,0.8,53
2023-02-06,3 wk ahead inc flu hosp,2023-02-25,55,quantile,0.8,55.2
2023-02-06,3 wk ahead inc flu hosp,2023-02-25,48,quantile,0.8,431.6
2023-02-06,3 wk ahead inc flu hosp,2023-02-25,31,quantile,0.8,12.1
2023-02-06,3 wk ahead inc flu hosp,2023-02-25,49,quantile,0.8,15.6
2023-02-06,3 wk ahead inc flu hosp,2023-02-25,41,quantile,0.8,18.5
2023-02-06,3 wk ahead inc flu hosp,2023-02-25,12,quantile,0.8,507.5
2023-02-06,3 wk ahead inc flu hosp,2023-02-25,36,quantile,0.8,159.2
2023-02-06,3 wk ahead inc flu hosp,2023-02-25,44,quantile,0.8,7.6
2023-02-06,3 wk ahead inc flu hosp,2023-02-25,13,quantile,0.8,172.8
2023-02-06,3 wk ahead inc flu hosp,2023-02-25,33,quantile,0.8,10.4
2023-02-06,3 wk ahead inc flu hosp,2023-02-25,37,quantile,0.8,90.8
2023-02-06,3 wk ahead inc flu hosp,2023-02-25,34,quantile,0.8,65.8
2023-02-06,3 wk ahead inc flu hosp,2023-02-25,08,quantile,0.8,65.4
2023-02-06,3 wk ahead inc flu hosp,2023-02-25,24,quantile,0.8,61.7
2023-02-06,3 wk ahead inc flu hosp,2023-02-25,32,quantile,0.8,14.6
2023-02-06,3 wk ahead inc flu hosp,2023-02-25,47,quantile,0.8,59.7
2023-02-06,3 wk ahead inc flu hosp,2023-02-25,15,quantile,0.8,21.7
2023-02-06,3 wk ahead inc flu hosp,2023-02-25,18,quantile,0.8,57.2
2023-02-06,3 wk ahead inc flu hosp,2023-02-25,21,quantile,0.8,25.2
2023-02-06,3 wk ahead inc flu hosp,2023-02-25,27,quantile,0.8,37.2
2023-02-06,3 wk ahead inc flu hosp,2023-02-25,40,quantile,0.8,71.1
2023-02-06,3 wk ahead inc flu hosp,2023-02-25,42,quantile,0.8,90.3
2023-02-06,3 wk ahead inc flu hosp,2023-02-25,45,quantile,0.8,51.8
2023-02-06,3 wk ahead inc flu hosp,2023-02-25,11,quantile,0.8,8.6
2023-02-06,3 wk ahead inc flu hosp,2023-02-25,20,quantile,0.8,23
2023-02-06,3 wk ahead inc flu hosp,2023-02-25,29,quantile,0.8,72.4
2023-02-06,3 wk ahead inc flu hosp,2023-02-25,50,quantile,0.8,5.9
2023-02-06,3 wk ahead inc flu hosp,2023-02-25,51,quantile,0.8,86.5
2023-02-06,3 wk ahead inc flu hosp,2023-02-25,09,quantile,0.8,27.6
2023-02-06,3 wk ahead inc flu hosp,2023-02-25,19,quantile,0.8,23.6
2023-02-06,3 wk ahead inc flu hosp,2023-02-25,22,quantile,0.8,34.4
2023-02-06,3 wk ahead inc flu hosp,2023-02-25,39,quantile,0.8,100.2
2023-02-06,3 wk ahead inc flu hosp,2023-02-25,26,quantile,0.8,69
2023-02-06,3 wk ahead inc flu hosp,2023-02-25,46,quantile,0.8,18.4
2023-02-06,3 wk ahead inc flu hosp,2023-02-25,05,quantile,0.8,31.5
2023-02-06,3 wk ahead inc flu hosp,2023-02-25,10,quantile,0.8,13.9
2023-02-06,3 wk ahead inc flu hosp,2023-02-25,28,quantile,0.8,26.8
2023-02-06,3 wk ahead inc flu hosp,2023-02-25,35,quantile,0.8,20.1
2023-02-06,3 wk ahead inc flu hosp,2023-02-25,38,quantile,0.8,15.7
2023-02-06,3 wk ahead inc flu hosp,2023-02-25,56,quantile,0.8,5.4
2023-02-06,3 wk ahead inc flu hosp,2023-02-25,02,quantile,0.8,9.2
2023-02-06,3 wk ahead inc flu hosp,2023-02-25,23,quantile,0.8,10.7
2023-02-06,3 wk ahead inc flu hosp,2023-02-25,01,quantile,0.8,36.6
2023-02-06,3 wk ahead inc flu hosp,2023-02-25,16,quantile,0.8,12.9
2023-02-06,3 wk ahead inc flu hosp,2023-02-25,30,quantile,0.8,12.3
2023-02-06,3 wk ahead inc flu hosp,2023-02-25,72,quantile,0.8,48.7
2023-02-06,3 wk ahead inc flu hosp,2023-02-25,78,quantile,0.8,0
2023-02-06,3 wk ahead inc flu hosp,2023-02-25,54,quantile,0.8,27.5
2023-02-06,4 wk ahead inc flu hosp,2023-03-04,53,quantile,0.8,52.4
2023-02-06,4 wk ahead inc flu hosp,2023-03-04,17,quantile,0.8,105.9
2023-02-06,4 wk ahead inc flu hosp,2023-03-04,06,quantile,0.8,256
2023-02-06,4 wk ahead inc flu hosp,2023-03-04,04,quantile,0.8,76.5
2023-02-06,4 wk ahead inc flu hosp,2023-03-04,25,quantile,0.8,125
2023-02-06,4 wk ahead inc flu hosp,2023-03-04,55,quantile,0.8,55.9
2023-02-06,4 wk ahead inc flu hosp,2023-03-04,48,quantile,0.8,356.6
2023-02-06,4 wk ahead inc flu hosp,2023-03-04,31,quantile,0.8,29.1
2023-02-06,4 wk ahead inc flu hosp,2023-03-04,49,quantile,0.8,17.5
2023-02-06,4 wk ahead inc flu hosp,2023-03-04,41,quantile,0.8,25.2
2023-02-06,4 wk ahead inc flu hosp,2023-03-04,12,quantile,0.8,375.8
2023-02-06,4 wk ahead inc flu hosp,2023-03-04,36,quantile,0.8,160
2023-02-06,4 wk ahead inc flu hosp,2023-03-04,44,quantile,0.8,7.8
2023-02-06,4 wk ahead inc flu hosp,2023-03-04,13,quantile,0.8,173.5
2023-02-06,4 wk ahead inc flu hosp,2023-03-04,33,quantile,0.8,16
2023-02-06,4 wk ahead inc flu hosp,2023-03-04,37,quantile,0.8,93.2
2023-02-06,4 wk ahead inc flu hosp,2023-03-04,34,quantile,0.8,78.1
2023-02-06,4 wk ahead inc flu hosp,2023-03-04,08,quantile,0.8,61.7
2023-02-06,4 wk ahead inc flu hosp,2023-03-04,24,quantile,0.8,49
2023-02-06,4 wk ahead inc flu hosp,2023-03-04,32,quantile,0.8,20.2
2023-02-06,4 wk ahead inc flu hosp,2023-03-04,47,quantile,0.8,74
2023-02-06,4 wk ahead inc flu hosp,2023-03-04,15,quantile,0.8,25.9
2023-02-06,4 wk ahead inc flu hosp,2023-03-04,18,quantile,0.8,70.9
2023-02-06,4 wk ahead inc flu hosp,2023-03-04,21,quantile,0.8,22.9
2023-02-06,4 wk ahead inc flu hosp,2023-03-04,27,quantile,0.8,35.3
2023-02-06,4 wk ahead inc flu hosp,2023-03-04,40,quantile,0.8,77.2
2023-02-06,4 wk ahead inc flu hosp,2023-03-04,42,quantile,0.8,112.1
2023-02-06,4 wk ahead inc flu hosp,2023-03-04,45,quantile,0.8,48.8
2023-02-06,4 wk ahead inc flu hosp,2023-03-04,11,quantile,0.8,8.7
2023-02-06,4 wk ahead inc flu hosp,2023-03-04,20,quantile,0.8,28.7
2023-02-06,4 wk ahead inc flu hosp,2023-03-04,29,quantile,0.8,78.6
2023-02-06,4 wk ahead inc flu hosp,2023-03-04,50,quantile,0.8,5.3
2023-02-06,4 wk ahead inc flu hosp,2023-03-04,51,quantile,0.8,105.7
2023-02-06,4 wk ahead inc flu hosp,2023-03-04,09,quantile,0.8,31.5
2023-02-06,4 wk ahead inc flu hosp,2023-03-04,19,quantile,0.8,48.6
2023-02-06,4 wk ahead inc flu hosp,2023-03-04,22,quantile,0.8,33.7
2023-02-06,4 wk ahead inc flu hosp,2023-03-04,39,quantile,0.8,108.3
2023-02-06,4 wk ahead inc flu hosp,2023-03-04,26,quantile,0.8,88.9
2023-02-06,4 wk ahead inc flu hosp,2023-03-04,46,quantile,0.8,18.5
2023-02-06,4 wk ahead inc flu hosp,2023-03-04,05,quantile,0.8,34.4
2023-02-06,4 wk ahead inc flu hosp,2023-03-04,10,quantile,0.8,12.7
2023-02-06,4 wk ahead inc flu hosp,2023-03-04,28,quantile,0.8,26.2
2023-02-06,4 wk ahead inc flu hosp,2023-03-04,35,quantile,0.8,18.4
2023-02-06,4 wk ahead inc flu hosp,2023-03-04,38,quantile,0.8,13.4
2023-02-06,4 wk ahead inc flu hosp,2023-03-04,56,quantile,0.8,5.9
2023-02-06,4 wk ahead inc flu hosp,2023-03-04,02,quantile,0.8,8.5
2023-02-06,4 wk ahead inc flu hosp,2023-03-04,23,quantile,0.8,17.3
2023-02-06,4 wk ahead inc flu hosp,2023-03-04,01,quantile,0.8,35
2023-02-06,4 wk ahead inc flu hosp,2023-03-04,16,quantile,0.8,16.3
2023-02-06,4 wk ahead inc flu hosp,2023-03-04,30,quantile,0.8,11.7
2023-02-06,4 wk ahead inc flu hosp,2023-03-04,72,quantile,0.8,64.6
2023-02-06,4 wk ahead inc flu hosp,2023-03-04,78,quantile,0.8,0
2023-02-06,4 wk ahead inc flu hosp,2023-03-04,54,quantile,0.8,22.1
2023-02-06,1 wk ahead inc flu hosp,2023-02-11,53,quantile,0.85,62.1
2023-02-06,1 wk ahead inc flu hosp,2023-02-11,17,quantile,0.85,86.1
2023-02-06,1 wk ahead inc flu hosp,2023-02-11,06,quantile,0.85,235.1
2023-02-06,1 wk ahead inc flu hosp,2023-02-11,04,quantile,0.85,74.9
2023-02-06,1 wk ahead inc flu hosp,2023-02-11,25,quantile,0.85,87.6
2023-02-06,1 wk ahead inc flu hosp,2023-02-11,55,quantile,0.85,52
2023-02-06,1 wk ahead inc flu hosp,2023-02-11,48,quantile,0.85,533.3
2023-02-06,1 wk ahead inc flu hosp,2023-02-11,31,quantile,0.85,23.1
2023-02-06,1 wk ahead inc flu hosp,2023-02-11,49,quantile,0.85,16.1
2023-02-06,1 wk ahead inc flu hosp,2023-02-11,41,quantile,0.85,21.4
2023-02-06,1 wk ahead inc flu hosp,2023-02-11,12,quantile,0.85,442.7
2023-02-06,1 wk ahead inc flu hosp,2023-02-11,36,quantile,0.85,178.7
2023-02-06,1 wk ahead inc flu hosp,2023-02-11,44,quantile,0.85,11.4
2023-02-06,1 wk ahead inc flu hosp,2023-02-11,13,quantile,0.85,180.2
2023-02-06,1 wk ahead inc flu hosp,2023-02-11,33,quantile,0.85,22.5
2023-02-06,1 wk ahead inc flu hosp,2023-02-11,37,quantile,0.85,89.9
2023-02-06,1 wk ahead inc flu hosp,2023-02-11,34,quantile,0.85,70.1
2023-02-06,1 wk ahead inc flu hosp,2023-02-11,08,quantile,0.85,65.6
2023-02-06,1 wk ahead inc flu hosp,2023-02-11,24,quantile,0.85,61.4
2023-02-06,1 wk ahead inc flu hosp,2023-02-11,32,quantile,0.85,19.6
2023-02-06,1 wk ahead inc flu hosp,2023-02-11,47,quantile,0.85,70.2
2023-02-06,1 wk ahead inc flu hosp,2023-02-11,15,quantile,0.85,17.3
2023-02-06,1 wk ahead inc flu hosp,2023-02-11,18,quantile,0.85,68.6
2023-02-06,1 wk ahead inc flu hosp,2023-02-11,21,quantile,0.85,29.9
2023-02-06,1 wk ahead inc flu hosp,2023-02-11,27,quantile,0.85,41.5
2023-02-06,1 wk ahead inc flu hosp,2023-02-11,40,quantile,0.85,83.3
2023-02-06,1 wk ahead inc flu hosp,2023-02-11,42,quantile,0.85,148.1
2023-02-06,1 wk ahead inc flu hosp,2023-02-11,45,quantile,0.85,44.2
2023-02-06,1 wk ahead inc flu hosp,2023-02-11,11,quantile,0.85,13.8
2023-02-06,1 wk ahead inc flu hosp,2023-02-11,20,quantile,0.85,22.4
2023-02-06,1 wk ahead inc flu hosp,2023-02-11,29,quantile,0.85,74.7
2023-02-06,1 wk ahead inc flu hosp,2023-02-11,50,quantile,0.85,8.4
2023-02-06,1 wk ahead inc flu hosp,2023-02-11,51,quantile,0.85,96.2
2023-02-06,1 wk ahead inc flu hosp,2023-02-11,09,quantile,0.85,29.3
2023-02-06,1 wk ahead inc flu hosp,2023-02-11,19,quantile,0.85,32.9
2023-02-06,1 wk ahead inc flu hosp,2023-02-11,22,quantile,0.85,46
2023-02-06,1 wk ahead inc flu hosp,2023-02-11,39,quantile,0.85,122.6
2023-02-06,1 wk ahead inc flu hosp,2023-02-11,26,quantile,0.85,94.8
2023-02-06,1 wk ahead inc flu hosp,2023-02-11,46,quantile,0.85,25.2
2023-02-06,1 wk ahead inc flu hosp,2023-02-11,05,quantile,0.85,34.2
2023-02-06,1 wk ahead inc flu hosp,2023-02-11,10,quantile,0.85,23.1
2023-02-06,1 wk ahead inc flu hosp,2023-02-11,28,quantile,0.85,44
2023-02-06,1 wk ahead inc flu hosp,2023-02-11,35,quantile,0.85,17.3
2023-02-06,1 wk ahead inc flu hosp,2023-02-11,38,quantile,0.85,28.4
2023-02-06,1 wk ahead inc flu hosp,2023-02-11,56,quantile,0.85,5.9
2023-02-06,1 wk ahead inc flu hosp,2023-02-11,02,quantile,0.85,15.3
2023-02-06,1 wk ahead inc flu hosp,2023-02-11,23,quantile,0.85,17.7
2023-02-06,1 wk ahead inc flu hosp,2023-02-11,01,quantile,0.85,43.2
2023-02-06,1 wk ahead inc flu hosp,2023-02-11,16,quantile,0.85,16.3
2023-02-06,1 wk ahead inc flu hosp,2023-02-11,30,quantile,0.85,16.9
2023-02-06,1 wk ahead inc flu hosp,2023-02-11,72,quantile,0.85,64.7
2023-02-06,1 wk ahead inc flu hosp,2023-02-11,78,quantile,0.85,0
2023-02-06,1 wk ahead inc flu hosp,2023-02-11,54,quantile,0.85,38.7
2023-02-06,2 wk ahead inc flu hosp,2023-02-18,53,quantile,0.85,77
2023-02-06,2 wk ahead inc flu hosp,2023-02-18,17,quantile,0.85,128.4
2023-02-06,2 wk ahead inc flu hosp,2023-02-18,06,quantile,0.85,243.2
2023-02-06,2 wk ahead inc flu hosp,2023-02-18,04,quantile,0.85,62.6
2023-02-06,2 wk ahead inc flu hosp,2023-02-18,25,quantile,0.85,85.6
2023-02-06,2 wk ahead inc flu hosp,2023-02-18,55,quantile,0.85,53.1
2023-02-06,2 wk ahead inc flu hosp,2023-02-18,48,quantile,0.85,479.4
2023-02-06,2 wk ahead inc flu hosp,2023-02-18,31,quantile,0.85,21.5
2023-02-06,2 wk ahead inc flu hosp,2023-02-18,49,quantile,0.85,15.9
2023-02-06,2 wk ahead inc flu hosp,2023-02-18,41,quantile,0.85,23.8
2023-02-06,2 wk ahead inc flu hosp,2023-02-18,12,quantile,0.85,317.1
2023-02-06,2 wk ahead inc flu hosp,2023-02-18,36,quantile,0.85,144
2023-02-06,2 wk ahead inc flu hosp,2023-02-18,44,quantile,0.85,9.6
2023-02-06,2 wk ahead inc flu hosp,2023-02-18,13,quantile,0.85,166.1
2023-02-06,2 wk ahead inc flu hosp,2023-02-18,33,quantile,0.85,20.3
2023-02-06,2 wk ahead inc flu hosp,2023-02-18,37,quantile,0.85,81.7
2023-02-06,2 wk ahead inc flu hosp,2023-02-18,34,quantile,0.85,63.2
2023-02-06,2 wk ahead inc flu hosp,2023-02-18,08,quantile,0.85,74.3
2023-02-06,2 wk ahead inc flu hosp,2023-02-18,24,quantile,0.85,55.2
2023-02-06,2 wk ahead inc flu hosp,2023-02-18,32,quantile,0.85,18.8
2023-02-06,2 wk ahead inc flu hosp,2023-02-18,47,quantile,0.85,69.6
2023-02-06,2 wk ahead inc flu hosp,2023-02-18,15,quantile,0.85,21.5
2023-02-06,2 wk ahead inc flu hosp,2023-02-18,18,quantile,0.85,67.8
2023-02-06,2 wk ahead inc flu hosp,2023-02-18,21,quantile,0.85,44.6
2023-02-06,2 wk ahead inc flu hosp,2023-02-18,27,quantile,0.85,37.1
2023-02-06,2 wk ahead inc flu hosp,2023-02-18,40,quantile,0.85,83.6
2023-02-06,2 wk ahead inc flu hosp,2023-02-18,42,quantile,0.85,135
2023-02-06,2 wk ahead inc flu hosp,2023-02-18,45,quantile,0.85,48.5
2023-02-06,2 wk ahead inc flu hosp,2023-02-18,11,quantile,0.85,11.2
2023-02-06,2 wk ahead inc flu hosp,2023-02-18,20,quantile,0.85,28.9
2023-02-06,2 wk ahead inc flu hosp,2023-02-18,29,quantile,0.85,81.9
2023-02-06,2 wk ahead inc flu hosp,2023-02-18,50,quantile,0.85,10.2
2023-02-06,2 wk ahead inc flu hosp,2023-02-18,51,quantile,0.85,107.4
2023-02-06,2 wk ahead inc flu hosp,2023-02-18,09,quantile,0.85,39.4
2023-02-06,2 wk ahead inc flu hosp,2023-02-18,19,quantile,0.85,42
2023-02-06,2 wk ahead inc flu hosp,2023-02-18,22,quantile,0.85,47.5
2023-02-06,2 wk ahead inc flu hosp,2023-02-18,39,quantile,0.85,86.7
2023-02-06,2 wk ahead inc flu hosp,2023-02-18,26,quantile,0.85,101.4
2023-02-06,2 wk ahead inc flu hosp,2023-02-18,46,quantile,0.85,30.6
2023-02-06,2 wk ahead inc flu hosp,2023-02-18,05,quantile,0.85,33.9
2023-02-06,2 wk ahead inc flu hosp,2023-02-18,10,quantile,0.85,22.5
2023-02-06,2 wk ahead inc flu hosp,2023-02-18,28,quantile,0.85,34.3
2023-02-06,2 wk ahead inc flu hosp,2023-02-18,35,quantile,0.85,23.5
2023-02-06,2 wk ahead inc flu hosp,2023-02-18,38,quantile,0.85,18.1
2023-02-06,2 wk ahead inc flu hosp,2023-02-18,56,quantile,0.85,6.3
2023-02-06,2 wk ahead inc flu hosp,2023-02-18,02,quantile,0.85,14.9
2023-02-06,2 wk ahead inc flu hosp,2023-02-18,23,quantile,0.85,18
2023-02-06,2 wk ahead inc flu hosp,2023-02-18,01,quantile,0.85,50.6
2023-02-06,2 wk ahead inc flu hosp,2023-02-18,16,quantile,0.85,22.3
2023-02-06,2 wk ahead inc flu hosp,2023-02-18,30,quantile,0.85,20.8
2023-02-06,2 wk ahead inc flu hosp,2023-02-18,72,quantile,0.85,55.2
2023-02-06,2 wk ahead inc flu hosp,2023-02-18,78,quantile,0.85,0
2023-02-06,2 wk ahead inc flu hosp,2023-02-18,54,quantile,0.85,34.8
2023-02-06,3 wk ahead inc flu hosp,2023-02-25,53,quantile,0.85,71.4
2023-02-06,3 wk ahead inc flu hosp,2023-02-25,17,quantile,0.85,99.5
2023-02-06,3 wk ahead inc flu hosp,2023-02-25,06,quantile,0.85,231
2023-02-06,3 wk ahead inc flu hosp,2023-02-25,04,quantile,0.85,69
2023-02-06,3 wk ahead inc flu hosp,2023-02-25,25,quantile,0.85,66.5
2023-02-06,3 wk ahead inc flu hosp,2023-02-25,55,quantile,0.85,65.3
2023-02-06,3 wk ahead inc flu hosp,2023-02-25,48,quantile,0.85,499.8
2023-02-06,3 wk ahead inc flu hosp,2023-02-25,31,quantile,0.85,15.4
2023-02-06,3 wk ahead inc flu hosp,2023-02-25,49,quantile,0.85,16.8
2023-02-06,3 wk ahead inc flu hosp,2023-02-25,41,quantile,0.85,25.5
2023-02-06,3 wk ahead inc flu hosp,2023-02-25,12,quantile,0.85,610.7
2023-02-06,3 wk ahead inc flu hosp,2023-02-25,36,quantile,0.85,203.4
2023-02-06,3 wk ahead inc flu hosp,2023-02-25,44,quantile,0.85,9.3
2023-02-06,3 wk ahead inc flu hosp,2023-02-25,13,quantile,0.85,198.7
2023-02-06,3 wk ahead inc flu hosp,2023-02-25,33,quantile,0.85,12.2
2023-02-06,3 wk ahead inc flu hosp,2023-02-25,37,quantile,0.85,95.3
2023-02-06,3 wk ahead inc flu hosp,2023-02-25,34,quantile,0.85,74.1
2023-02-06,3 wk ahead inc flu hosp,2023-02-25,08,quantile,0.85,73
2023-02-06,3 wk ahead inc flu hosp,2023-02-25,24,quantile,0.85,66.5
2023-02-06,3 wk ahead inc flu hosp,2023-02-25,32,quantile,0.85,16.9
2023-02-06,3 wk ahead inc flu hosp,2023-02-25,47,quantile,0.85,67.9
2023-02-06,3 wk ahead inc flu hosp,2023-02-25,15,quantile,0.85,25
2023-02-06,3 wk ahead inc flu hosp,2023-02-25,18,quantile,0.85,70.2
2023-02-06,3 wk ahead inc flu hosp,2023-02-25,21,quantile,0.85,29.3
2023-02-06,3 wk ahead inc flu hosp,2023-02-25,27,quantile,0.85,42.6
2023-02-06,3 wk ahead inc flu hosp,2023-02-25,40,quantile,0.85,81.2
2023-02-06,3 wk ahead inc flu hosp,2023-02-25,42,quantile,0.85,117.4
2023-02-06,3 wk ahead inc flu hosp,2023-02-25,45,quantile,0.85,61.9
2023-02-06,3 wk ahead inc flu hosp,2023-02-25,11,quantile,0.85,10
2023-02-06,3 wk ahead inc flu hosp,2023-02-25,20,quantile,0.85,30.9
2023-02-06,3 wk ahead inc flu hosp,2023-02-25,29,quantile,0.85,80.4
2023-02-06,3 wk ahead inc flu hosp,2023-02-25,50,quantile,0.85,6.8
2023-02-06,3 wk ahead inc flu hosp,2023-02-25,51,quantile,0.85,94.4
2023-02-06,3 wk ahead inc flu hosp,2023-02-25,09,quantile,0.85,33.2
2023-02-06,3 wk ahead inc flu hosp,2023-02-25,19,quantile,0.85,28.3
2023-02-06,3 wk ahead inc flu hosp,2023-02-25,22,quantile,0.85,41.9
2023-02-06,3 wk ahead inc flu hosp,2023-02-25,39,quantile,0.85,111.6
2023-02-06,3 wk ahead inc flu hosp,2023-02-25,26,quantile,0.85,84.6
2023-02-06,3 wk ahead inc flu hosp,2023-02-25,46,quantile,0.85,21.7
2023-02-06,3 wk ahead inc flu hosp,2023-02-25,05,quantile,0.85,36.2
2023-02-06,3 wk ahead inc flu hosp,2023-02-25,10,quantile,0.85,16.4
2023-02-06,3 wk ahead inc flu hosp,2023-02-25,28,quantile,0.85,31.3
2023-02-06,3 wk ahead inc flu hosp,2023-02-25,35,quantile,0.85,23.5
2023-02-06,3 wk ahead inc flu hosp,2023-02-25,38,quantile,0.85,17.2
2023-02-06,3 wk ahead inc flu hosp,2023-02-25,56,quantile,0.85,6.5
2023-02-06,3 wk ahead inc flu hosp,2023-02-25,02,quantile,0.85,10.5
2023-02-06,3 wk ahead inc flu hosp,2023-02-25,23,quantile,0.85,14.8
2023-02-06,3 wk ahead inc flu hosp,2023-02-25,01,quantile,0.85,44.4
2023-02-06,3 wk ahead inc flu hosp,2023-02-25,16,quantile,0.85,15.4
2023-02-06,3 wk ahead inc flu hosp,2023-02-25,30,quantile,0.85,15
2023-02-06,3 wk ahead inc flu hosp,2023-02-25,72,quantile,0.85,52.1
2023-02-06,3 wk ahead inc flu hosp,2023-02-25,78,quantile,0.85,0
2023-02-06,3 wk ahead inc flu hosp,2023-02-25,54,quantile,0.85,29.9
2023-02-06,4 wk ahead inc flu hosp,2023-03-04,53,quantile,0.85,59.3
2023-02-06,4 wk ahead inc flu hosp,2023-03-04,17,quantile,0.85,120.8
2023-02-06,4 wk ahead inc flu hosp,2023-03-04,06,quantile,0.85,295.9
2023-02-06,4 wk ahead inc flu hosp,2023-03-04,04,quantile,0.85,83.7
2023-02-06,4 wk ahead inc flu hosp,2023-03-04,25,quantile,0.85,139.6
2023-02-06,4 wk ahead inc flu hosp,2023-03-04,55,quantile,0.85,63.3
2023-02-06,4 wk ahead inc flu hosp,2023-03-04,48,quantile,0.85,395.3
2023-02-06,4 wk ahead inc flu hosp,2023-03-04,31,quantile,0.85,32.2
2023-02-06,4 wk ahead inc flu hosp,2023-03-04,49,quantile,0.85,19.6
2023-02-06,4 wk ahead inc flu hosp,2023-03-04,41,quantile,0.85,33.2
2023-02-06,4 wk ahead inc flu hosp,2023-03-04,12,quantile,0.85,443.3
2023-02-06,4 wk ahead inc flu hosp,2023-03-04,36,quantile,0.85,184.4
2023-02-06,4 wk ahead inc flu hosp,2023-03-04,44,quantile,0.85,8.7
2023-02-06,4 wk ahead inc flu hosp,2023-03-04,13,quantile,0.85,206.6
2023-02-06,4 wk ahead inc flu hosp,2023-03-04,33,quantile,0.85,18.5
2023-02-06,4 wk ahead inc flu hosp,2023-03-04,37,quantile,0.85,100.2
2023-02-06,4 wk ahead inc flu hosp,2023-03-04,34,quantile,0.85,86
2023-02-06,4 wk ahead inc flu hosp,2023-03-04,08,quantile,0.85,70.5
2023-02-06,4 wk ahead inc flu hosp,2023-03-04,24,quantile,0.85,62.2
2023-02-06,4 wk ahead inc flu hosp,2023-03-04,32,quantile,0.85,24.4
2023-02-06,4 wk ahead inc flu hosp,2023-03-04,47,quantile,0.85,92.6
2023-02-06,4 wk ahead inc flu hosp,2023-03-04,15,quantile,0.85,28.6
2023-02-06,4 wk ahead inc flu hosp,2023-03-04,18,quantile,0.85,79.1
2023-02-06,4 wk ahead inc flu hosp,2023-03-04,21,quantile,0.85,30.2
2023-02-06,4 wk ahead inc flu hosp,2023-03-04,27,quantile,0.85,40.8
2023-02-06,4 wk ahead inc flu hosp,2023-03-04,40,quantile,0.85,88.3
2023-02-06,4 wk ahead inc flu hosp,2023-03-04,42,quantile,0.85,132.3
2023-02-06,4 wk ahead inc flu hosp,2023-03-04,45,quantile,0.85,66.3
2023-02-06,4 wk ahead inc flu hosp,2023-03-04,11,quantile,0.85,10.2
2023-02-06,4 wk ahead inc flu hosp,2023-03-04,20,quantile,0.85,37.4
2023-02-06,4 wk ahead inc flu hosp,2023-03-04,29,quantile,0.85,93.8
2023-02-06,4 wk ahead inc flu hosp,2023-03-04,50,quantile,0.85,6.3
2023-02-06,4 wk ahead inc flu hosp,2023-03-04,51,quantile,0.85,122.3
2023-02-06,4 wk ahead inc flu hosp,2023-03-04,09,quantile,0.85,35
2023-02-06,4 wk ahead inc flu hosp,2023-03-04,19,quantile,0.85,51.8
2023-02-06,4 wk ahead inc flu hosp,2023-03-04,22,quantile,0.85,40.2
2023-02-06,4 wk ahead inc flu hosp,2023-03-04,39,quantile,0.85,122.9
2023-02-06,4 wk ahead inc flu hosp,2023-03-04,26,quantile,0.85,101.6
2023-02-06,4 wk ahead inc flu hosp,2023-03-04,46,quantile,0.85,21.7
2023-02-06,4 wk ahead inc flu hosp,2023-03-04,05,quantile,0.85,44.2
2023-02-06,4 wk ahead inc flu hosp,2023-03-04,10,quantile,0.85,14.4
2023-02-06,4 wk ahead inc flu hosp,2023-03-04,28,quantile,0.85,30.4
2023-02-06,4 wk ahead inc flu hosp,2023-03-04,35,quantile,0.85,21.3
2023-02-06,4 wk ahead inc flu hosp,2023-03-04,38,quantile,0.85,15.6
2023-02-06,4 wk ahead inc flu hosp,2023-03-04,56,quantile,0.85,7.5
2023-02-06,4 wk ahead inc flu hosp,2023-03-04,02,quantile,0.85,9.3
2023-02-06,4 wk ahead inc flu hosp,2023-03-04,23,quantile,0.85,21.8
2023-02-06,4 wk ahead inc flu hosp,2023-03-04,01,quantile,0.85,46.5
2023-02-06,4 wk ahead inc flu hosp,2023-03-04,16,quantile,0.85,19.2
2023-02-06,4 wk ahead inc flu hosp,2023-03-04,30,quantile,0.85,14.6
2023-02-06,4 wk ahead inc flu hosp,2023-03-04,72,quantile,0.85,77.3
2023-02-06,4 wk ahead inc flu hosp,2023-03-04,78,quantile,0.85,0.1
2023-02-06,4 wk ahead inc flu hosp,2023-03-04,54,quantile,0.85,24.1
2023-02-06,1 wk ahead inc flu hosp,2023-02-11,53,quantile,0.9,75.7
2023-02-06,1 wk ahead inc flu hosp,2023-02-11,17,quantile,0.9,103
2023-02-06,1 wk ahead inc flu hosp,2023-02-11,06,quantile,0.9,281.4
2023-02-06,1 wk ahead inc flu hosp,2023-02-11,04,quantile,0.9,87.2
2023-02-06,1 wk ahead inc flu hosp,2023-02-11,25,quantile,0.9,98.2
2023-02-06,1 wk ahead inc flu hosp,2023-02-11,55,quantile,0.9,59.2
2023-02-06,1 wk ahead inc flu hosp,2023-02-11,48,quantile,0.9,614.6
2023-02-06,1 wk ahead inc flu hosp,2023-02-11,31,quantile,0.9,27.3
2023-02-06,1 wk ahead inc flu hosp,2023-02-11,49,quantile,0.9,18.6
2023-02-06,1 wk ahead inc flu hosp,2023-02-11,41,quantile,0.9,28
2023-02-06,1 wk ahead inc flu hosp,2023-02-11,12,quantile,0.9,491.1
2023-02-06,1 wk ahead inc flu hosp,2023-02-11,36,quantile,0.9,202.9
2023-02-06,1 wk ahead inc flu hosp,2023-02-11,44,quantile,0.9,13.3
2023-02-06,1 wk ahead inc flu hosp,2023-02-11,13,quantile,0.9,192.4
2023-02-06,1 wk ahead inc flu hosp,2023-02-11,33,quantile,0.9,25.8
2023-02-06,1 wk ahead inc flu hosp,2023-02-11,37,quantile,0.9,107.8
2023-02-06,1 wk ahead inc flu hosp,2023-02-11,34,quantile,0.9,81.8
2023-02-06,1 wk ahead inc flu hosp,2023-02-11,08,quantile,0.9,79.8
2023-02-06,1 wk ahead inc flu hosp,2023-02-11,24,quantile,0.9,70.2
2023-02-06,1 wk ahead inc flu hosp,2023-02-11,32,quantile,0.9,23.1
2023-02-06,1 wk ahead inc flu hosp,2023-02-11,47,quantile,0.9,78.4
2023-02-06,1 wk ahead inc flu hosp,2023-02-11,15,quantile,0.9,18.8
2023-02-06,1 wk ahead inc flu hosp,2023-02-11,18,quantile,0.9,77.1
2023-02-06,1 wk ahead inc flu hosp,2023-02-11,21,quantile,0.9,37.4
2023-02-06,1 wk ahead inc flu hosp,2023-02-11,27,quantile,0.9,53
2023-02-06,1 wk ahead inc flu hosp,2023-02-11,40,quantile,0.9,96.6
2023-02-06,1 wk ahead inc flu hosp,2023-02-11,42,quantile,0.9,167.8
2023-02-06,1 wk ahead inc flu hosp,2023-02-11,45,quantile,0.9,50.8
2023-02-06,1 wk ahead inc flu hosp,2023-02-11,11,quantile,0.9,15.7
2023-02-06,1 wk ahead inc flu hosp,2023-02-11,20,quantile,0.9,26.4
2023-02-06,1 wk ahead inc flu hosp,2023-02-11,29,quantile,0.9,88.3
2023-02-06,1 wk ahead inc flu hosp,2023-02-11,50,quantile,0.9,9.7
2023-02-06,1 wk ahead inc flu hosp,2023-02-11,51,quantile,0.9,107.6
2023-02-06,1 wk ahead inc flu hosp,2023-02-11,09,quantile,0.9,38.6
2023-02-06,1 wk ahead inc flu hosp,2023-02-11,19,quantile,0.9,40.3
2023-02-06,1 wk ahead inc flu hosp,2023-02-11,22,quantile,0.9,51.1
2023-02-06,1 wk ahead inc flu hosp,2023-02-11,39,quantile,0.9,149.2
2023-02-06,1 wk ahead inc flu hosp,2023-02-11,26,quantile,0.9,111.3
2023-02-06,1 wk ahead inc flu hosp,2023-02-11,46,quantile,0.9,27.4
2023-02-06,1 wk ahead inc flu hosp,2023-02-11,05,quantile,0.9,38.8
2023-02-06,1 wk ahead inc flu hosp,2023-02-11,10,quantile,0.9,26.5
2023-02-06,1 wk ahead inc flu hosp,2023-02-11,28,quantile,0.9,50.8
2023-02-06,1 wk ahead inc flu hosp,2023-02-11,35,quantile,0.9,23.1
2023-02-06,1 wk ahead inc flu hosp,2023-02-11,38,quantile,0.9,32.2
2023-02-06,1 wk ahead inc flu hosp,2023-02-11,56,quantile,0.9,7.2
2023-02-06,1 wk ahead inc flu hosp,2023-02-11,02,quantile,0.9,16.9
2023-02-06,1 wk ahead inc flu hosp,2023-02-11,23,quantile,0.9,21.5
2023-02-06,1 wk ahead inc flu hosp,2023-02-11,01,quantile,0.9,49.3
2023-02-06,1 wk ahead inc flu hosp,2023-02-11,16,quantile,0.9,20.2
2023-02-06,1 wk ahead inc flu hosp,2023-02-11,30,quantile,0.9,20.9
2023-02-06,1 wk ahead inc flu hosp,2023-02-11,72,quantile,0.9,72.7
2023-02-06,1 wk ahead inc flu hosp,2023-02-11,78,quantile,0.9,0
2023-02-06,1 wk ahead inc flu hosp,2023-02-11,54,quantile,0.9,44.4
2023-02-06,2 wk ahead inc flu hosp,2023-02-18,53,quantile,0.9,100.1
2023-02-06,2 wk ahead inc flu hosp,2023-02-18,17,quantile,0.9,161.2
2023-02-06,2 wk ahead inc flu hosp,2023-02-18,06,quantile,0.9,308.1
2023-02-06,2 wk ahead inc flu hosp,2023-02-18,04,quantile,0.9,74.2
2023-02-06,2 wk ahead inc flu hosp,2023-02-18,25,quantile,0.9,98.3
2023-02-06,2 wk ahead inc flu hosp,2023-02-18,55,quantile,0.9,61.7
2023-02-06,2 wk ahead inc flu hosp,2023-02-18,48,quantile,0.9,544.1
2023-02-06,2 wk ahead inc flu hosp,2023-02-18,31,quantile,0.9,26.5
2023-02-06,2 wk ahead inc flu hosp,2023-02-18,49,quantile,0.9,19.7
2023-02-06,2 wk ahead inc flu hosp,2023-02-18,41,quantile,0.9,29.6
2023-02-06,2 wk ahead inc flu hosp,2023-02-18,12,quantile,0.9,369.8
2023-02-06,2 wk ahead inc flu hosp,2023-02-18,36,quantile,0.9,186.2
2023-02-06,2 wk ahead inc flu hosp,2023-02-18,44,quantile,0.9,12.1
2023-02-06,2 wk ahead inc flu hosp,2023-02-18,13,quantile,0.9,179.1
2023-02-06,2 wk ahead inc flu hosp,2023-02-18,33,quantile,0.9,23
2023-02-06,2 wk ahead inc flu hosp,2023-02-18,37,quantile,0.9,90.1
2023-02-06,2 wk ahead inc flu hosp,2023-02-18,34,quantile,0.9,75.1
2023-02-06,2 wk ahead inc flu hosp,2023-02-18,08,quantile,0.9,88.1
2023-02-06,2 wk ahead inc flu hosp,2023-02-18,24,quantile,0.9,73.7
2023-02-06,2 wk ahead inc flu hosp,2023-02-18,32,quantile,0.9,25.2
2023-02-06,2 wk ahead inc flu hosp,2023-02-18,47,quantile,0.9,84.3
2023-02-06,2 wk ahead inc flu hosp,2023-02-18,15,quantile,0.9,26
2023-02-06,2 wk ahead inc flu hosp,2023-02-18,18,quantile,0.9,83.9
2023-02-06,2 wk ahead inc flu hosp,2023-02-18,21,quantile,0.9,52
2023-02-06,2 wk ahead inc flu hosp,2023-02-18,27,quantile,0.9,43.3
2023-02-06,2 wk ahead inc flu hosp,2023-02-18,40,quantile,0.9,94
2023-02-06,2 wk ahead inc flu hosp,2023-02-18,42,quantile,0.9,176.7
2023-02-06,2 wk ahead inc flu hosp,2023-02-18,45,quantile,0.9,57.2
2023-02-06,2 wk ahead inc flu hosp,2023-02-18,11,quantile,0.9,12.8
2023-02-06,2 wk ahead inc flu hosp,2023-02-18,20,quantile,0.9,36
2023-02-06,2 wk ahead inc flu hosp,2023-02-18,29,quantile,0.9,95.3
2023-02-06,2 wk ahead inc flu hosp,2023-02-18,50,quantile,0.9,11.3
2023-02-06,2 wk ahead inc flu hosp,2023-02-18,51,quantile,0.9,122.4
2023-02-06,2 wk ahead inc flu hosp,2023-02-18,09,quantile,0.9,46.6
2023-02-06,2 wk ahead inc flu hosp,2023-02-18,19,quantile,0.9,52.5
2023-02-06,2 wk ahead inc flu hosp,2023-02-18,22,quantile,0.9,55.1
2023-02-06,2 wk ahead inc flu hosp,2023-02-18,39,quantile,0.9,113.5
2023-02-06,2 wk ahead inc flu hosp,2023-02-18,26,quantile,0.9,119
2023-02-06,2 wk ahead inc flu hosp,2023-02-18,46,quantile,0.9,35.8
2023-02-06,2 wk ahead inc flu hosp,2023-02-18,05,quantile,0.9,39.1
2023-02-06,2 wk ahead inc flu hosp,2023-02-18,10,quantile,0.9,26
2023-02-06,2 wk ahead inc flu hosp,2023-02-18,28,quantile,0.9,37.8
2023-02-06,2 wk ahead inc flu hosp,2023-02-18,35,quantile,0.9,29.2
2023-02-06,2 wk ahead inc flu hosp,2023-02-18,38,quantile,0.9,20.3
2023-02-06,2 wk ahead inc flu hosp,2023-02-18,56,quantile,0.9,8
2023-02-06,2 wk ahead inc flu hosp,2023-02-18,02,quantile,0.9,18.1
2023-02-06,2 wk ahead inc flu hosp,2023-02-18,23,quantile,0.9,23.4
2023-02-06,2 wk ahead inc flu hosp,2023-02-18,01,quantile,0.9,57.5
2023-02-06,2 wk ahead inc flu hosp,2023-02-18,16,quantile,0.9,26.1
2023-02-06,2 wk ahead inc flu hosp,2023-02-18,30,quantile,0.9,23.3
2023-02-06,2 wk ahead inc flu hosp,2023-02-18,72,quantile,0.9,62.6
2023-02-06,2 wk ahead inc flu hosp,2023-02-18,78,quantile,0.9,0.1
2023-02-06,2 wk ahead inc flu hosp,2023-02-18,54,quantile,0.9,41.1
2023-02-06,3 wk ahead inc flu hosp,2023-02-25,53,quantile,0.9,80.8
2023-02-06,3 wk ahead inc flu hosp,2023-02-25,17,quantile,0.9,120.8
2023-02-06,3 wk ahead inc flu hosp,2023-02-25,06,quantile,0.9,293.3
2023-02-06,3 wk ahead inc flu hosp,2023-02-25,04,quantile,0.9,84.9
2023-02-06,3 wk ahead inc flu hosp,2023-02-25,25,quantile,0.9,88.3
2023-02-06,3 wk ahead inc flu hosp,2023-02-25,55,quantile,0.9,79.3
2023-02-06,3 wk ahead inc flu hosp,2023-02-25,48,quantile,0.9,630.9
2023-02-06,3 wk ahead inc flu hosp,2023-02-25,31,quantile,0.9,18.8
2023-02-06,3 wk ahead inc flu hosp,2023-02-25,49,quantile,0.9,19.8
2023-02-06,3 wk ahead inc flu hosp,2023-02-25,41,quantile,0.9,31.3
2023-02-06,3 wk ahead inc flu hosp,2023-02-25,12,quantile,0.9,729.8
2023-02-06,3 wk ahead inc flu hosp,2023-02-25,36,quantile,0.9,244.6
2023-02-06,3 wk ahead inc flu hosp,2023-02-25,44,quantile,0.9,11.5
2023-02-06,3 wk ahead inc flu hosp,2023-02-25,13,quantile,0.9,223.9
2023-02-06,3 wk ahead inc flu hosp,2023-02-25,33,quantile,0.9,15.1
2023-02-06,3 wk ahead inc flu hosp,2023-02-25,37,quantile,0.9,102.2
2023-02-06,3 wk ahead inc flu hosp,2023-02-25,34,quantile,0.9,89
2023-02-06,3 wk ahead inc flu hosp,2023-02-25,08,quantile,0.9,81.9
2023-02-06,3 wk ahead inc flu hosp,2023-02-25,24,quantile,0.9,74.8
2023-02-06,3 wk ahead inc flu hosp,2023-02-25,32,quantile,0.9,23
2023-02-06,3 wk ahead inc flu hosp,2023-02-25,47,quantile,0.9,87.1
2023-02-06,3 wk ahead inc flu hosp,2023-02-25,15,quantile,0.9,27.5
2023-02-06,3 wk ahead inc flu hosp,2023-02-25,18,quantile,0.9,111.3
2023-02-06,3 wk ahead inc flu hosp,2023-02-25,21,quantile,0.9,33.6
2023-02-06,3 wk ahead inc flu hosp,2023-02-25,27,quantile,0.9,52.5
2023-02-06,3 wk ahead inc flu hosp,2023-02-25,40,quantile,0.9,100.2
2023-02-06,3 wk ahead inc flu hosp,2023-02-25,42,quantile,0.9,172
2023-02-06,3 wk ahead inc flu hosp,2023-02-25,45,quantile,0.9,82.8
2023-02-06,3 wk ahead inc flu hosp,2023-02-25,11,quantile,0.9,12.4
2023-02-06,3 wk ahead inc flu hosp,2023-02-25,20,quantile,0.9,39.1
2023-02-06,3 wk ahead inc flu hosp,2023-02-25,29,quantile,0.9,96.6
2023-02-06,3 wk ahead inc flu hosp,2023-02-25,50,quantile,0.9,8.6
2023-02-06,3 wk ahead inc flu hosp,2023-02-25,51,quantile,0.9,108
2023-02-06,3 wk ahead inc flu hosp,2023-02-25,09,quantile,0.9,44
2023-02-06,3 wk ahead inc flu hosp,2023-02-25,19,quantile,0.9,32.6
2023-02-06,3 wk ahead inc flu hosp,2023-02-25,22,quantile,0.9,53.4
2023-02-06,3 wk ahead inc flu hosp,2023-02-25,39,quantile,0.9,127.5
2023-02-06,3 wk ahead inc flu hosp,2023-02-25,26,quantile,0.9,106.9
2023-02-06,3 wk ahead inc flu hosp,2023-02-25,46,quantile,0.9,28
2023-02-06,3 wk ahead inc flu hosp,2023-02-25,05,quantile,0.9,43.6
2023-02-06,3 wk ahead inc flu hosp,2023-02-25,10,quantile,0.9,18.6
2023-02-06,3 wk ahead inc flu hosp,2023-02-25,28,quantile,0.9,38.4
2023-02-06,3 wk ahead inc flu hosp,2023-02-25,35,quantile,0.9,28.7
2023-02-06,3 wk ahead inc flu hosp,2023-02-25,38,quantile,0.9,21.4
2023-02-06,3 wk ahead inc flu hosp,2023-02-25,56,quantile,0.9,9.2
2023-02-06,3 wk ahead inc flu hosp,2023-02-25,02,quantile,0.9,12.2
2023-02-06,3 wk ahead inc flu hosp,2023-02-25,23,quantile,0.9,19.6
2023-02-06,3 wk ahead inc flu hosp,2023-02-25,01,quantile,0.9,53.6
2023-02-06,3 wk ahead inc flu hosp,2023-02-25,16,quantile,0.9,19.6
2023-02-06,3 wk ahead inc flu hosp,2023-02-25,30,quantile,0.9,17.3
2023-02-06,3 wk ahead inc flu hosp,2023-02-25,72,quantile,0.9,58.8
2023-02-06,3 wk ahead inc flu hosp,2023-02-25,78,quantile,0.9,0.1
2023-02-06,3 wk ahead inc flu hosp,2023-02-25,54,quantile,0.9,36.6
2023-02-06,4 wk ahead inc flu hosp,2023-03-04,53,quantile,0.9,68.5
2023-02-06,4 wk ahead inc flu hosp,2023-03-04,17,quantile,0.9,143.2
2023-02-06,4 wk ahead inc flu hosp,2023-03-04,06,quantile,0.9,362.9
2023-02-06,4 wk ahead inc flu hosp,2023-03-04,04,quantile,0.9,95.6
2023-02-06,4 wk ahead inc flu hosp,2023-03-04,25,quantile,0.9,155.2
2023-02-06,4 wk ahead inc flu hosp,2023-03-04,55,quantile,0.9,77
2023-02-06,4 wk ahead inc flu hosp,2023-03-04,48,quantile,0.9,491.8
2023-02-06,4 wk ahead inc flu hosp,2023-03-04,31,quantile,0.9,38.3
2023-02-06,4 wk ahead inc flu hosp,2023-03-04,49,quantile,0.9,21.5
2023-02-06,4 wk ahead inc flu hosp,2023-03-04,41,quantile,0.9,39.6
2023-02-06,4 wk ahead inc flu hosp,2023-03-04,12,quantile,0.9,515.9
2023-02-06,4 wk ahead inc flu hosp,2023-03-04,36,quantile,0.9,206.8
2023-02-06,4 wk ahead inc flu hosp,2023-03-04,44,quantile,0.9,10.4
2023-02-06,4 wk ahead inc flu hosp,2023-03-04,13,quantile,0.9,255.9
2023-02-06,4 wk ahead inc flu hosp,2023-03-04,33,quantile,0.9,21
2023-02-06,4 wk ahead inc flu hosp,2023-03-04,37,quantile,0.9,111.1
2023-02-06,4 wk ahead inc flu hosp,2023-03-04,34,quantile,0.9,97
2023-02-06,4 wk ahead inc flu hosp,2023-03-04,08,quantile,0.9,79
2023-02-06,4 wk ahead inc flu hosp,2023-03-04,24,quantile,0.9,77.4
2023-02-06,4 wk ahead inc flu hosp,2023-03-04,32,quantile,0.9,29
2023-02-06,4 wk ahead inc flu hosp,2023-03-04,47,quantile,0.9,113.2
2023-02-06,4 wk ahead inc flu hosp,2023-03-04,15,quantile,0.9,33.8
2023-02-06,4 wk ahead inc flu hosp,2023-03-04,18,quantile,0.9,89.6
2023-02-06,4 wk ahead inc flu hosp,2023-03-04,21,quantile,0.9,37.8
2023-02-06,4 wk ahead inc flu hosp,2023-03-04,27,quantile,0.9,46.7
2023-02-06,4 wk ahead inc flu hosp,2023-03-04,40,quantile,0.9,100.5
2023-02-06,4 wk ahead inc flu hosp,2023-03-04,42,quantile,0.9,155.7
2023-02-06,4 wk ahead inc flu hosp,2023-03-04,45,quantile,0.9,105.7
2023-02-06,4 wk ahead inc flu hosp,2023-03-04,11,quantile,0.9,12.7
2023-02-06,4 wk ahead inc flu hosp,2023-03-04,20,quantile,0.9,51.8
2023-02-06,4 wk ahead inc flu hosp,2023-03-04,29,quantile,0.9,117.8
2023-02-06,4 wk ahead inc flu hosp,2023-03-04,50,quantile,0.9,7.6
2023-02-06,4 wk ahead inc flu hosp,2023-03-04,51,quantile,0.9,141
2023-02-06,4 wk ahead inc flu hosp,2023-03-04,09,quantile,0.9,41.6
2023-02-06,4 wk ahead inc flu hosp,2023-03-04,19,quantile,0.9,57.4
2023-02-06,4 wk ahead inc flu hosp,2023-03-04,22,quantile,0.9,51.6
2023-02-06,4 wk ahead inc flu hosp,2023-03-04,39,quantile,0.9,157.7
2023-02-06,4 wk ahead inc flu hosp,2023-03-04,26,quantile,0.9,124.2
2023-02-06,4 wk ahead inc flu hosp,2023-03-04,46,quantile,0.9,25.3
2023-02-06,4 wk ahead inc flu hosp,2023-03-04,05,quantile,0.9,69.7
2023-02-06,4 wk ahead inc flu hosp,2023-03-04,10,quantile,0.9,18.5
2023-02-06,4 wk ahead inc flu hosp,2023-03-04,28,quantile,0.9,38.3
2023-02-06,4 wk ahead inc flu hosp,2023-03-04,35,quantile,0.9,24.7
2023-02-06,4 wk ahead inc flu hosp,2023-03-04,38,quantile,0.9,18.8
2023-02-06,4 wk ahead inc flu hosp,2023-03-04,56,quantile,0.9,9.8
2023-02-06,4 wk ahead inc flu hosp,2023-03-04,02,quantile,0.9,11.5
2023-02-06,4 wk ahead inc flu hosp,2023-03-04,23,quantile,0.9,26.6
2023-02-06,4 wk ahead inc flu hosp,2023-03-04,01,quantile,0.9,67
2023-02-06,4 wk ahead inc flu hosp,2023-03-04,16,quantile,0.9,26.5
2023-02-06,4 wk ahead inc flu hosp,2023-03-04,30,quantile,0.9,17.9
2023-02-06,4 wk ahead inc flu hosp,2023-03-04,72,quantile,0.9,99.1
2023-02-06,4 wk ahead inc flu hosp,2023-03-04,78,quantile,0.9,0.1
2023-02-06,4 wk ahead inc flu hosp,2023-03-04,54,quantile,0.9,28.9
2023-02-06,1 wk ahead inc flu hosp,2023-02-11,53,quantile,0.95,95.6
2023-02-06,1 wk ahead inc flu hosp,2023-02-11,17,quantile,0.95,131.3
2023-02-06,1 wk ahead inc flu hosp,2023-02-11,06,quantile,0.95,347.5
2023-02-06,1 wk ahead inc flu hosp,2023-02-11,04,quantile,0.95,104.7
2023-02-06,1 wk ahead inc flu hosp,2023-02-11,25,quantile,0.95,128.8
2023-02-06,1 wk ahead inc flu hosp,2023-02-11,55,quantile,0.95,80.8
2023-02-06,1 wk ahead inc flu hosp,2023-02-11,48,quantile,0.95,750.8
2023-02-06,1 wk ahead inc flu hosp,2023-02-11,31,quantile,0.95,35.1
2023-02-06,1 wk ahead inc flu hosp,2023-02-11,49,quantile,0.95,26.6
2023-02-06,1 wk ahead inc flu hosp,2023-02-11,41,quantile,0.95,38
2023-02-06,1 wk ahead inc flu hosp,2023-02-11,12,quantile,0.95,616
2023-02-06,1 wk ahead inc flu hosp,2023-02-11,36,quantile,0.95,241.1
2023-02-06,1 wk ahead inc flu hosp,2023-02-11,44,quantile,0.95,15.1
2023-02-06,1 wk ahead inc flu hosp,2023-02-11,13,quantile,0.95,215.4
2023-02-06,1 wk ahead inc flu hosp,2023-02-11,33,quantile,0.95,30.7
2023-02-06,1 wk ahead inc flu hosp,2023-02-11,37,quantile,0.95,145
2023-02-06,1 wk ahead inc flu hosp,2023-02-11,34,quantile,0.95,105.6
2023-02-06,1 wk ahead inc flu hosp,2023-02-11,08,quantile,0.95,99.8
2023-02-06,1 wk ahead inc flu hosp,2023-02-11,24,quantile,0.95,95.9
2023-02-06,1 wk ahead inc flu hosp,2023-02-11,32,quantile,0.95,31.2
2023-02-06,1 wk ahead inc flu hosp,2023-02-11,47,quantile,0.95,99.3
2023-02-06,1 wk ahead inc flu hosp,2023-02-11,15,quantile,0.95,25
2023-02-06,1 wk ahead inc flu hosp,2023-02-11,18,quantile,0.95,97.5
2023-02-06,1 wk ahead inc flu hosp,2023-02-11,21,quantile,0.95,55.6
2023-02-06,1 wk ahead inc flu hosp,2023-02-11,27,quantile,0.95,71.1
2023-02-06,1 wk ahead inc flu hosp,2023-02-11,40,quantile,0.95,113.2
2023-02-06,1 wk ahead inc flu hosp,2023-02-11,42,quantile,0.95,203.3
2023-02-06,1 wk ahead inc flu hosp,2023-02-11,45,quantile,0.95,59.2
2023-02-06,1 wk ahead inc flu hosp,2023-02-11,11,quantile,0.95,19.3
2023-02-06,1 wk ahead inc flu hosp,2023-02-11,20,quantile,0.95,32.6
2023-02-06,1 wk ahead inc flu hosp,2023-02-11,29,quantile,0.95,118
2023-02-06,1 wk ahead inc flu hosp,2023-02-11,50,quantile,0.95,12.2
2023-02-06,1 wk ahead inc flu hosp,2023-02-11,51,quantile,0.95,139.4
2023-02-06,1 wk ahead inc flu hosp,2023-02-11,09,quantile,0.95,53.6
2023-02-06,1 wk ahead inc flu hosp,2023-02-11,19,quantile,0.95,54.7
2023-02-06,1 wk ahead inc flu hosp,2023-02-11,22,quantile,0.95,63.3
2023-02-06,1 wk ahead inc flu hosp,2023-02-11,39,quantile,0.95,223.2
2023-02-06,1 wk ahead inc flu hosp,2023-02-11,26,quantile,0.95,149.2
2023-02-06,1 wk ahead inc flu hosp,2023-02-11,46,quantile,0.95,31.9
2023-02-06,1 wk ahead inc flu hosp,2023-02-11,05,quantile,0.95,49.4
2023-02-06,1 wk ahead inc flu hosp,2023-02-11,10,quantile,0.95,29.6
2023-02-06,1 wk ahead inc flu hosp,2023-02-11,28,quantile,0.95,63
2023-02-06,1 wk ahead inc flu hosp,2023-02-11,35,quantile,0.95,29.4
2023-02-06,1 wk ahead inc flu hosp,2023-02-11,38,quantile,0.95,36.7
2023-02-06,1 wk ahead inc flu hosp,2023-02-11,56,quantile,0.95,10.3
2023-02-06,1 wk ahead inc flu hosp,2023-02-11,02,quantile,0.95,18.9
2023-02-06,1 wk ahead inc flu hosp,2023-02-11,23,quantile,0.95,25.7
2023-02-06,1 wk ahead inc flu hosp,2023-02-11,01,quantile,0.95,59.6
2023-02-06,1 wk ahead inc flu hosp,2023-02-11,16,quantile,0.95,25.5
2023-02-06,1 wk ahead inc flu hosp,2023-02-11,30,quantile,0.95,25.9
2023-02-06,1 wk ahead inc flu hosp,2023-02-11,72,quantile,0.95,99
2023-02-06,1 wk ahead inc flu hosp,2023-02-11,78,quantile,0.95,0.1
2023-02-06,1 wk ahead inc flu hosp,2023-02-11,54,quantile,0.95,55.2
2023-02-06,2 wk ahead inc flu hosp,2023-02-18,53,quantile,0.95,129.9
2023-02-06,2 wk ahead inc flu hosp,2023-02-18,17,quantile,0.95,197.8
2023-02-06,2 wk ahead inc flu hosp,2023-02-18,06,quantile,0.95,366.1
2023-02-06,2 wk ahead inc flu hosp,2023-02-18,04,quantile,0.95,107.6
2023-02-06,2 wk ahead inc flu hosp,2023-02-18,25,quantile,0.95,139.7
2023-02-06,2 wk ahead inc flu hosp,2023-02-18,55,quantile,0.95,81.7
2023-02-06,2 wk ahead inc flu hosp,2023-02-18,48,quantile,0.95,682.6
2023-02-06,2 wk ahead inc flu hosp,2023-02-18,31,quantile,0.95,38.8
2023-02-06,2 wk ahead inc flu hosp,2023-02-18,49,quantile,0.95,28.6
2023-02-06,2 wk ahead inc flu hosp,2023-02-18,41,quantile,0.95,44
2023-02-06,2 wk ahead inc flu hosp,2023-02-18,12,quantile,0.95,448.1
2023-02-06,2 wk ahead inc flu hosp,2023-02-18,36,quantile,0.95,249.5
2023-02-06,2 wk ahead inc flu hosp,2023-02-18,44,quantile,0.95,15.8
2023-02-06,2 wk ahead inc flu hosp,2023-02-18,13,quantile,0.95,224.2
2023-02-06,2 wk ahead inc flu hosp,2023-02-18,33,quantile,0.95,30
2023-02-06,2 wk ahead inc flu hosp,2023-02-18,37,quantile,0.95,105.1
2023-02-06,2 wk ahead inc flu hosp,2023-02-18,34,quantile,0.95,97.1
2023-02-06,2 wk ahead inc flu hosp,2023-02-18,08,quantile,0.95,106.5
2023-02-06,2 wk ahead inc flu hosp,2023-02-18,24,quantile,0.95,94
2023-02-06,2 wk ahead inc flu hosp,2023-02-18,32,quantile,0.95,33.3
2023-02-06,2 wk ahead inc flu hosp,2023-02-18,47,quantile,0.95,105.4
2023-02-06,2 wk ahead inc flu hosp,2023-02-18,15,quantile,0.95,32.8
2023-02-06,2 wk ahead inc flu hosp,2023-02-18,18,quantile,0.95,104.3
2023-02-06,2 wk ahead inc flu hosp,2023-02-18,21,quantile,0.95,73.6
2023-02-06,2 wk ahead inc flu hosp,2023-02-18,27,quantile,0.95,54
2023-02-06,2 wk ahead inc flu hosp,2023-02-18,40,quantile,0.95,128.2
2023-02-06,2 wk ahead inc flu hosp,2023-02-18,42,quantile,0.95,220
2023-02-06,2 wk ahead inc flu hosp,2023-02-18,45,quantile,0.95,71.6
2023-02-06,2 wk ahead inc flu hosp,2023-02-18,11,quantile,0.95,16
2023-02-06,2 wk ahead inc flu hosp,2023-02-18,20,quantile,0.95,46
2023-02-06,2 wk ahead inc flu hosp,2023-02-18,29,quantile,0.95,118.2
2023-02-06,2 wk ahead inc flu hosp,2023-02-18,50,quantile,0.95,15.7
2023-02-06,2 wk ahead inc flu hosp,2023-02-18,51,quantile,0.95,147.2
2023-02-06,2 wk ahead inc flu hosp,2023-02-18,09,quantile,0.95,59.5
2023-02-06,2 wk ahead inc flu hosp,2023-02-18,19,quantile,0.95,68.2
2023-02-06,2 wk ahead inc flu hosp,2023-02-18,22,quantile,0.95,73.2
2023-02-06,2 wk ahead inc flu hosp,2023-02-18,39,quantile,0.95,149.1
2023-02-06,2 wk ahead inc flu hosp,2023-02-18,26,quantile,0.95,148.3
2023-02-06,2 wk ahead inc flu hosp,2023-02-18,46,quantile,0.95,47.4
2023-02-06,2 wk ahead inc flu hosp,2023-02-18,05,quantile,0.95,46.6
2023-02-06,2 wk ahead inc flu hosp,2023-02-18,10,quantile,0.95,29.3
2023-02-06,2 wk ahead inc flu hosp,2023-02-18,28,quantile,0.95,46.5
2023-02-06,2 wk ahead inc flu hosp,2023-02-18,35,quantile,0.95,40.1
2023-02-06,2 wk ahead inc flu hosp,2023-02-18,38,quantile,0.95,23.1
2023-02-06,2 wk ahead inc flu hosp,2023-02-18,56,quantile,0.95,10.2
2023-02-06,2 wk ahead inc flu hosp,2023-02-18,02,quantile,0.95,22.5
2023-02-06,2 wk ahead inc flu hosp,2023-02-18,23,quantile,0.95,28.2
2023-02-06,2 wk ahead inc flu hosp,2023-02-18,01,quantile,0.95,67.8
2023-02-06,2 wk ahead inc flu hosp,2023-02-18,16,quantile,0.95,34
2023-02-06,2 wk ahead inc flu hosp,2023-02-18,30,quantile,0.95,27.1
2023-02-06,2 wk ahead inc flu hosp,2023-02-18,72,quantile,0.95,80.9
2023-02-06,2 wk ahead inc flu hosp,2023-02-18,78,quantile,0.95,0.1
2023-02-06,2 wk ahead inc flu hosp,2023-02-18,54,quantile,0.95,47.7
2023-02-06,3 wk ahead inc flu hosp,2023-02-25,53,quantile,0.95,103.1
2023-02-06,3 wk ahead inc flu hosp,2023-02-25,17,quantile,0.95,183.6
2023-02-06,3 wk ahead inc flu hosp,2023-02-25,06,quantile,0.95,420.1
2023-02-06,3 wk ahead inc flu hosp,2023-02-25,04,quantile,0.95,106.8
2023-02-06,3 wk ahead inc flu hosp,2023-02-25,25,quantile,0.95,129.9
2023-02-06,3 wk ahead inc flu hosp,2023-02-25,55,quantile,0.95,129.3
2023-02-06,3 wk ahead inc flu hosp,2023-02-25,48,quantile,0.95,805.7
2023-02-06,3 wk ahead inc flu hosp,2023-02-25,31,quantile,0.95,23.8
2023-02-06,3 wk ahead inc flu hosp,2023-02-25,49,quantile,0.95,25
2023-02-06,3 wk ahead inc flu hosp,2023-02-25,41,quantile,0.95,47.6
2023-02-06,3 wk ahead inc flu hosp,2023-02-25,12,quantile,0.95,871.7
2023-02-06,3 wk ahead inc flu hosp,2023-02-25,36,quantile,0.95,399.9
2023-02-06,3 wk ahead inc flu hosp,2023-02-25,44,quantile,0.95,14.9
2023-02-06,3 wk ahead inc flu hosp,2023-02-25,13,quantile,0.95,263.3
2023-02-06,3 wk ahead inc flu hosp,2023-02-25,33,quantile,0.95,20.2
2023-02-06,3 wk ahead inc flu hosp,2023-02-25,37,quantile,0.95,132.5
2023-02-06,3 wk ahead inc flu hosp,2023-02-25,34,quantile,0.95,175.5
2023-02-06,3 wk ahead inc flu hosp,2023-02-25,08,quantile,0.95,114.3
2023-02-06,3 wk ahead inc flu hosp,2023-02-25,24,quantile,0.95,88.3
2023-02-06,3 wk ahead inc flu hosp,2023-02-25,32,quantile,0.95,31.2
2023-02-06,3 wk ahead inc flu hosp,2023-02-25,47,quantile,0.95,106.2
2023-02-06,3 wk ahead inc flu hosp,2023-02-25,15,quantile,0.95,31.2
2023-02-06,3 wk ahead inc flu hosp,2023-02-25,18,quantile,0.95,183.9
2023-02-06,3 wk ahead inc flu hosp,2023-02-25,21,quantile,0.95,52.2
2023-02-06,3 wk ahead inc flu hosp,2023-02-25,27,quantile,0.95,73.4
2023-02-06,3 wk ahead inc flu hosp,2023-02-25,40,quantile,0.95,115
2023-02-06,3 wk ahead inc flu hosp,2023-02-25,42,quantile,0.95,248.9
2023-02-06,3 wk ahead inc flu hosp,2023-02-25,45,quantile,0.95,130.2
2023-02-06,3 wk ahead inc flu hosp,2023-02-25,11,quantile,0.95,14.9
2023-02-06,3 wk ahead inc flu hosp,2023-02-25,20,quantile,0.95,57.7
2023-02-06,3 wk ahead inc flu hosp,2023-02-25,29,quantile,0.95,127.8
2023-02-06,3 wk ahead inc flu hosp,2023-02-25,50,quantile,0.95,13.7
2023-02-06,3 wk ahead inc flu hosp,2023-02-25,51,quantile,0.95,131.8
2023-02-06,3 wk ahead inc flu hosp,2023-02-25,09,quantile,0.95,59.7
2023-02-06,3 wk ahead inc flu hosp,2023-02-25,19,quantile,0.95,38.5
2023-02-06,3 wk ahead inc flu hosp,2023-02-25,22,quantile,0.95,76.1
2023-02-06,3 wk ahead inc flu hosp,2023-02-25,39,quantile,0.95,171.8
2023-02-06,3 wk ahead inc flu hosp,2023-02-25,26,quantile,0.95,143.8
2023-02-06,3 wk ahead inc flu hosp,2023-02-25,46,quantile,0.95,38.3
2023-02-06,3 wk ahead inc flu hosp,2023-02-25,05,quantile,0.95,62.6
2023-02-06,3 wk ahead inc flu hosp,2023-02-25,10,quantile,0.95,21.6
2023-02-06,3 wk ahead inc flu hosp,2023-02-25,28,quantile,0.95,49.6
2023-02-06,3 wk ahead inc flu hosp,2023-02-25,35,quantile,0.95,45.8
2023-02-06,3 wk ahead inc flu hosp,2023-02-25,38,quantile,0.95,25.7
2023-02-06,3 wk ahead inc flu hosp,2023-02-25,56,quantile,0.95,14.7
2023-02-06,3 wk ahead inc flu hosp,2023-02-25,02,quantile,0.95,17.4
2023-02-06,3 wk ahead inc flu hosp,2023-02-25,23,quantile,0.95,32.2
2023-02-06,3 wk ahead inc flu hosp,2023-02-25,01,quantile,0.95,76.5
2023-02-06,3 wk ahead inc flu hosp,2023-02-25,16,quantile,0.95,26.5
2023-02-06,3 wk ahead inc flu hosp,2023-02-25,30,quantile,0.95,23.6
2023-02-06,3 wk ahead inc flu hosp,2023-02-25,72,quantile,0.95,71.8
2023-02-06,3 wk ahead inc flu hosp,2023-02-25,78,quantile,0.95,0.1
2023-02-06,3 wk ahead inc flu hosp,2023-02-25,54,quantile,0.95,53.5
2023-02-06,4 wk ahead inc flu hosp,2023-03-04,53,quantile,0.95,81.9
2023-02-06,4 wk ahead inc flu hosp,2023-03-04,17,quantile,0.95,202.8
2023-02-06,4 wk ahead inc flu hosp,2023-03-04,06,quantile,0.95,729.7
2023-02-06,4 wk ahead inc flu hosp,2023-03-04,04,quantile,0.95,114
2023-02-06,4 wk ahead inc flu hosp,2023-03-04,25,quantile,0.95,194.6
2023-02-06,4 wk ahead inc flu hosp,2023-03-04,55,quantile,0.95,93.6
2023-02-06,4 wk ahead inc flu hosp,2023-03-04,48,quantile,0.95,620.1
2023-02-06,4 wk ahead inc flu hosp,2023-03-04,31,quantile,0.95,51
2023-02-06,4 wk ahead inc flu hosp,2023-03-04,49,quantile,0.95,33.1
2023-02-06,4 wk ahead inc flu hosp,2023-03-04,41,quantile,0.95,66.8
2023-02-06,4 wk ahead inc flu hosp,2023-03-04,12,quantile,0.95,678.8
2023-02-06,4 wk ahead inc flu hosp,2023-03-04,36,quantile,0.95,249.3
2023-02-06,4 wk ahead inc flu hosp,2023-03-04,44,quantile,0.95,15.8
2023-02-06,4 wk ahead inc flu hosp,2023-03-04,13,quantile,0.95,298.8
2023-02-06,4 wk ahead inc flu hosp,2023-03-04,33,quantile,0.95,24.6
2023-02-06,4 wk ahead inc flu hosp,2023-03-04,37,quantile,0.95,136.1
2023-02-06,4 wk ahead inc flu hosp,2023-03-04,34,quantile,0.95,126.6
2023-02-06,4 wk ahead inc flu hosp,2023-03-04,08,quantile,0.95,97.4
2023-02-06,4 wk ahead inc flu hosp,2023-03-04,24,quantile,0.95,98.1
2023-02-06,4 wk ahead inc flu hosp,2023-03-04,32,quantile,0.95,46.2
2023-02-06,4 wk ahead inc flu hosp,2023-03-04,47,quantile,0.95,183.5
2023-02-06,4 wk ahead inc flu hosp,2023-03-04,15,quantile,0.95,42.8
2023-02-06,4 wk ahead inc flu hosp,2023-03-04,18,quantile,0.95,137.2
2023-02-06,4 wk ahead inc flu hosp,2023-03-04,21,quantile,0.95,54.5
2023-02-06,4 wk ahead inc flu hosp,2023-03-04,27,quantile,0.95,60.7
2023-02-06,4 wk ahead inc flu hosp,2023-03-04,40,quantile,0.95,158.9
2023-02-06,4 wk ahead inc flu hosp,2023-03-04,42,quantile,0.95,218.7
2023-02-06,4 wk ahead inc flu hosp,2023-03-04,45,quantile,0.95,203.6
2023-02-06,4 wk ahead inc flu hosp,2023-03-04,11,quantile,0.95,15.8
2023-02-06,4 wk ahead inc flu hosp,2023-03-04,20,quantile,0.95,108.4
2023-02-06,4 wk ahead inc flu hosp,2023-03-04,29,quantile,0.95,189.7
2023-02-06,4 wk ahead inc flu hosp,2023-03-04,50,quantile,0.95,10.7
2023-02-06,4 wk ahead inc flu hosp,2023-03-04,51,quantile,0.95,176
2023-02-06,4 wk ahead inc flu hosp,2023-03-04,09,quantile,0.95,56.4
2023-02-06,4 wk ahead inc flu hosp,2023-03-04,19,quantile,0.95,68.2
2023-02-06,4 wk ahead inc flu hosp,2023-03-04,22,quantile,0.95,91.1
2023-02-06,4 wk ahead inc flu hosp,2023-03-04,39,quantile,0.95,177.6
2023-02-06,4 wk ahead inc flu hosp,2023-03-04,26,quantile,0.95,165.9
2023-02-06,4 wk ahead inc flu hosp,2023-03-04,46,quantile,0.95,31.3
2023-02-06,4 wk ahead inc flu hosp,2023-03-04,05,quantile,0.95,118.2
2023-02-06,4 wk ahead inc flu hosp,2023-03-04,10,quantile,0.95,25.5
2023-02-06,4 wk ahead inc flu hosp,2023-03-04,28,quantile,0.95,46.2
2023-02-06,4 wk ahead inc flu hosp,2023-03-04,35,quantile,0.95,31.2
2023-02-06,4 wk ahead inc flu hosp,2023-03-04,38,quantile,0.95,24.1
2023-02-06,4 wk ahead inc flu hosp,2023-03-04,56,quantile,0.95,17.3
2023-02-06,4 wk ahead inc flu hosp,2023-03-04,02,quantile,0.95,14.7
2023-02-06,4 wk ahead inc flu hosp,2023-03-04,23,quantile,0.95,35.6
2023-02-06,4 wk ahead inc flu hosp,2023-03-04,01,quantile,0.95,123.2
2023-02-06,4 wk ahead inc flu hosp,2023-03-04,16,quantile,0.95,43
2023-02-06,4 wk ahead inc flu hosp,2023-03-04,30,quantile,0.95,22.1
2023-02-06,4 wk ahead inc flu hosp,2023-03-04,72,quantile,0.95,167.6
2023-02-06,4 wk ahead inc flu hosp,2023-03-04,78,quantile,0.95,0.2
2023-02-06,4 wk ahead inc flu hosp,2023-03-04,54,quantile,0.95,37.4
2023-02-06,1 wk ahead inc flu hosp,2023-02-11,53,quantile,0.975,121.6
2023-02-06,1 wk ahead inc flu hosp,2023-02-11,17,quantile,0.975,185.1
2023-02-06,1 wk ahead inc flu hosp,2023-02-11,06,quantile,0.975,446.6
2023-02-06,1 wk ahead inc flu hosp,2023-02-11,04,quantile,0.975,117.2
2023-02-06,1 wk ahead inc flu hosp,2023-02-11,25,quantile,0.975,175.2
2023-02-06,1 wk ahead inc flu hosp,2023-02-11,55,quantile,0.975,122.4
2023-02-06,1 wk ahead inc flu hosp,2023-02-11,48,quantile,0.975,918.4
2023-02-06,1 wk ahead inc flu hosp,2023-02-11,31,quantile,0.975,40.6
2023-02-06,1 wk ahead inc flu hosp,2023-02-11,49,quantile,0.975,34.1
2023-02-06,1 wk ahead inc flu hosp,2023-02-11,41,quantile,0.975,49.9
2023-02-06,1 wk ahead inc flu hosp,2023-02-11,12,quantile,0.975,687.2
2023-02-06,1 wk ahead inc flu hosp,2023-02-11,36,quantile,0.975,292.8
2023-02-06,1 wk ahead inc flu hosp,2023-02-11,44,quantile,0.975,18.2
2023-02-06,1 wk ahead inc flu hosp,2023-02-11,13,quantile,0.975,261.8
2023-02-06,1 wk ahead inc flu hosp,2023-02-11,33,quantile,0.975,35.9
2023-02-06,1 wk ahead inc flu hosp,2023-02-11,37,quantile,0.975,160.9
2023-02-06,1 wk ahead inc flu hosp,2023-02-11,34,quantile,0.975,128.8
2023-02-06,1 wk ahead inc flu hosp,2023-02-11,08,quantile,0.975,126.9
2023-02-06,1 wk ahead inc flu hosp,2023-02-11,24,quantile,0.975,123.5
2023-02-06,1 wk ahead inc flu hosp,2023-02-11,32,quantile,0.975,35
2023-02-06,1 wk ahead inc flu hosp,2023-02-11,47,quantile,0.975,121
2023-02-06,1 wk ahead inc flu hosp,2023-02-11,15,quantile,0.975,30.4
2023-02-06,1 wk ahead inc flu hosp,2023-02-11,18,quantile,0.975,121.1
2023-02-06,1 wk ahead inc flu hosp,2023-02-11,21,quantile,0.975,82.3
2023-02-06,1 wk ahead inc flu hosp,2023-02-11,27,quantile,0.975,87.6
2023-02-06,1 wk ahead inc flu hosp,2023-02-11,40,quantile,0.975,128.9
2023-02-06,1 wk ahead inc flu hosp,2023-02-11,42,quantile,0.975,278.1
2023-02-06,1 wk ahead inc flu hosp,2023-02-11,45,quantile,0.975,71.1
2023-02-06,1 wk ahead inc flu hosp,2023-02-11,11,quantile,0.975,21.3
2023-02-06,1 wk ahead inc flu hosp,2023-02-11,20,quantile,0.975,49.9
2023-02-06,1 wk ahead inc flu hosp,2023-02-11,29,quantile,0.975,140.9
2023-02-06,1 wk ahead inc flu hosp,2023-02-11,50,quantile,0.975,14.2
2023-02-06,1 wk ahead inc flu hosp,2023-02-11,51,quantile,0.975,162.6
2023-02-06,1 wk ahead inc flu hosp,2023-02-11,09,quantile,0.975,64.7
2023-02-06,1 wk ahead inc flu hosp,2023-02-11,19,quantile,0.975,67.1
2023-02-06,1 wk ahead inc flu hosp,2023-02-11,22,quantile,0.975,80
2023-02-06,1 wk ahead inc flu hosp,2023-02-11,39,quantile,0.975,263.6
2023-02-06,1 wk ahead inc flu hosp,2023-02-11,26,quantile,0.975,207.7
2023-02-06,1 wk ahead inc flu hosp,2023-02-11,46,quantile,0.975,35.2
2023-02-06,1 wk ahead inc flu hosp,2023-02-11,05,quantile,0.975,64
2023-02-06,1 wk ahead inc flu hosp,2023-02-11,10,quantile,0.975,33.4
2023-02-06,1 wk ahead inc flu hosp,2023-02-11,28,quantile,0.975,76.8
2023-02-06,1 wk ahead inc flu hosp,2023-02-11,35,quantile,0.975,34.1
2023-02-06,1 wk ahead inc flu hosp,2023-02-11,38,quantile,0.975,40.6
2023-02-06,1 wk ahead inc flu hosp,2023-02-11,56,quantile,0.975,11.8
2023-02-06,1 wk ahead inc flu hosp,2023-02-11,02,quantile,0.975,22.9
2023-02-06,1 wk ahead inc flu hosp,2023-02-11,23,quantile,0.975,31.8
2023-02-06,1 wk ahead inc flu hosp,2023-02-11,01,quantile,0.975,70.7
2023-02-06,1 wk ahead inc flu hosp,2023-02-11,16,quantile,0.975,31.5
2023-02-06,1 wk ahead inc flu hosp,2023-02-11,30,quantile,0.975,31.8
2023-02-06,1 wk ahead inc flu hosp,2023-02-11,72,quantile,0.975,115.9
2023-02-06,1 wk ahead inc flu hosp,2023-02-11,78,quantile,0.975,0.1
2023-02-06,1 wk ahead inc flu hosp,2023-02-11,54,quantile,0.975,61.9
2023-02-06,2 wk ahead inc flu hosp,2023-02-18,53,quantile,0.975,144.1
2023-02-06,2 wk ahead inc flu hosp,2023-02-18,17,quantile,0.975,245
2023-02-06,2 wk ahead inc flu hosp,2023-02-18,06,quantile,0.975,389
2023-02-06,2 wk ahead inc flu hosp,2023-02-18,04,quantile,0.975,146.3
2023-02-06,2 wk ahead inc flu hosp,2023-02-18,25,quantile,0.975,183.3
2023-02-06,2 wk ahead inc flu hosp,2023-02-18,55,quantile,0.975,108.4
2023-02-06,2 wk ahead inc flu hosp,2023-02-18,48,quantile,0.975,750.1
2023-02-06,2 wk ahead inc flu hosp,2023-02-18,31,quantile,0.975,46.8
2023-02-06,2 wk ahead inc flu hosp,2023-02-18,49,quantile,0.975,34.9
2023-02-06,2 wk ahead inc flu hosp,2023-02-18,41,quantile,0.975,59.9
2023-02-06,2 wk ahead inc flu hosp,2023-02-18,12,quantile,0.975,549.3
2023-02-06,2 wk ahead inc flu hosp,2023-02-18,36,quantile,0.975,300.3
2023-02-06,2 wk ahead inc flu hosp,2023-02-18,44,quantile,0.975,18.6
2023-02-06,2 wk ahead inc flu hosp,2023-02-18,13,quantile,0.975,266.2
2023-02-06,2 wk ahead inc flu hosp,2023-02-18,33,quantile,0.975,38.9
2023-02-06,2 wk ahead inc flu hosp,2023-02-18,37,quantile,0.975,128.5
2023-02-06,2 wk ahead inc flu hosp,2023-02-18,34,quantile,0.975,115.5
2023-02-06,2 wk ahead inc flu hosp,2023-02-18,08,quantile,0.975,125.6
2023-02-06,2 wk ahead inc flu hosp,2023-02-18,24,quantile,0.975,106.6
2023-02-06,2 wk ahead inc flu hosp,2023-02-18,32,quantile,0.975,35.3
2023-02-06,2 wk ahead inc flu hosp,2023-02-18,47,quantile,0.975,127
2023-02-06,2 wk ahead inc flu hosp,2023-02-18,15,quantile,0.975,36
2023-02-06,2 wk ahead inc flu hosp,2023-02-18,18,quantile,0.975,118.8
2023-02-06,2 wk ahead inc flu hosp,2023-02-18,21,quantile,0.975,81.4
2023-02-06,2 wk ahead inc flu hosp,2023-02-18,27,quantile,0.975,63
2023-02-06,2 wk ahead inc flu hosp,2023-02-18,40,quantile,0.975,150.2
2023-02-06,2 wk ahead inc flu hosp,2023-02-18,42,quantile,0.975,250
2023-02-06,2 wk ahead inc flu hosp,2023-02-18,45,quantile,0.975,79.4
2023-02-06,2 wk ahead inc flu hosp,2023-02-18,11,quantile,0.975,20
2023-02-06,2 wk ahead inc flu hosp,2023-02-18,20,quantile,0.975,56.6
2023-02-06,2 wk ahead inc flu hosp,2023-02-18,29,quantile,0.975,142.2
2023-02-06,2 wk ahead inc flu hosp,2023-02-18,50,quantile,0.975,18.3
2023-02-06,2 wk ahead inc flu hosp,2023-02-18,51,quantile,0.975,167.2
2023-02-06,2 wk ahead inc flu hosp,2023-02-18,09,quantile,0.975,81.7
2023-02-06,2 wk ahead inc flu hosp,2023-02-18,19,quantile,0.975,86.2
2023-02-06,2 wk ahead inc flu hosp,2023-02-18,22,quantile,0.975,91.3
2023-02-06,2 wk ahead inc flu hosp,2023-02-18,39,quantile,0.975,175.7
2023-02-06,2 wk ahead inc flu hosp,2023-02-18,26,quantile,0.975,180.6
2023-02-06,2 wk ahead inc flu hosp,2023-02-18,46,quantile,0.975,54.4
2023-02-06,2 wk ahead inc flu hosp,2023-02-18,05,quantile,0.975,56.3
2023-02-06,2 wk ahead inc flu hosp,2023-02-18,10,quantile,0.975,33.4
2023-02-06,2 wk ahead inc flu hosp,2023-02-18,28,quantile,0.975,54.3
2023-02-06,2 wk ahead inc flu hosp,2023-02-18,35,quantile,0.975,51.2
2023-02-06,2 wk ahead inc flu hosp,2023-02-18,38,quantile,0.975,29
2023-02-06,2 wk ahead inc flu hosp,2023-02-18,56,quantile,0.975,12.8
2023-02-06,2 wk ahead inc flu hosp,2023-02-18,02,quantile,0.975,33.8
2023-02-06,2 wk ahead inc flu hosp,2023-02-18,23,quantile,0.975,33.4
2023-02-06,2 wk ahead inc flu hosp,2023-02-18,01,quantile,0.975,78.9
2023-02-06,2 wk ahead inc flu hosp,2023-02-18,16,quantile,0.975,41.2
2023-02-06,2 wk ahead inc flu hosp,2023-02-18,30,quantile,0.975,29.5
2023-02-06,2 wk ahead inc flu hosp,2023-02-18,72,quantile,0.975,97.6
2023-02-06,2 wk ahead inc flu hosp,2023-02-18,78,quantile,0.975,0.2
2023-02-06,2 wk ahead inc flu hosp,2023-02-18,54,quantile,0.975,54.8
2023-02-06,3 wk ahead inc flu hosp,2023-02-25,53,quantile,0.975,218.4
2023-02-06,3 wk ahead inc flu hosp,2023-02-25,17,quantile,0.975,249.4
2023-02-06,3 wk ahead inc flu hosp,2023-02-25,06,quantile,0.975,530.3
2023-02-06,3 wk ahead inc flu hosp,2023-02-25,04,quantile,0.975,163.4
2023-02-06,3 wk ahead inc flu hosp,2023-02-25,25,quantile,0.975,149.9
2023-02-06,3 wk ahead inc flu hosp,2023-02-25,55,quantile,0.975,183.7
2023-02-06,3 wk ahead inc flu hosp,2023-02-25,48,quantile,0.975,1024.6
2023-02-06,3 wk ahead inc flu hosp,2023-02-25,31,quantile,0.975,33.1
2023-02-06,3 wk ahead inc flu hosp,2023-02-25,49,quantile,0.975,34.8
2023-02-06,3 wk ahead inc flu hosp,2023-02-25,41,quantile,0.975,57.6
2023-02-06,3 wk ahead inc flu hosp,2023-02-25,12,quantile,0.975,1079.8
2023-02-06,3 wk ahead inc flu hosp,2023-02-25,36,quantile,0.975,550.8
2023-02-06,3 wk ahead inc flu hosp,2023-02-25,44,quantile,0.975,18.8
2023-02-06,3 wk ahead inc flu hosp,2023-02-25,13,quantile,0.975,307.1
2023-02-06,3 wk ahead inc flu hosp,2023-02-25,33,quantile,0.975,29
2023-02-06,3 wk ahead inc flu hosp,2023-02-25,37,quantile,0.975,165.5
2023-02-06,3 wk ahead inc flu hosp,2023-02-25,34,quantile,0.975,195.7
2023-02-06,3 wk ahead inc flu hosp,2023-02-25,08,quantile,0.975,132
2023-02-06,3 wk ahead inc flu hosp,2023-02-25,24,quantile,0.975,96.6
2023-02-06,3 wk ahead inc flu hosp,2023-02-25,32,quantile,0.975,36.3
2023-02-06,3 wk ahead inc flu hosp,2023-02-25,47,quantile,0.975,133
2023-02-06,3 wk ahead inc flu hosp,2023-02-25,15,quantile,0.975,39.4
2023-02-06,3 wk ahead inc flu hosp,2023-02-25,18,quantile,0.975,226
2023-02-06,3 wk ahead inc flu hosp,2023-02-25,21,quantile,0.975,85.2
2023-02-06,3 wk ahead inc flu hosp,2023-02-25,27,quantile,0.975,109.3
2023-02-06,3 wk ahead inc flu hosp,2023-02-25,40,quantile,0.975,149.6
2023-02-06,3 wk ahead inc flu hosp,2023-02-25,42,quantile,0.975,327.2
2023-02-06,3 wk ahead inc flu hosp,2023-02-25,45,quantile,0.975,181.6
2023-02-06,3 wk ahead inc flu hosp,2023-02-25,11,quantile,0.975,20.9
2023-02-06,3 wk ahead inc flu hosp,2023-02-25,20,quantile,0.975,88
2023-02-06,3 wk ahead inc flu hosp,2023-02-25,29,quantile,0.975,178.7
2023-02-06,3 wk ahead inc flu hosp,2023-02-25,50,quantile,0.975,18.8
2023-02-06,3 wk ahead inc flu hosp,2023-02-25,51,quantile,0.975,167.8
2023-02-06,3 wk ahead inc flu hosp,2023-02-25,09,quantile,0.975,74.7
2023-02-06,3 wk ahead inc flu hosp,2023-02-25,19,quantile,0.975,51.2
2023-02-06,3 wk ahead inc flu hosp,2023-02-25,22,quantile,0.975,101.9
2023-02-06,3 wk ahead inc flu hosp,2023-02-25,39,quantile,0.975,244.7
2023-02-06,3 wk ahead inc flu hosp,2023-02-25,26,quantile,0.975,248.9
2023-02-06,3 wk ahead inc flu hosp,2023-02-25,46,quantile,0.975,55.4
2023-02-06,3 wk ahead inc flu hosp,2023-02-25,05,quantile,0.975,96.6
2023-02-06,3 wk ahead inc flu hosp,2023-02-25,10,quantile,0.975,29.4
2023-02-06,3 wk ahead inc flu hosp,2023-02-25,28,quantile,0.975,55.9
2023-02-06,3 wk ahead inc flu hosp,2023-02-25,35,quantile,0.975,54.9
2023-02-06,3 wk ahead inc flu hosp,2023-02-25,38,quantile,0.975,33.8
2023-02-06,3 wk ahead inc flu hosp,2023-02-25,56,quantile,0.975,17.3
2023-02-06,3 wk ahead inc flu hosp,2023-02-25,02,quantile,0.975,19.8
2023-02-06,3 wk ahead inc flu hosp,2023-02-25,23,quantile,0.975,40.1
2023-02-06,3 wk ahead inc flu hosp,2023-02-25,01,quantile,0.975,91.4
2023-02-06,3 wk ahead inc flu hosp,2023-02-25,16,quantile,0.975,39.4
2023-02-06,3 wk ahead inc flu hosp,2023-02-25,30,quantile,0.975,36.4
2023-02-06,3 wk ahead inc flu hosp,2023-02-25,72,quantile,0.975,85.7
2023-02-06,3 wk ahead inc flu hosp,2023-02-25,78,quantile,0.975,0.4
2023-02-06,3 wk ahead inc flu hosp,2023-02-25,54,quantile,0.975,72.7
2023-02-06,4 wk ahead inc flu hosp,2023-03-04,53,quantile,0.975,98.6
2023-02-06,4 wk ahead inc flu hosp,2023-03-04,17,quantile,0.975,274.6
2023-02-06,4 wk ahead inc flu hosp,2023-03-04,06,quantile,0.975,1003
2023-02-06,4 wk ahead inc flu hosp,2023-03-04,04,quantile,0.975,164.2
2023-02-06,4 wk ahead inc flu hosp,2023-03-04,25,quantile,0.975,232.8
2023-02-06,4 wk ahead inc flu hosp,2023-03-04,55,quantile,0.975,117.4
2023-02-06,4 wk ahead inc flu hosp,2023-03-04,48,quantile,0.975,738.4
2023-02-06,4 wk ahead inc flu hosp,2023-03-04,31,quantile,0.975,67.3
2023-02-06,4 wk ahead inc flu hosp,2023-03-04,49,quantile,0.975,51.6
2023-02-06,4 wk ahead inc flu hosp,2023-03-04,41,quantile,0.975,87
2023-02-06,4 wk ahead inc flu hosp,2023-03-04,12,quantile,0.975,870.6
2023-02-06,4 wk ahead inc flu hosp,2023-03-04,36,quantile,0.975,374.9
2023-02-06,4 wk ahead inc flu hosp,2023-03-04,44,quantile,0.975,24
2023-02-06,4 wk ahead inc flu hosp,2023-03-04,13,quantile,0.975,335.2
2023-02-06,4 wk ahead inc flu hosp,2023-03-04,33,quantile,0.975,29.9
2023-02-06,4 wk ahead inc flu hosp,2023-03-04,37,quantile,0.975,164.5
2023-02-06,4 wk ahead inc flu hosp,2023-03-04,34,quantile,0.975,230.2
2023-02-06,4 wk ahead inc flu hosp,2023-03-04,08,quantile,0.975,125.3
2023-02-06,4 wk ahead inc flu hosp,2023-03-04,24,quantile,0.975,108.2
2023-02-06,4 wk ahead inc flu hosp,2023-03-04,32,quantile,0.975,57.2
2023-02-06,4 wk ahead inc flu hosp,2023-03-04,47,quantile,0.975,260.3
2023-02-06,4 wk ahead inc flu hosp,2023-03-04,15,quantile,0.975,49.5
2023-02-06,4 wk ahead inc flu hosp,2023-03-04,18,quantile,0.975,280.8
2023-02-06,4 wk ahead inc flu hosp,2023-03-04,21,quantile,0.975,77.8
2023-02-06,4 wk ahead inc flu hosp,2023-03-04,27,quantile,0.975,94.8
2023-02-06,4 wk ahead inc flu hosp,2023-03-04,40,quantile,0.975,235.7
2023-02-06,4 wk ahead inc flu hosp,2023-03-04,42,quantile,0.975,376.6
2023-02-06,4 wk ahead inc flu hosp,2023-03-04,45,quantile,0.975,280.5
2023-02-06,4 wk ahead inc flu hosp,2023-03-04,11,quantile,0.975,19.8
2023-02-06,4 wk ahead inc flu hosp,2023-03-04,20,quantile,0.975,137.1
2023-02-06,4 wk ahead inc flu hosp,2023-03-04,29,quantile,0.975,259.2
2023-02-06,4 wk ahead inc flu hosp,2023-03-04,50,quantile,0.975,13.4
2023-02-06,4 wk ahead inc flu hosp,2023-03-04,51,quantile,0.975,238.9
2023-02-06,4 wk ahead inc flu hosp,2023-03-04,09,quantile,0.975,70.7
2023-02-06,4 wk ahead inc flu hosp,2023-03-04,19,quantile,0.975,83.3
2023-02-06,4 wk ahead inc flu hosp,2023-03-04,22,quantile,0.975,164.2
2023-02-06,4 wk ahead inc flu hosp,2023-03-04,39,quantile,0.975,216.2
2023-02-06,4 wk ahead inc flu hosp,2023-03-04,26,quantile,0.975,289.8
2023-02-06,4 wk ahead inc flu hosp,2023-03-04,46,quantile,0.975,39.4
2023-02-06,4 wk ahead inc flu hosp,2023-03-04,05,quantile,0.975,162.2
2023-02-06,4 wk ahead inc flu hosp,2023-03-04,10,quantile,0.975,33.2
2023-02-06,4 wk ahead inc flu hosp,2023-03-04,28,quantile,0.975,55.4
2023-02-06,4 wk ahead inc flu hosp,2023-03-04,35,quantile,0.975,38.9
2023-02-06,4 wk ahead inc flu hosp,2023-03-04,38,quantile,0.975,30.2
2023-02-06,4 wk ahead inc flu hosp,2023-03-04,56,quantile,0.975,26.5
2023-02-06,4 wk ahead inc flu hosp,2023-03-04,02,quantile,0.975,18.2
2023-02-06,4 wk ahead inc flu hosp,2023-03-04,23,quantile,0.975,56.8
2023-02-06,4 wk ahead inc flu hosp,2023-03-04,01,quantile,0.975,217.7
2023-02-06,4 wk ahead inc flu hosp,2023-03-04,16,quantile,0.975,74.3
2023-02-06,4 wk ahead inc flu hosp,2023-03-04,30,quantile,0.975,24.8
2023-02-06,4 wk ahead inc flu hosp,2023-03-04,72,quantile,0.975,215.2
2023-02-06,4 wk ahead inc flu hosp,2023-03-04,78,quantile,0.975,0.8
2023-02-06,4 wk ahead inc flu hosp,2023-03-04,54,quantile,0.975,43.8
2023-02-06,1 wk ahead inc flu hosp,2023-02-11,53,quantile,0.99,171.7
2023-02-06,1 wk ahead inc flu hosp,2023-02-11,17,quantile,0.99,241.8
2023-02-06,1 wk ahead inc flu hosp,2023-02-11,06,quantile,0.99,627.2
2023-02-06,1 wk ahead inc flu hosp,2023-02-11,04,quantile,0.99,139.9
2023-02-06,1 wk ahead inc flu hosp,2023-02-11,25,quantile,0.99,236.6
2023-02-06,1 wk ahead inc flu hosp,2023-02-11,55,quantile,0.99,146.6
2023-02-06,1 wk ahead inc flu hosp,2023-02-11,48,quantile,0.99,1213.5
2023-02-06,1 wk ahead inc flu hosp,2023-02-11,31,quantile,0.99,49.2
2023-02-06,1 wk ahead inc flu hosp,2023-02-11,49,quantile,0.99,40
2023-02-06,1 wk ahead inc flu hosp,2023-02-11,41,quantile,0.99,74
2023-02-06,1 wk ahead inc flu hosp,2023-02-11,12,quantile,0.99,785.2
2023-02-06,1 wk ahead inc flu hosp,2023-02-11,36,quantile,0.99,415.6
2023-02-06,1 wk ahead inc flu hosp,2023-02-11,44,quantile,0.99,25.2
2023-02-06,1 wk ahead inc flu hosp,2023-02-11,13,quantile,0.99,320.2
2023-02-06,1 wk ahead inc flu hosp,2023-02-11,33,quantile,0.99,42.5
2023-02-06,1 wk ahead inc flu hosp,2023-02-11,37,quantile,0.99,181.4
2023-02-06,1 wk ahead inc flu hosp,2023-02-11,34,quantile,0.99,171.6
2023-02-06,1 wk ahead inc flu hosp,2023-02-11,08,quantile,0.99,167.9
2023-02-06,1 wk ahead inc flu hosp,2023-02-11,24,quantile,0.99,187.6
2023-02-06,1 wk ahead inc flu hosp,2023-02-11,32,quantile,0.99,41.7
2023-02-06,1 wk ahead inc flu hosp,2023-02-11,47,quantile,0.99,169.8
2023-02-06,1 wk ahead inc flu hosp,2023-02-11,15,quantile,0.99,37.6
2023-02-06,1 wk ahead inc flu hosp,2023-02-11,18,quantile,0.99,173.3
2023-02-06,1 wk ahead inc flu hosp,2023-02-11,21,quantile,0.99,105.1
2023-02-06,1 wk ahead inc flu hosp,2023-02-11,27,quantile,0.99,120.9
2023-02-06,1 wk ahead inc flu hosp,2023-02-11,40,quantile,0.99,148.7
2023-02-06,1 wk ahead inc flu hosp,2023-02-11,42,quantile,0.99,395.4
2023-02-06,1 wk ahead inc flu hosp,2023-02-11,45,quantile,0.99,79.6
2023-02-06,1 wk ahead inc flu hosp,2023-02-11,11,quantile,0.99,24.9
2023-02-06,1 wk ahead inc flu hosp,2023-02-11,20,quantile,0.99,59.4
2023-02-06,1 wk ahead inc flu hosp,2023-02-11,29,quantile,0.99,201.3
2023-02-06,1 wk ahead inc flu hosp,2023-02-11,50,quantile,0.99,16.8
2023-02-06,1 wk ahead inc flu hosp,2023-02-11,51,quantile,0.99,191.6
2023-02-06,1 wk ahead inc flu hosp,2023-02-11,09,quantile,0.99,87.1
2023-02-06,1 wk ahead inc flu hosp,2023-02-11,19,quantile,0.99,80.1
2023-02-06,1 wk ahead inc flu hosp,2023-02-11,22,quantile,0.99,125.3
2023-02-06,1 wk ahead inc flu hosp,2023-02-11,39,quantile,0.99,283.4
2023-02-06,1 wk ahead inc flu hosp,2023-02-11,26,quantile,0.99,260.2
2023-02-06,1 wk ahead inc flu hosp,2023-02-11,46,quantile,0.99,39.6
2023-02-06,1 wk ahead inc flu hosp,2023-02-11,05,quantile,0.99,85.4
2023-02-06,1 wk ahead inc flu hosp,2023-02-11,10,quantile,0.99,36.5
2023-02-06,1 wk ahead inc flu hosp,2023-02-11,28,quantile,0.99,97
2023-02-06,1 wk ahead inc flu hosp,2023-02-11,35,quantile,0.99,43.5
2023-02-06,1 wk ahead inc flu hosp,2023-02-11,38,quantile,0.99,46.1
2023-02-06,1 wk ahead inc flu hosp,2023-02-11,56,quantile,0.99,16.2
2023-02-06,1 wk ahead inc flu hosp,2023-02-11,02,quantile,0.99,26.9
2023-02-06,1 wk ahead inc flu hosp,2023-02-11,23,quantile,0.99,40
2023-02-06,1 wk ahead inc flu hosp,2023-02-11,01,quantile,0.99,101.7
2023-02-06,1 wk ahead inc flu hosp,2023-02-11,16,quantile,0.99,42.5
2023-02-06,1 wk ahead inc flu hosp,2023-02-11,30,quantile,0.99,37.5
2023-02-06,1 wk ahead inc flu hosp,2023-02-11,72,quantile,0.99,132.3
2023-02-06,1 wk ahead inc flu hosp,2023-02-11,78,quantile,0.99,0.2
2023-02-06,1 wk ahead inc flu hosp,2023-02-11,54,quantile,0.99,68.8
2023-02-06,2 wk ahead inc flu hosp,2023-02-18,53,quantile,0.99,171.2
2023-02-06,2 wk ahead inc flu hosp,2023-02-18,17,quantile,0.99,270.2
2023-02-06,2 wk ahead inc flu hosp,2023-02-18,06,quantile,0.99,445.8
2023-02-06,2 wk ahead inc flu hosp,2023-02-18,04,quantile,0.99,194.9
2023-02-06,2 wk ahead inc flu hosp,2023-02-18,25,quantile,0.99,239.2
2023-02-06,2 wk ahead inc flu hosp,2023-02-18,55,quantile,0.99,136.4
2023-02-06,2 wk ahead inc flu hosp,2023-02-18,48,quantile,0.99,994.8
2023-02-06,2 wk ahead inc flu hosp,2023-02-18,31,quantile,0.99,67.5
2023-02-06,2 wk ahead inc flu hosp,2023-02-18,49,quantile,0.99,41.4
2023-02-06,2 wk ahead inc flu hosp,2023-02-18,41,quantile,0.99,81.3
2023-02-06,2 wk ahead inc flu hosp,2023-02-18,12,quantile,0.99,635.5
2023-02-06,2 wk ahead inc flu hosp,2023-02-18,36,quantile,0.99,357.7
2023-02-06,2 wk ahead inc flu hosp,2023-02-18,44,quantile,0.99,23.9
2023-02-06,2 wk ahead inc flu hosp,2023-02-18,13,quantile,0.99,311.1
2023-02-06,2 wk ahead inc flu hosp,2023-02-18,33,quantile,0.99,58.3
2023-02-06,2 wk ahead inc flu hosp,2023-02-18,37,quantile,0.99,173.2
2023-02-06,2 wk ahead inc flu hosp,2023-02-18,34,quantile,0.99,130.8
2023-02-06,2 wk ahead inc flu hosp,2023-02-18,08,quantile,0.99,158.2
2023-02-06,2 wk ahead inc flu hosp,2023-02-18,24,quantile,0.99,131.9
2023-02-06,2 wk ahead inc flu hosp,2023-02-18,32,quantile,0.99,38.1
2023-02-06,2 wk ahead inc flu hosp,2023-02-18,47,quantile,0.99,140
2023-02-06,2 wk ahead inc flu hosp,2023-02-18,15,quantile,0.99,39.2
2023-02-06,2 wk ahead inc flu hosp,2023-02-18,18,quantile,0.99,139.4
2023-02-06,2 wk ahead inc flu hosp,2023-02-18,21,quantile,0.99,95.5
2023-02-06,2 wk ahead inc flu hosp,2023-02-18,27,quantile,0.99,77.4
2023-02-06,2 wk ahead inc flu hosp,2023-02-18,40,quantile,0.99,171.6
2023-02-06,2 wk ahead inc flu hosp,2023-02-18,42,quantile,0.99,325
2023-02-06,2 wk ahead inc flu hosp,2023-02-18,45,quantile,0.99,92.6
2023-02-06,2 wk ahead inc flu hosp,2023-02-18,11,quantile,0.99,23.5
2023-02-06,2 wk ahead inc flu hosp,2023-02-18,20,quantile,0.99,63.3
2023-02-06,2 wk ahead inc flu hosp,2023-02-18,29,quantile,0.99,172.2
2023-02-06,2 wk ahead inc flu hosp,2023-02-18,50,quantile,0.99,23.6
2023-02-06,2 wk ahead inc flu hosp,2023-02-18,51,quantile,0.99,191
2023-02-06,2 wk ahead inc flu hosp,2023-02-18,09,quantile,0.99,97.7
2023-02-06,2 wk ahead inc flu hosp,2023-02-18,19,quantile,0.99,103.5
2023-02-06,2 wk ahead inc flu hosp,2023-02-18,22,quantile,0.99,128.9
2023-02-06,2 wk ahead inc flu hosp,2023-02-18,39,quantile,0.99,253.9
2023-02-06,2 wk ahead inc flu hosp,2023-02-18,26,quantile,0.99,212.2
2023-02-06,2 wk ahead inc flu hosp,2023-02-18,46,quantile,0.99,60.9
2023-02-06,2 wk ahead inc flu hosp,2023-02-18,05,quantile,0.99,70.3
2023-02-06,2 wk ahead inc flu hosp,2023-02-18,10,quantile,0.99,45.7
2023-02-06,2 wk ahead inc flu hosp,2023-02-18,28,quantile,0.99,77.6
2023-02-06,2 wk ahead inc flu hosp,2023-02-18,35,quantile,0.99,60.7
2023-02-06,2 wk ahead inc flu hosp,2023-02-18,38,quantile,0.99,38.9
2023-02-06,2 wk ahead inc flu hosp,2023-02-18,56,quantile,0.99,15.9
2023-02-06,2 wk ahead inc flu hosp,2023-02-18,02,quantile,0.99,37.3
2023-02-06,2 wk ahead inc flu hosp,2023-02-18,23,quantile,0.99,46.7
2023-02-06,2 wk ahead inc flu hosp,2023-02-18,01,quantile,0.99,101.3
2023-02-06,2 wk ahead inc flu hosp,2023-02-18,16,quantile,0.99,46.3
2023-02-06,2 wk ahead inc flu hosp,2023-02-18,30,quantile,0.99,45.7
2023-02-06,2 wk ahead inc flu hosp,2023-02-18,72,quantile,0.99,117.7
2023-02-06,2 wk ahead inc flu hosp,2023-02-18,78,quantile,0.99,0.5
2023-02-06,2 wk ahead inc flu hosp,2023-02-18,54,quantile,0.99,76.4
2023-02-06,3 wk ahead inc flu hosp,2023-02-25,53,quantile,0.99,268.8
2023-02-06,3 wk ahead inc flu hosp,2023-02-25,17,quantile,0.99,266.3
2023-02-06,3 wk ahead inc flu hosp,2023-02-25,06,quantile,0.99,711.8
2023-02-06,3 wk ahead inc flu hosp,2023-02-25,04,quantile,0.99,268.3
2023-02-06,3 wk ahead inc flu hosp,2023-02-25,25,quantile,0.99,185.7
2023-02-06,3 wk ahead inc flu hosp,2023-02-25,55,quantile,0.99,236.2
2023-02-06,3 wk ahead inc flu hosp,2023-02-25,48,quantile,0.99,1314.6
2023-02-06,3 wk ahead inc flu hosp,2023-02-25,31,quantile,0.99,44.7
2023-02-06,3 wk ahead inc flu hosp,2023-02-25,49,quantile,0.99,50.1
2023-02-06,3 wk ahead inc flu hosp,2023-02-25,41,quantile,0.99,70.2
2023-02-06,3 wk ahead inc flu hosp,2023-02-25,12,quantile,0.99,1272
2023-02-06,3 wk ahead inc flu hosp,2023-02-25,36,quantile,0.99,769.8
2023-02-06,3 wk ahead inc flu hosp,2023-02-25,44,quantile,0.99,23.1
2023-02-06,3 wk ahead inc flu hosp,2023-02-25,13,quantile,0.99,364.3
2023-02-06,3 wk ahead inc flu hosp,2023-02-25,33,quantile,0.99,43.9
2023-02-06,3 wk ahead inc flu hosp,2023-02-25,37,quantile,0.99,217.6
2023-02-06,3 wk ahead inc flu hosp,2023-02-25,34,quantile,0.99,314.7
2023-02-06,3 wk ahead inc flu hosp,2023-02-25,08,quantile,0.99,161.3
2023-02-06,3 wk ahead inc flu hosp,2023-02-25,24,quantile,0.99,113.6
2023-02-06,3 wk ahead inc flu hosp,2023-02-25,32,quantile,0.99,50.2
2023-02-06,3 wk ahead inc flu hosp,2023-02-25,47,quantile,0.99,189.8
2023-02-06,3 wk ahead inc flu hosp,2023-02-25,15,quantile,0.99,48.1
2023-02-06,3 wk ahead inc flu hosp,2023-02-25,18,quantile,0.99,337.5
2023-02-06,3 wk ahead inc flu hosp,2023-02-25,21,quantile,0.99,105.5
2023-02-06,3 wk ahead inc flu hosp,2023-02-25,27,quantile,0.99,143.1
2023-02-06,3 wk ahead inc flu hosp,2023-02-25,40,quantile,0.99,190.8
2023-02-06,3 wk ahead inc flu hosp,2023-02-25,42,quantile,0.99,473.1
2023-02-06,3 wk ahead inc flu hosp,2023-02-25,45,quantile,0.99,240.9
2023-02-06,3 wk ahead inc flu hosp,2023-02-25,11,quantile,0.99,26.9
2023-02-06,3 wk ahead inc flu hosp,2023-02-25,20,quantile,0.99,117.2
2023-02-06,3 wk ahead inc flu hosp,2023-02-25,29,quantile,0.99,228.7
2023-02-06,3 wk ahead inc flu hosp,2023-02-25,50,quantile,0.99,22.9
2023-02-06,3 wk ahead inc flu hosp,2023-02-25,51,quantile,0.99,253.6
2023-02-06,3 wk ahead inc flu hosp,2023-02-25,09,quantile,0.99,83.8
2023-02-06,3 wk ahead inc flu hosp,2023-02-25,19,quantile,0.99,98
2023-02-06,3 wk ahead inc flu hosp,2023-02-25,22,quantile,0.99,136.4
2023-02-06,3 wk ahead inc flu hosp,2023-02-25,39,quantile,0.99,400.7
2023-02-06,3 wk ahead inc flu hosp,2023-02-25,26,quantile,0.99,393.5
2023-02-06,3 wk ahead inc flu hosp,2023-02-25,46,quantile,0.99,68
2023-02-06,3 wk ahead inc flu hosp,2023-02-25,05,quantile,0.99,123.8
2023-02-06,3 wk ahead inc flu hosp,2023-02-25,10,quantile,0.99,33.5
2023-02-06,3 wk ahead inc flu hosp,2023-02-25,28,quantile,0.99,69.1
2023-02-06,3 wk ahead inc flu hosp,2023-02-25,35,quantile,0.99,59.2
2023-02-06,3 wk ahead inc flu hosp,2023-02-25,38,quantile,0.99,42.8
2023-02-06,3 wk ahead inc flu hosp,2023-02-25,56,quantile,0.99,20
2023-02-06,3 wk ahead inc flu hosp,2023-02-25,02,quantile,0.99,23.7
2023-02-06,3 wk ahead inc flu hosp,2023-02-25,23,quantile,0.99,50
2023-02-06,3 wk ahead inc flu hosp,2023-02-25,01,quantile,0.99,120.1
2023-02-06,3 wk ahead inc flu hosp,2023-02-25,16,quantile,0.99,49.2
2023-02-06,3 wk ahead inc flu hosp,2023-02-25,30,quantile,0.99,43.5
2023-02-06,3 wk ahead inc flu hosp,2023-02-25,72,quantile,0.99,123.3
2023-02-06,3 wk ahead inc flu hosp,2023-02-25,78,quantile,0.99,0.6
2023-02-06,3 wk ahead inc flu hosp,2023-02-25,54,quantile,0.99,91.9
2023-02-06,4 wk ahead inc flu hosp,2023-03-04,53,quantile,0.99,118
2023-02-06,4 wk ahead inc flu hosp,2023-03-04,17,quantile,0.99,382.1
2023-02-06,4 wk ahead inc flu hosp,2023-03-04,06,quantile,0.99,1214.2
2023-02-06,4 wk ahead inc flu hosp,2023-03-04,04,quantile,0.99,241
2023-02-06,4 wk ahead inc flu hosp,2023-03-04,25,quantile,0.99,283.3
2023-02-06,4 wk ahead inc flu hosp,2023-03-04,55,quantile,0.99,153.6
2023-02-06,4 wk ahead inc flu hosp,2023-03-04,48,quantile,0.99,1041.1
2023-02-06,4 wk ahead inc flu hosp,2023-03-04,31,quantile,0.99,85.2
2023-02-06,4 wk ahead inc flu hosp,2023-03-04,49,quantile,0.99,78.4
2023-02-06,4 wk ahead inc flu hosp,2023-03-04,41,quantile,0.99,122.7
2023-02-06,4 wk ahead inc flu hosp,2023-03-04,12,quantile,0.99,1034.7
2023-02-06,4 wk ahead inc flu hosp,2023-03-04,36,quantile,0.99,488.9
2023-02-06,4 wk ahead inc flu hosp,2023-03-04,44,quantile,0.99,32.5
2023-02-06,4 wk ahead inc flu hosp,2023-03-04,13,quantile,0.99,429.6
2023-02-06,4 wk ahead inc flu hosp,2023-03-04,33,quantile,0.99,36.6
2023-02-06,4 wk ahead inc flu hosp,2023-03-04,37,quantile,0.99,202.7
2023-02-06,4 wk ahead inc flu hosp,2023-03-04,34,quantile,0.99,310
2023-02-06,4 wk ahead inc flu hosp,2023-03-04,08,quantile,0.99,153
2023-02-06,4 wk ahead inc flu hosp,2023-03-04,24,quantile,0.99,149.4
2023-02-06,4 wk ahead inc flu hosp,2023-03-04,32,quantile,0.99,78.4
2023-02-06,4 wk ahead inc flu hosp,2023-03-04,47,quantile,0.99,314.1
2023-02-06,4 wk ahead inc flu hosp,2023-03-04,15,quantile,0.99,65.2
2023-02-06,4 wk ahead inc flu hosp,2023-03-04,18,quantile,0.99,402
2023-02-06,4 wk ahead inc flu hosp,2023-03-04,21,quantile,0.99,98.4
2023-02-06,4 wk ahead inc flu hosp,2023-03-04,27,quantile,0.99,123.6
2023-02-06,4 wk ahead inc flu hosp,2023-03-04,40,quantile,0.99,247.6
2023-02-06,4 wk ahead inc flu hosp,2023-03-04,42,quantile,0.99,508
2023-02-06,4 wk ahead inc flu hosp,2023-03-04,45,quantile,0.99,385
2023-02-06,4 wk ahead inc flu hosp,2023-03-04,11,quantile,0.99,22
2023-02-06,4 wk ahead inc flu hosp,2023-03-04,20,quantile,0.99,172.2
2023-02-06,4 wk ahead inc flu hosp,2023-03-04,29,quantile,0.99,367.1
2023-02-06,4 wk ahead inc flu hosp,2023-03-04,50,quantile,0.99,15.5
2023-02-06,4 wk ahead inc flu hosp,2023-03-04,51,quantile,0.99,303.3
2023-02-06,4 wk ahead inc flu hosp,2023-03-04,09,quantile,0.99,96.4
2023-02-06,4 wk ahead inc flu hosp,2023-03-04,19,quantile,0.99,107
2023-02-06,4 wk ahead inc flu hosp,2023-03-04,22,quantile,0.99,280.4
2023-02-06,4 wk ahead inc flu hosp,2023-03-04,39,quantile,0.99,275.9
2023-02-06,4 wk ahead inc flu hosp,2023-03-04,26,quantile,0.99,432.2
2023-02-06,4 wk ahead inc flu hosp,2023-03-04,46,quantile,0.99,68.5
2023-02-06,4 wk ahead inc flu hosp,2023-03-04,05,quantile,0.99,194.8
2023-02-06,4 wk ahead inc flu hosp,2023-03-04,10,quantile,0.99,58.4
2023-02-06,4 wk ahead inc flu hosp,2023-03-04,28,quantile,0.99,107.4
2023-02-06,4 wk ahead inc flu hosp,2023-03-04,35,quantile,0.99,51.6
2023-02-06,4 wk ahead inc flu hosp,2023-03-04,38,quantile,0.99,40.1
2023-02-06,4 wk ahead inc flu hosp,2023-03-04,56,quantile,0.99,33.6
2023-02-06,4 wk ahead inc flu hosp,2023-03-04,02,quantile,0.99,24
2023-02-06,4 wk ahead inc flu hosp,2023-03-04,23,quantile,0.99,83.9
2023-02-06,4 wk ahead inc flu hosp,2023-03-04,01,quantile,0.99,261.5
2023-02-06,4 wk ahead inc flu hosp,2023-03-04,16,quantile,0.99,97.2
2023-02-06,4 wk ahead inc flu hosp,2023-03-04,30,quantile,0.99,39.7
2023-02-06,4 wk ahead inc flu hosp,2023-03-04,72,quantile,0.99,231.9
2023-02-06,4 wk ahead inc flu hosp,2023-03-04,78,quantile,0.99,1.3
2023-02-06,4 wk ahead inc flu hosp,2023-03-04,54,quantile,0.99,61.9
2023-02-06,1 wk ahead inc flu hosp,2023-02-11,53,point,NA,41.4
2023-02-06,1 wk ahead inc flu hosp,2023-02-11,17,point,NA,49.5
2023-02-06,1 wk ahead inc flu hosp,2023-02-11,06,point,NA,147
2023-02-06,1 wk ahead inc flu hosp,2023-02-11,04,point,NA,44.5
2023-02-06,1 wk ahead inc flu hosp,2023-02-11,25,point,NA,54.2
2023-02-06,1 wk ahead inc flu hosp,2023-02-11,55,point,NA,32.2
2023-02-06,1 wk ahead inc flu hosp,2023-02-11,48,point,NA,346.2
2023-02-06,1 wk ahead inc flu hosp,2023-02-11,31,point,NA,12.6
2023-02-06,1 wk ahead inc flu hosp,2023-02-11,49,point,NA,8.8
2023-02-06,1 wk ahead inc flu hosp,2023-02-11,41,point,NA,12.6
2023-02-06,1 wk ahead inc flu hosp,2023-02-11,12,point,NA,292.8
2023-02-06,1 wk ahead inc flu hosp,2023-02-11,36,point,NA,109
2023-02-06,1 wk ahead inc flu hosp,2023-02-11,44,point,NA,6.4
2023-02-06,1 wk ahead inc flu hosp,2023-02-11,13,point,NA,117.4
2023-02-06,1 wk ahead inc flu hosp,2023-02-11,33,point,NA,10.8
2023-02-06,1 wk ahead inc flu hosp,2023-02-11,37,point,NA,57
2023-02-06,1 wk ahead inc flu hosp,2023-02-11,34,point,NA,42.3
2023-02-06,1 wk ahead inc flu hosp,2023-02-11,08,point,NA,41.1
2023-02-06,1 wk ahead inc flu hosp,2023-02-11,24,point,NA,40.7
2023-02-06,1 wk ahead inc flu hosp,2023-02-11,32,point,NA,9.7
2023-02-06,1 wk ahead inc flu hosp,2023-02-11,47,point,NA,44
2023-02-06,1 wk ahead inc flu hosp,2023-02-11,15,point,NA,10.8
2023-02-06,1 wk ahead inc flu hosp,2023-02-11,18,point,NA,46.1
2023-02-06,1 wk ahead inc flu hosp,2023-02-11,21,point,NA,18.1
2023-02-06,1 wk ahead inc flu hosp,2023-02-11,27,point,NA,26.5
2023-02-06,1 wk ahead inc flu hosp,2023-02-11,40,point,NA,52.6
2023-02-06,1 wk ahead inc flu hosp,2023-02-11,42,point,NA,94.4
2023-02-06,1 wk ahead inc flu hosp,2023-02-11,45,point,NA,28.3
2023-02-06,1 wk ahead inc flu hosp,2023-02-11,11,point,NA,6.9
2023-02-06,1 wk ahead inc flu hosp,2023-02-11,20,point,NA,12.9
2023-02-06,1 wk ahead inc flu hosp,2023-02-11,29,point,NA,49.8
2023-02-06,1 wk ahead inc flu hosp,2023-02-11,50,point,NA,3.9
2023-02-06,1 wk ahead inc flu hosp,2023-02-11,51,point,NA,64.7
2023-02-06,1 wk ahead inc flu hosp,2023-02-11,09,point,NA,16.8
2023-02-06,1 wk ahead inc flu hosp,2023-02-11,19,point,NA,17.1
2023-02-06,1 wk ahead inc flu hosp,2023-02-11,22,point,NA,30.7
2023-02-06,1 wk ahead inc flu hosp,2023-02-11,39,point,NA,69.1
2023-02-06,1 wk ahead inc flu hosp,2023-02-11,26,point,NA,64.4
2023-02-06,1 wk ahead inc flu hosp,2023-02-11,46,point,NA,15.7
2023-02-06,1 wk ahead inc flu hosp,2023-02-11,05,point,NA,20.2
2023-02-06,1 wk ahead inc flu hosp,2023-02-11,10,point,NA,12.1
2023-02-06,1 wk ahead inc flu hosp,2023-02-11,28,point,NA,28.8
2023-02-06,1 wk ahead inc flu hosp,2023-02-11,35,point,NA,9.5
2023-02-06,1 wk ahead inc flu hosp,2023-02-11,38,point,NA,18.4
2023-02-06,1 wk ahead inc flu hosp,2023-02-11,56,point,NA,2.5
2023-02-06,1 wk ahead inc flu hosp,2023-02-11,02,point,NA,8.5
2023-02-06,1 wk ahead inc flu hosp,2023-02-11,23,point,NA,10.2
2023-02-06,1 wk ahead inc flu hosp,2023-02-11,01,point,NA,31.9
2023-02-06,1 wk ahead inc flu hosp,2023-02-11,16,point,NA,8.5
2023-02-06,1 wk ahead inc flu hosp,2023-02-11,30,point,NA,10.2
2023-02-06,1 wk ahead inc flu hosp,2023-02-11,72,point,NA,44.3
2023-02-06,1 wk ahead inc flu hosp,2023-02-11,78,point,NA,0
2023-02-06,1 wk ahead inc flu hosp,2023-02-11,54,point,NA,23.7
2023-02-06,2 wk ahead inc flu hosp,2023-02-18,53,point,NA,43.4
2023-02-06,2 wk ahead inc flu hosp,2023-02-18,17,point,NA,67.3
2023-02-06,2 wk ahead inc flu hosp,2023-02-18,06,point,NA,129.7
2023-02-06,2 wk ahead inc flu hosp,2023-02-18,04,point,NA,36.4
2023-02-06,2 wk ahead inc flu hosp,2023-02-18,25,point,NA,46.9
2023-02-06,2 wk ahead inc flu hosp,2023-02-18,55,point,NA,28.7
2023-02-06,2 wk ahead inc flu hosp,2023-02-18,48,point,NA,293.7
2023-02-06,2 wk ahead inc flu hosp,2023-02-18,31,point,NA,11.7
2023-02-06,2 wk ahead inc flu hosp,2023-02-18,49,point,NA,7.6
2023-02-06,2 wk ahead inc flu hosp,2023-02-18,41,point,NA,12.6
2023-02-06,2 wk ahead inc flu hosp,2023-02-18,12,point,NA,238.5
2023-02-06,2 wk ahead inc flu hosp,2023-02-18,36,point,NA,85.1
2023-02-06,2 wk ahead inc flu hosp,2023-02-18,44,point,NA,5.1
2023-02-06,2 wk ahead inc flu hosp,2023-02-18,13,point,NA,106.4
2023-02-06,2 wk ahead inc flu hosp,2023-02-18,33,point,NA,9.6
2023-02-06,2 wk ahead inc flu hosp,2023-02-18,37,point,NA,47.1
2023-02-06,2 wk ahead inc flu hosp,2023-02-18,34,point,NA,33.9
2023-02-06,2 wk ahead inc flu hosp,2023-02-18,08,point,NA,35.4
2023-02-06,2 wk ahead inc flu hosp,2023-02-18,24,point,NA,35.3
2023-02-06,2 wk ahead inc flu hosp,2023-02-18,32,point,NA,8.7
2023-02-06,2 wk ahead inc flu hosp,2023-02-18,47,point,NA,37.9
2023-02-06,2 wk ahead inc flu hosp,2023-02-18,15,point,NA,12.2
2023-02-06,2 wk ahead inc flu hosp,2023-02-18,18,point,NA,34.8
2023-02-06,2 wk ahead inc flu hosp,2023-02-18,21,point,NA,23.7
2023-02-06,2 wk ahead inc flu hosp,2023-02-18,27,point,NA,22.9
2023-02-06,2 wk ahead inc flu hosp,2023-02-18,40,point,NA,47.1
2023-02-06,2 wk ahead inc flu hosp,2023-02-18,42,point,NA,71.6
2023-02-06,2 wk ahead inc flu hosp,2023-02-18,45,point,NA,27.3
2023-02-06,2 wk ahead inc flu hosp,2023-02-18,11,point,NA,6.1
2023-02-06,2 wk ahead inc flu hosp,2023-02-18,20,point,NA,14.8
2023-02-06,2 wk ahead inc flu hosp,2023-02-18,29,point,NA,45.2
2023-02-06,2 wk ahead inc flu hosp,2023-02-18,50,point,NA,4.9
2023-02-06,2 wk ahead inc flu hosp,2023-02-18,51,point,NA,62.4
2023-02-06,2 wk ahead inc flu hosp,2023-02-18,09,point,NA,20.5
2023-02-06,2 wk ahead inc flu hosp,2023-02-18,19,point,NA,22.1
2023-02-06,2 wk ahead inc flu hosp,2023-02-18,22,point,NA,29.5
2023-02-06,2 wk ahead inc flu hosp,2023-02-18,39,point,NA,50.2
2023-02-06,2 wk ahead inc flu hosp,2023-02-18,26,point,NA,52.5
2023-02-06,2 wk ahead inc flu hosp,2023-02-18,46,point,NA,17.5
2023-02-06,2 wk ahead inc flu hosp,2023-02-18,05,point,NA,17.2
2023-02-06,2 wk ahead inc flu hosp,2023-02-18,10,point,NA,12.9
2023-02-06,2 wk ahead inc flu hosp,2023-02-18,28,point,NA,21.5
2023-02-06,2 wk ahead inc flu hosp,2023-02-18,35,point,NA,12.8
2023-02-06,2 wk ahead inc flu hosp,2023-02-18,38,point,NA,11.1
2023-02-06,2 wk ahead inc flu hosp,2023-02-18,56,point,NA,3.3
2023-02-06,2 wk ahead inc flu hosp,2023-02-18,02,point,NA,8.5
2023-02-06,2 wk ahead inc flu hosp,2023-02-18,23,point,NA,9.3
2023-02-06,2 wk ahead inc flu hosp,2023-02-18,01,point,NA,28.3
2023-02-06,2 wk ahead inc flu hosp,2023-02-18,16,point,NA,11.3
2023-02-06,2 wk ahead inc flu hosp,2023-02-18,30,point,NA,10.1
2023-02-06,2 wk ahead inc flu hosp,2023-02-18,72,point,NA,36.7
2023-02-06,2 wk ahead inc flu hosp,2023-02-18,78,point,NA,0
2023-02-06,2 wk ahead inc flu hosp,2023-02-18,54,point,NA,19.8
2023-02-06,3 wk ahead inc flu hosp,2023-02-25,53,point,NA,46.1
2023-02-06,3 wk ahead inc flu hosp,2023-02-25,17,point,NA,53.3
2023-02-06,3 wk ahead inc flu hosp,2023-02-25,06,point,NA,138.7
2023-02-06,3 wk ahead inc flu hosp,2023-02-25,04,point,NA,42.4
2023-02-06,3 wk ahead inc flu hosp,2023-02-25,25,point,NA,34.6
2023-02-06,3 wk ahead inc flu hosp,2023-02-25,55,point,NA,38
2023-02-06,3 wk ahead inc flu hosp,2023-02-25,48,point,NA,272.6
2023-02-06,3 wk ahead inc flu hosp,2023-02-25,31,point,NA,7.3
2023-02-06,3 wk ahead inc flu hosp,2023-02-25,49,point,NA,8.9
2023-02-06,3 wk ahead inc flu hosp,2023-02-25,41,point,NA,11.4
2023-02-06,3 wk ahead inc flu hosp,2023-02-25,12,point,NA,336.7
2023-02-06,3 wk ahead inc flu hosp,2023-02-25,36,point,NA,113.8
2023-02-06,3 wk ahead inc flu hosp,2023-02-25,44,point,NA,4.3
2023-02-06,3 wk ahead inc flu hosp,2023-02-25,13,point,NA,112.9
2023-02-06,3 wk ahead inc flu hosp,2023-02-25,33,point,NA,6.8
2023-02-06,3 wk ahead inc flu hosp,2023-02-25,37,point,NA,59.5
2023-02-06,3 wk ahead inc flu hosp,2023-02-25,34,point,NA,49.5
2023-02-06,3 wk ahead inc flu hosp,2023-02-25,08,point,NA,42.1
2023-02-06,3 wk ahead inc flu hosp,2023-02-25,24,point,NA,37.5
2023-02-06,3 wk ahead inc flu hosp,2023-02-25,32,point,NA,8.3
2023-02-06,3 wk ahead inc flu hosp,2023-02-25,47,point,NA,39.7
2023-02-06,3 wk ahead inc flu hosp,2023-02-25,15,point,NA,12.8
2023-02-06,3 wk ahead inc flu hosp,2023-02-25,18,point,NA,45
2023-02-06,3 wk ahead inc flu hosp,2023-02-25,21,point,NA,17.3
2023-02-06,3 wk ahead inc flu hosp,2023-02-25,27,point,NA,25.3
2023-02-06,3 wk ahead inc flu hosp,2023-02-25,40,point,NA,42.5
2023-02-06,3 wk ahead inc flu hosp,2023-02-25,42,point,NA,67.2
2023-02-06,3 wk ahead inc flu hosp,2023-02-25,45,point,NA,35.8
2023-02-06,3 wk ahead inc flu hosp,2023-02-25,11,point,NA,5.5
2023-02-06,3 wk ahead inc flu hosp,2023-02-25,20,point,NA,15.1
2023-02-06,3 wk ahead inc flu hosp,2023-02-25,29,point,NA,47.6
2023-02-06,3 wk ahead inc flu hosp,2023-02-25,50,point,NA,3.5
2023-02-06,3 wk ahead inc flu hosp,2023-02-25,51,point,NA,57
2023-02-06,3 wk ahead inc flu hosp,2023-02-25,09,point,NA,18.1
2023-02-06,3 wk ahead inc flu hosp,2023-02-25,19,point,NA,13.5
2023-02-06,3 wk ahead inc flu hosp,2023-02-25,22,point,NA,24
2023-02-06,3 wk ahead inc flu hosp,2023-02-25,39,point,NA,71.8
2023-02-06,3 wk ahead inc flu hosp,2023-02-25,26,point,NA,47.1
2023-02-06,3 wk ahead inc flu hosp,2023-02-25,46,point,NA,12.4
2023-02-06,3 wk ahead inc flu hosp,2023-02-25,05,point,NA,20.1
2023-02-06,3 wk ahead inc flu hosp,2023-02-25,10,point,NA,9.3
2023-02-06,3 wk ahead inc flu hosp,2023-02-25,28,point,NA,19.5
2023-02-06,3 wk ahead inc flu hosp,2023-02-25,35,point,NA,13
2023-02-06,3 wk ahead inc flu hosp,2023-02-25,38,point,NA,10.9
2023-02-06,3 wk ahead inc flu hosp,2023-02-25,56,point,NA,3.2
2023-02-06,3 wk ahead inc flu hosp,2023-02-25,02,point,NA,6.4
2023-02-06,3 wk ahead inc flu hosp,2023-02-25,23,point,NA,7.2
2023-02-06,3 wk ahead inc flu hosp,2023-02-25,01,point,NA,24.6
2023-02-06,3 wk ahead inc flu hosp,2023-02-25,16,point,NA,7.9
2023-02-06,3 wk ahead inc flu hosp,2023-02-25,30,point,NA,8.3
2023-02-06,3 wk ahead inc flu hosp,2023-02-25,72,point,NA,34.2
2023-02-06,3 wk ahead inc flu hosp,2023-02-25,78,point,NA,0
2023-02-06,3 wk ahead inc flu hosp,2023-02-25,54,point,NA,17.7
2023-02-06,4 wk ahead inc flu hosp,2023-03-04,53,point,NA,32.2
2023-02-06,4 wk ahead inc flu hosp,2023-03-04,17,point,NA,58.3
2023-02-06,4 wk ahead inc flu hosp,2023-03-04,06,point,NA,190.9
2023-02-06,4 wk ahead inc flu hosp,2023-03-04,04,point,NA,48.5
2023-02-06,4 wk ahead inc flu hosp,2023-03-04,25,point,NA,60.3
2023-02-06,4 wk ahead inc flu hosp,2023-03-04,55,point,NA,33.6
2023-02-06,4 wk ahead inc flu hosp,2023-03-04,48,point,NA,235.3
2023-02-06,4 wk ahead inc flu hosp,2023-03-04,31,point,NA,18.2
2023-02-06,4 wk ahead inc flu hosp,2023-03-04,49,point,NA,10.6
2023-02-06,4 wk ahead inc flu hosp,2023-03-04,41,point,NA,15.8
2023-02-06,4 wk ahead inc flu hosp,2023-03-04,12,point,NA,236.5
2023-02-06,4 wk ahead inc flu hosp,2023-03-04,36,point,NA,107.1
2023-02-06,4 wk ahead inc flu hosp,2023-03-04,44,point,NA,4.5
2023-02-06,4 wk ahead inc flu hosp,2023-03-04,13,point,NA,113.1
2023-02-06,4 wk ahead inc flu hosp,2023-03-04,33,point,NA,9.3
2023-02-06,4 wk ahead inc flu hosp,2023-03-04,37,point,NA,57.5
2023-02-06,4 wk ahead inc flu hosp,2023-03-04,34,point,NA,51.9
2023-02-06,4 wk ahead inc flu hosp,2023-03-04,08,point,NA,38.9
2023-02-06,4 wk ahead inc flu hosp,2023-03-04,24,point,NA,34
2023-02-06,4 wk ahead inc flu hosp,2023-03-04,32,point,NA,10.9
2023-02-06,4 wk ahead inc flu hosp,2023-03-04,47,point,NA,53.1
2023-02-06,4 wk ahead inc flu hosp,2023-03-04,15,point,NA,15.5
2023-02-06,4 wk ahead inc flu hosp,2023-03-04,18,point,NA,52.2
2023-02-06,4 wk ahead inc flu hosp,2023-03-04,21,point,NA,14.9
2023-02-06,4 wk ahead inc flu hosp,2023-03-04,27,point,NA,22.8
2023-02-06,4 wk ahead inc flu hosp,2023-03-04,40,point,NA,52.8
2023-02-06,4 wk ahead inc flu hosp,2023-03-04,42,point,NA,75
2023-02-06,4 wk ahead inc flu hosp,2023-03-04,45,point,NA,44
2023-02-06,4 wk ahead inc flu hosp,2023-03-04,11,point,NA,5.5
2023-02-06,4 wk ahead inc flu hosp,2023-03-04,20,point,NA,22.8
2023-02-06,4 wk ahead inc flu hosp,2023-03-04,29,point,NA,56.6
2023-02-06,4 wk ahead inc flu hosp,2023-03-04,50,point,NA,3
2023-02-06,4 wk ahead inc flu hosp,2023-03-04,51,point,NA,66.4
2023-02-06,4 wk ahead inc flu hosp,2023-03-04,09,point,NA,19.1
2023-02-06,4 wk ahead inc flu hosp,2023-03-04,19,point,NA,29
2023-02-06,4 wk ahead inc flu hosp,2023-03-04,22,point,NA,26.6
2023-02-06,4 wk ahead inc flu hosp,2023-03-04,39,point,NA,73
2023-02-06,4 wk ahead inc flu hosp,2023-03-04,26,point,NA,60.3
2023-02-06,4 wk ahead inc flu hosp,2023-03-04,46,point,NA,12.3
2023-02-06,4 wk ahead inc flu hosp,2023-03-04,05,point,NA,26.3
2023-02-06,4 wk ahead inc flu hosp,2023-03-04,10,point,NA,8.7
2023-02-06,4 wk ahead inc flu hosp,2023-03-04,28,point,NA,17.6
2023-02-06,4 wk ahead inc flu hosp,2023-03-04,35,point,NA,11
2023-02-06,4 wk ahead inc flu hosp,2023-03-04,38,point,NA,8.8
2023-02-06,4 wk ahead inc flu hosp,2023-03-04,56,point,NA,4.2
2023-02-06,4 wk ahead inc flu hosp,2023-03-04,02,point,NA,5.3
2023-02-06,4 wk ahead inc flu hosp,2023-03-04,23,point,NA,11.2
2023-02-06,4 wk ahead inc flu hosp,2023-03-04,01,point,NA,30.3
2023-02-06,4 wk ahead inc flu hosp,2023-03-04,16,point,NA,12.3
2023-02-06,4 wk ahead inc flu hosp,2023-03-04,30,point,NA,7.2
2023-02-06,4 wk ahead inc flu hosp,2023-03-04,72,point,NA,48.6
2023-02-06,4 wk ahead inc flu hosp,2023-03-04,78,point,NA,0.1
2023-02-06,4 wk ahead inc flu hosp,2023-03-04,54,point,NA,14.2
2023-02-06,1 wk ahead inc flu hosp,2023-02-11,US,quantile,0.01,6.1
2023-02-06,2 wk ahead inc flu hosp,2023-02-18,US,quantile,0.01,14.1
2023-02-06,3 wk ahead inc flu hosp,2023-02-25,US,quantile,0.01,10.3
2023-02-06,4 wk ahead inc flu hosp,2023-03-04,US,quantile,0.01,0
2023-02-06,1 wk ahead inc flu hosp,2023-02-11,US,quantile,0.025,35
2023-02-06,2 wk ahead inc flu hosp,2023-02-18,US,quantile,0.025,44.2
2023-02-06,3 wk ahead inc flu hosp,2023-02-25,US,quantile,0.025,32.6
2023-02-06,4 wk ahead inc flu hosp,2023-03-04,US,quantile,0.025,0
2023-02-06,1 wk ahead inc flu hosp,2023-02-11,US,quantile,0.05,176.6
2023-02-06,2 wk ahead inc flu hosp,2023-02-18,US,quantile,0.05,130.8
2023-02-06,3 wk ahead inc flu hosp,2023-02-25,US,quantile,0.05,57.6
2023-02-06,4 wk ahead inc flu hosp,2023-03-04,US,quantile,0.05,11.2
2023-02-06,1 wk ahead inc flu hosp,2023-02-11,US,quantile,0.1,606.7
2023-02-06,2 wk ahead inc flu hosp,2023-02-18,US,quantile,0.1,331.1
2023-02-06,3 wk ahead inc flu hosp,2023-02-25,US,quantile,0.1,201.5
2023-02-06,4 wk ahead inc flu hosp,2023-03-04,US,quantile,0.1,105.6
2023-02-06,1 wk ahead inc flu hosp,2023-02-11,US,quantile,0.15,925
2023-02-06,2 wk ahead inc flu hosp,2023-02-18,US,quantile,0.15,549.1
2023-02-06,3 wk ahead inc flu hosp,2023-02-25,US,quantile,0.15,350.5
2023-02-06,4 wk ahead inc flu hosp,2023-03-04,US,quantile,0.15,296.8
2023-02-06,1 wk ahead inc flu hosp,2023-02-11,US,quantile,0.2,1179.8
2023-02-06,2 wk ahead inc flu hosp,2023-02-18,US,quantile,0.2,772.7
2023-02-06,3 wk ahead inc flu hosp,2023-02-25,US,quantile,0.2,520.9
2023-02-06,4 wk ahead inc flu hosp,2023-03-04,US,quantile,0.2,537.9
2023-02-06,1 wk ahead inc flu hosp,2023-02-11,US,quantile,0.25,1380.4
2023-02-06,2 wk ahead inc flu hosp,2023-02-18,US,quantile,0.25,961.5
2023-02-06,3 wk ahead inc flu hosp,2023-02-25,US,quantile,0.25,721.2
2023-02-06,4 wk ahead inc flu hosp,2023-03-04,US,quantile,0.25,750.7
2023-02-06,1 wk ahead inc flu hosp,2023-02-11,US,quantile,0.3,1534.4
2023-02-06,2 wk ahead inc flu hosp,2023-02-18,US,quantile,0.3,1134.2
2023-02-06,3 wk ahead inc flu hosp,2023-02-25,US,quantile,0.3,930.3
2023-02-06,4 wk ahead inc flu hosp,2023-03-04,US,quantile,0.3,949.6
2023-02-06,1 wk ahead inc flu hosp,2023-02-11,US,quantile,0.35,1676.5
2023-02-06,2 wk ahead inc flu hosp,2023-02-18,US,quantile,0.35,1303.9
2023-02-06,3 wk ahead inc flu hosp,2023-02-25,US,quantile,0.35,1102.2
2023-02-06,4 wk ahead inc flu hosp,2023-03-04,US,quantile,0.35,1129.5
2023-02-06,1 wk ahead inc flu hosp,2023-02-11,US,quantile,0.4,1796.5
2023-02-06,2 wk ahead inc flu hosp,2023-02-18,US,quantile,0.4,1447.1
2023-02-06,3 wk ahead inc flu hosp,2023-02-25,US,quantile,0.4,1297.9
2023-02-06,4 wk ahead inc flu hosp,2023-03-04,US,quantile,0.4,1314.7
2023-02-06,1 wk ahead inc flu hosp,2023-02-11,US,quantile,0.45,1937.9
2023-02-06,2 wk ahead inc flu hosp,2023-02-18,US,quantile,0.45,1578.9
2023-02-06,3 wk ahead inc flu hosp,2023-02-25,US,quantile,0.45,1479.6
2023-02-06,4 wk ahead inc flu hosp,2023-03-04,US,quantile,0.45,1478
2023-02-06,1 wk ahead inc flu hosp,2023-02-11,US,quantile,0.5,2082.1
2023-02-06,2 wk ahead inc flu hosp,2023-02-18,US,quantile,0.5,1732.1
2023-02-06,3 wk ahead inc flu hosp,2023-02-25,US,quantile,0.5,1678.6
2023-02-06,4 wk ahead inc flu hosp,2023-03-04,US,quantile,0.5,1668.8
2023-02-06,1 wk ahead inc flu hosp,2023-02-11,US,quantile,0.55,2229.7
2023-02-06,2 wk ahead inc flu hosp,2023-02-18,US,quantile,0.55,1891.3
2023-02-06,3 wk ahead inc flu hosp,2023-02-25,US,quantile,0.55,1864.8
2023-02-06,4 wk ahead inc flu hosp,2023-03-04,US,quantile,0.55,1873.9
2023-02-06,1 wk ahead inc flu hosp,2023-02-11,US,quantile,0.6,2378
2023-02-06,2 wk ahead inc flu hosp,2023-02-18,US,quantile,0.6,2059.2
2023-02-06,3 wk ahead inc flu hosp,2023-02-25,US,quantile,0.6,2081.2
2023-02-06,4 wk ahead inc flu hosp,2023-03-04,US,quantile,0.6,2092.4
2023-02-06,1 wk ahead inc flu hosp,2023-02-11,US,quantile,0.65,2559.2
2023-02-06,2 wk ahead inc flu hosp,2023-02-18,US,quantile,0.65,2261.5
2023-02-06,3 wk ahead inc flu hosp,2023-02-25,US,quantile,0.65,2318
2023-02-06,4 wk ahead inc flu hosp,2023-03-04,US,quantile,0.65,2359.9
2023-02-06,1 wk ahead inc flu hosp,2023-02-11,US,quantile,0.7,2769.8
2023-02-06,2 wk ahead inc flu hosp,2023-02-18,US,quantile,0.7,2485.7
2023-02-06,3 wk ahead inc flu hosp,2023-02-25,US,quantile,0.7,2612.9
2023-02-06,4 wk ahead inc flu hosp,2023-03-04,US,quantile,0.7,2655.8
2023-02-06,1 wk ahead inc flu hosp,2023-02-11,US,quantile,0.75,3019.2
2023-02-06,2 wk ahead inc flu hosp,2023-02-18,US,quantile,0.75,2771.1
2023-02-06,3 wk ahead inc flu hosp,2023-02-25,US,quantile,0.75,2929.7
2023-02-06,4 wk ahead inc flu hosp,2023-03-04,US,quantile,0.75,3019.7
2023-02-06,1 wk ahead inc flu hosp,2023-02-11,US,quantile,0.8,3358.9
2023-02-06,2 wk ahead inc flu hosp,2023-02-18,US,quantile,0.8,3125.6
2023-02-06,3 wk ahead inc flu hosp,2023-02-25,US,quantile,0.8,3303.8
2023-02-06,4 wk ahead inc flu hosp,2023-03-04,US,quantile,0.8,3446.1
2023-02-06,1 wk ahead inc flu hosp,2023-02-11,US,quantile,0.85,3769.1
2023-02-06,2 wk ahead inc flu hosp,2023-02-18,US,quantile,0.85,3591.2
2023-02-06,3 wk ahead inc flu hosp,2023-02-25,US,quantile,0.85,3872.6
2023-02-06,4 wk ahead inc flu hosp,2023-03-04,US,quantile,0.85,3995.7
2023-02-06,1 wk ahead inc flu hosp,2023-02-11,US,quantile,0.9,4351.9
2023-02-06,2 wk ahead inc flu hosp,2023-02-18,US,quantile,0.9,4276.3
2023-02-06,3 wk ahead inc flu hosp,2023-02-25,US,quantile,0.9,4746.1
2023-02-06,4 wk ahead inc flu hosp,2023-03-04,US,quantile,0.9,4826.4
2023-02-06,1 wk ahead inc flu hosp,2023-02-11,US,quantile,0.95,5485.4
2023-02-06,2 wk ahead inc flu hosp,2023-02-18,US,quantile,0.95,5403.7
2023-02-06,3 wk ahead inc flu hosp,2023-02-25,US,quantile,0.95,6423.7
2023-02-06,4 wk ahead inc flu hosp,2023-03-04,US,quantile,0.95,6817.1
2023-02-06,1 wk ahead inc flu hosp,2023-02-11,US,quantile,0.975,6738.8
2023-02-06,2 wk ahead inc flu hosp,2023-02-18,US,quantile,0.975,6379.5
2023-02-06,3 wk ahead inc flu hosp,2023-02-25,US,quantile,0.975,8434.1
2023-02-06,4 wk ahead inc flu hosp,2023-03-04,US,quantile,0.975,9342.7
2023-02-06,1 wk ahead inc flu hosp,2023-02-11,US,quantile,0.99,8655.9
2023-02-06,2 wk ahead inc flu hosp,2023-02-18,US,quantile,0.99,7855.6
2023-02-06,3 wk ahead inc flu hosp,2023-02-25,US,quantile,0.99,11158.8
2023-02-06,4 wk ahead inc flu hosp,2023-03-04,US,quantile,0.99,12211.2
2023-02-06,1 wk ahead inc flu hosp,2023-02-11,US,point,NA,2380.5
2023-02-06,2 wk ahead inc flu hosp,2023-02-18,US,point,NA,2090.5
2023-02-06,3 wk ahead inc flu hosp,2023-02-25,US,point,NA,2208.7
2023-02-06,4 wk ahead inc flu hosp,2023-03-04,US,point,NA,2278.8
